from	to
HGNC:100	ENSG00000110881
HGNC:10000	ENSG00000117152
HGNC:10001	ENSG00000143248
HGNC:10002	ENSG00000182732
HGNC:10003	ENSG00000182901
HGNC:10004	ENSG00000108370
HGNC:10006	ENSG00000112077
HGNC:10007	ENSG00000103269
HGNC:10008	ENSG00000188672
HGNC:10009	ENSG00000187010
HGNC:1001	ENSG00000113916
HGNC:10010	ENSG00000229927
HGNC:10011	ENSG00000106615
HGNC:10012	ENSG00000163914
HGNC:10013	ENSG00000185974
HGNC:10017	ENSG00000152214
HGNC:10018	ENSG00000204227
HGNC:10019	ENSG00000137275
HGNC:1002	ENSG00000161940
HGNC:10020	ENSG00000104312
HGNC:10021	ENSG00000129465
HGNC:10023	ENSG00000143622
HGNC:10024	ENSG00000140522
HGNC:10025	ENSG00000117000
HGNC:10026	ENSG00000107018
HGNC:10027	ENSG00000107014
HGNC:10031	ENSG00000277027
HGNC:10037	ENSG00000283293
HGNC:10038	ENSG00000276168
HGNC:10039	ENSG00000263740
HGNC:1004	ENSG00000110987
HGNC:10040	ENSG00000265735
HGNC:10042	ENSG00000266794
HGNC:10043	ENSG00000243352
HGNC:10044	ENSG00000129538
HGNC:10045	ENSG00000169385
HGNC:10046	ENSG00000169397
HGNC:10047	ENSG00000258818
HGNC:10048	ENSG00000169413
HGNC:10049	ENSG00000265790
HGNC:1005	ENSG00000106635
HGNC:10050	ENSG00000135828
HGNC:10055	ENSG00000022840
HGNC:10056	ENSG00000123091
HGNC:10057	ENSG00000082996
HGNC:10058	ENSG00000013561
HGNC:10059	ENSG00000112343
HGNC:1006	ENSG00000099385
HGNC:10060	ENSG00000132972
HGNC:10061	ENSG00000121481
HGNC:10062	ENSG00000155827
HGNC:10063	ENSG00000258659
HGNC:10064	ENSG00000110171
HGNC:10065	ENSG00000204599
HGNC:10066	ENSG00000185619
HGNC:10067	ENSG00000063978
HGNC:10068	ENSG00000204308
HGNC:10069	ENSG00000127870
HGNC:1007	ENSG00000258590
HGNC:10070	ENSG00000114125
HGNC:10071	ENSG00000112130
HGNC:10072	ENSG00000204613
HGNC:10073	ENSG00000111880
HGNC:10074	ENSG00000023191
HGNC:10075	ENSG00000101654
HGNC:10078	ENSG00000176393
HGNC:10079	ENSG00000142327
HGNC:1008	ENSG00000116128
HGNC:10080	ENSG00000205937
HGNC:10097	ENSG00000238578
HGNC:10098	ENSG00000238597
HGNC:10099	ENSG00000207500
HGNC:101	ENSG00000213199
HGNC:10103	ENSG00000201348
HGNC:10104	ENSG00000199212
HGNC:10105	ENSG00000209042
HGNC:10106	ENSG00000200320
HGNC:10107	ENSG00000202363
HGNC:10108	ENSG00000274978
HGNC:10109	ENSG00000201659
HGNC:10110	ENSG00000238498
HGNC:10112	ENSG00000239128
HGNC:10113	ENSG00000272034
HGNC:10114	ENSG00000206941
HGNC:10115	ENSG00000274266
HGNC:10116	ENSG00000200087
HGNC:10118	ENSG00000242125
HGNC:10119	ENSG00000200959
HGNC:1012	ENSG00000128617
HGNC:10120	ENSG00000206652
HGNC:10123	ENSG00000207005
HGNC:10128	ENSG00000207389
HGNC:10130	ENSG00000207513
HGNC:10133	ENSG00000207340
HGNC:10137	ENSG00000206702
HGNC:10139	ENSG00000199629
HGNC:1014	ENSG00000186716
HGNC:10140	ENSG00000195024
HGNC:10143	ENSG00000207280
HGNC:10144	ENSG00000206680
HGNC:10145	ENSG00000277194
HGNC:10146	ENSG00000206611
HGNC:10147	ENSG00000275043
HGNC:10148	ENSG00000276788
HGNC:10149	ENSG00000275996
HGNC:1015	ENSG00000169668
HGNC:10150	ENSG00000274544
HGNC:10152	ENSG00000222328
HGNC:10153	ENSG00000222076
HGNC:10154	ENSG00000277084
HGNC:10155	ENSG00000222465
HGNC:10157	ENSG00000277846
HGNC:10159	ENSG00000201675
HGNC:1016	ENSG00000284128
HGNC:10160	ENSG00000199631
HGNC:10161	ENSG00000202503
HGNC:10162	ENSG00000200259
HGNC:10163	ENSG00000199744
HGNC:10164	ENSG00000200831
HGNC:10165	ENSG00000252542
HGNC:10166	ENSG00000206775
HGNC:10168	ENSG00000265185
HGNC:1017	ENSG00000215456
HGNC:10175	ENSG00000200318
HGNC:10179	ENSG00000209702
HGNC:1018	ENSG00000235062
HGNC:10180	ENSG00000238649
HGNC:10181	ENSG00000238423
HGNC:10182	ENSG00000263764
HGNC:10184	ENSG00000207241
HGNC:10185	ENSG00000201487
HGNC:10186	ENSG00000200913
HGNC:10188	ENSG00000201823
HGNC:10189	ENSG00000277370
HGNC:10192	ENSG00000200795
HGNC:10193	ENSG00000202538
HGNC:10194	ENSG00000201628
HGNC:10195	ENSG00000201806
HGNC:10197	ENSG00000201458
HGNC:10198	ENSG00000272160
HGNC:10199	ENSG00000222736
HGNC:102	ENSG00000119946
HGNC:1020	ENSG00000074582
HGNC:10201	ENSG00000207047
HGNC:10202	ENSG00000201754
HGNC:10203	ENSG00000265145
HGNC:10204	ENSG00000238650
HGNC:10205	ENSG00000264294
HGNC:10206	ENSG00000229686
HGNC:10207	ENSG00000226572
HGNC:10208	ENSG00000206602
HGNC:10209	ENSG00000271982
HGNC:10210	ENSG00000207031
HGNC:10211	ENSG00000199568
HGNC:10212	ENSG00000200156
HGNC:10214	ENSG00000200169
HGNC:10215	ENSG00000199347
HGNC:10216	ENSG00000199377
HGNC:10217	ENSG00000206630
HGNC:10218	ENSG00000206979
HGNC:10219	ENSG00000235284
HGNC:1022	ENSG00000236824
HGNC:10220	ENSG00000206989
HGNC:10221	ENSG00000207405
HGNC:10222	ENSG00000201302
HGNC:10223	ENSG00000207523
HGNC:10224	ENSG00000277985
HGNC:10225	ENSG00000207166
HGNC:10226	ENSG00000206622
HGNC:10227	ENSG00000206625
HGNC:10228	ENSG00000272055
HGNC:10229	ENSG00000199226
HGNC:10230	ENSG00000206832
HGNC:10231	ENSG00000207165
HGNC:10232	ENSG00000225091
HGNC:10233	ENSG00000235408
HGNC:10234	ENSG00000207067
HGNC:10235	ENSG00000208797
HGNC:10239	ENSG00000239078
HGNC:10240	ENSG00000202400
HGNC:10241	ENSG00000164902
HGNC:10242	ENSG00000201098
HGNC:10243	ENSG00000202354
HGNC:10244	ENSG00000252316
HGNC:10247	ENSG00000202124
HGNC:10249	ENSG00000169855
HGNC:10250	ENSG00000185008
HGNC:10251	ENSG00000067900
HGNC:10252	ENSG00000134318
HGNC:10253	ENSG00000119314
HGNC:10254	ENSG00000149489
HGNC:10256	ENSG00000185483
HGNC:10257	ENSG00000169071
HGNC:10258	ENSG00000069667
HGNC:10259	ENSG00000198963
HGNC:10260	ENSG00000143365
HGNC:10261	ENSG00000047936
HGNC:10263	ENSG00000104237
HGNC:1027	ENSG00000161267
HGNC:10274	ENSG00000102218
HGNC:10288	ENSG00000164610
HGNC:10289	ENSG00000132383
HGNC:1029	ENSG00000100739
HGNC:10290	ENSG00000117748
HGNC:10291	ENSG00000106399
HGNC:10293	ENSG00000197713
HGNC:10294	ENSG00000116745
HGNC:10295	ENSG00000156313
HGNC:10296	ENSG00000181031
HGNC:10297	ENSG00000153574
HGNC:10298	ENSG00000147403
HGNC:10299	ENSG00000198755
HGNC:103	ENSG00000148842
HGNC:1030	ENSG00000168398
HGNC:10300	ENSG00000217026
HGNC:10301	ENSG00000142676
HGNC:10302	ENSG00000197958
HGNC:10303	ENSG00000167526
HGNC:10304	ENSG00000142541
HGNC:10305	ENSG00000188846
HGNC:10306	ENSG00000174748
HGNC:10307	ENSG00000265681
HGNC:10310	ENSG00000063177
HGNC:10311	ENSG00000105640
HGNC:10312	ENSG00000108298
HGNC:10313	ENSG00000122026
HGNC:10314	ENSG00000214760
HGNC:10315	ENSG00000116251
HGNC:10316	ENSG00000125691
HGNC:10317	ENSG00000198242
HGNC:10318	ENSG00000239257
HGNC:10319	ENSG00000225067
HGNC:10320	ENSG00000214914
HGNC:10321	ENSG00000212932
HGNC:10322	ENSG00000214026
HGNC:10324	ENSG00000176054
HGNC:10325	ENSG00000114391
HGNC:10327	ENSG00000161970
HGNC:10328	ENSG00000131469
HGNC:10329	ENSG00000166441
HGNC:1033	ENSG00000176697
HGNC:10330	ENSG00000108107
HGNC:10331	ENSG00000162244
HGNC:10332	ENSG00000100316
HGNC:10333	ENSG00000156482
HGNC:10334	ENSG00000071082
HGNC:10335	ENSG00000214326
HGNC:10336	ENSG00000144713
HGNC:10337	ENSG00000243761
HGNC:10338	ENSG00000236325
HGNC:10339	ENSG00000224796
HGNC:1034	ENSG00000126581
HGNC:10340	ENSG00000109475
HGNC:10341	ENSG00000237049
HGNC:10343	ENSG00000223671
HGNC:10344	ENSG00000136942
HGNC:10345	ENSG00000182899
HGNC:10346	ENSG00000165502
HGNC:10347	ENSG00000145592
HGNC:10348	ENSG00000197756
HGNC:10349	ENSG00000172809
HGNC:10350	ENSG00000198918
HGNC:10351	ENSG00000140986
HGNC:10352	ENSG00000228149
HGNC:10353	ENSG00000174444
HGNC:10354	ENSG00000229117
HGNC:10355	ENSG00000256393
HGNC:10356	ENSG00000227063
HGNC:10357	ENSG00000256338
HGNC:10359	ENSG00000241343
HGNC:1036	ENSG00000133169
HGNC:10360	ENSG00000122406
HGNC:10361	ENSG00000241061
HGNC:10362	ENSG00000089009
HGNC:10363	ENSG00000147604
HGNC:10364	ENSG00000148303
HGNC:10367	ENSG00000214485
HGNC:10368	ENSG00000161016
HGNC:10369	ENSG00000163682
HGNC:1037	ENSG00000243649
HGNC:10371	ENSG00000089157
HGNC:10372	ENSG00000137818
HGNC:10377	ENSG00000177600
HGNC:10378	ENSG00000262814
HGNC:10379	ENSG00000114686
HGNC:10380	ENSG00000128626
HGNC:10381	ENSG00000163902
HGNC:10382	ENSG00000118705
HGNC:10383	ENSG00000124614
HGNC:10384	ENSG00000142534
HGNC:10385	ENSG00000112306
HGNC:10386	ENSG00000110700
HGNC:10387	ENSG00000164587
HGNC:10388	ENSG00000115268
HGNC:10389	ENSG00000134419
HGNC:10396	ENSG00000105193
HGNC:10397	ENSG00000182774
HGNC:10398	ENSG00000197575
HGNC:104	ENSG00000168763
HGNC:1040	ENSG00000125864
HGNC:10401	ENSG00000231500
HGNC:10402	ENSG00000105372
HGNC:10404	ENSG00000140988
HGNC:10405	ENSG00000008988
HGNC:10407	ENSG00000241907
HGNC:10408	ENSG00000229761
HGNC:10409	ENSG00000171858
HGNC:1041	ENSG00000170819
HGNC:10410	ENSG00000186468
HGNC:10411	ENSG00000138326
HGNC:10412	ENSG00000236477
HGNC:10413	ENSG00000118181
HGNC:10414	ENSG00000197728
HGNC:10416	ENSG00000177954
HGNC:10417	ENSG00000143947
HGNC:10418	ENSG00000233927
HGNC:10419	ENSG00000213741
HGNC:10420	ENSG00000149273
HGNC:10421	ENSG00000145425
HGNC:10422	ENSG00000233206
HGNC:10424	ENSG00000198034
HGNC:10425	ENSG00000129824
HGNC:10426	ENSG00000083845
HGNC:10427	ENSG00000215088
HGNC:10429	ENSG00000137154
HGNC:1043	ENSG00000242252
HGNC:10430	ENSG00000117676
HGNC:10431	ENSG00000071242
HGNC:10432	ENSG00000177189
HGNC:10433	ENSG00000162302
HGNC:10434	ENSG00000100784
HGNC:10435	ENSG00000072133
HGNC:10436	ENSG00000108443
HGNC:10437	ENSG00000175634
HGNC:10439	ENSG00000136643
HGNC:1044	ENSG00000182492
HGNC:10440	ENSG00000171863
HGNC:10441	ENSG00000142937
HGNC:10442	ENSG00000170889
HGNC:10443	ENSG00000214889
HGNC:10445	ENSG00000144580
HGNC:10446	ENSG00000166592
HGNC:10447	ENSG00000126458
HGNC:10448	ENSG00000125844
HGNC:10449	ENSG00000124782
HGNC:10450	ENSG00000180245
HGNC:10451	ENSG00000167325
HGNC:10452	ENSG00000171848
HGNC:10454	ENSG00000236484
HGNC:10455	ENSG00000214018
HGNC:10456	ENSG00000235598
HGNC:10457	ENSG00000102104
HGNC:10458	ENSG00000215695
HGNC:1046	ENSG00000134107
HGNC:10461	ENSG00000130779
HGNC:10464	ENSG00000148484
HGNC:10466	ENSG00000114993
HGNC:10467	ENSG00000139970
HGNC:10468	ENSG00000125744
HGNC:10469	ENSG00000133318
HGNC:1047	ENSG00000145692
HGNC:10471	ENSG00000159216
HGNC:10472	ENSG00000124813
HGNC:10473	ENSG00000020633
HGNC:10474	ENSG00000175792
HGNC:10475	ENSG00000183207
HGNC:10477	ENSG00000186350
HGNC:10478	ENSG00000204231
HGNC:10479	ENSG00000143171
HGNC:1048	ENSG00000132840
HGNC:10480	ENSG00000163602
HGNC:10481	ENSG00000163785
HGNC:10482	ENSG00000263219
HGNC:10483	ENSG00000196218
HGNC:10484	ENSG00000198626
HGNC:10485	ENSG00000198838
HGNC:10486	ENSG00000160678
HGNC:10487	ENSG00000197747
HGNC:10488	ENSG00000163191
HGNC:10489	ENSG00000163221
HGNC:1049	ENSG00000151746
HGNC:10490	ENSG00000189171
HGNC:10491	ENSG00000237632
HGNC:10492	ENSG00000196754
HGNC:10493	ENSG00000188015
HGNC:10494	ENSG00000196154
HGNC:10495	ENSG00000196420
HGNC:10496	ENSG00000197956
HGNC:10497	ENSG00000143556
HGNC:10498	ENSG00000143546
HGNC:10499	ENSG00000163220
HGNC:105	ENSG00000158158
HGNC:1050	ENSG00000015475
HGNC:10500	ENSG00000160307
HGNC:10504	ENSG00000163993
HGNC:1051	ENSG00000100290
HGNC:10513	ENSG00000173432
HGNC:10514	ENSG00000134339
HGNC:10515	ENSG00000166787
HGNC:10516	ENSG00000148965
HGNC:10518	ENSG00000223501
HGNC:10519	ENSG00000151835
HGNC:1052	ENSG00000136717
HGNC:10520	ENSG00000160633
HGNC:10521	ENSG00000130561
HGNC:10522	ENSG00000005187
HGNC:10524	ENSG00000103449
HGNC:10525	ENSG00000227391
HGNC:10526	ENSG00000165821
HGNC:10527	ENSG00000256463
HGNC:10528	ENSG00000155307
HGNC:1053	ENSG00000110934
HGNC:10530	ENSG00000150459
HGNC:10532	ENSG00000164105
HGNC:10534	ENSG00000079332
HGNC:10535	ENSG00000152700
HGNC:10536	ENSG00000123453
HGNC:10537	ENSG00000031698
HGNC:10538	ENSG00000175467
HGNC:10539	ENSG00000135452
HGNC:1054	ENSG00000147439
HGNC:10540	ENSG00000130066
HGNC:10541	ENSG00000182568
HGNC:10542	ENSG00000100241
HGNC:10545	ENSG00000052802
HGNC:10546	ENSG00000224339
HGNC:10547	ENSG00000109929
HGNC:10548	ENSG00000124788
HGNC:10549	ENSG00000130638
HGNC:1055	ENSG00000166619
HGNC:10555	ENSG00000204842
HGNC:10560	ENSG00000163635
HGNC:10561	ENSG00000230223
HGNC:10563	ENSG00000085365
HGNC:10564	ENSG00000140497
HGNC:10565	ENSG00000116521
HGNC:10566	ENSG00000171222
HGNC:10567	ENSG00000176700
HGNC:10569	ENSG00000057149
HGNC:1057	ENSG00000136573
HGNC:10570	ENSG00000206073
HGNC:10571	ENSG00000099194
HGNC:10572	ENSG00000226549
HGNC:10573	ENSG00000136155
HGNC:10575	ENSG00000171951
HGNC:10576	ENSG00000105472
HGNC:10577	ENSG00000104435
HGNC:1058	ENSG00000197299
HGNC:10580	ENSG00000047634
HGNC:10581	ENSG00000102098
HGNC:10582	ENSG00000185313
HGNC:10583	ENSG00000168356
HGNC:10585	ENSG00000144285
HGNC:10586	ENSG00000105711
HGNC:10588	ENSG00000136531
HGNC:10589	ENSG00000149575
HGNC:1059	ENSG00000108578
HGNC:10590	ENSG00000153253
HGNC:10591	ENSG00000007314
HGNC:10592	ENSG00000177098
HGNC:10593	ENSG00000183873
HGNC:10594	ENSG00000136546
HGNC:10596	ENSG00000196876
HGNC:10597	ENSG00000169432
HGNC:10599	ENSG00000111319
HGNC:1060	ENSG00000160683
HGNC:10600	ENSG00000168447
HGNC:10601	ENSG00000162572
HGNC:10602	ENSG00000166828
HGNC:10603	ENSG00000133028
HGNC:10604	ENSG00000284194
HGNC:10606	ENSG00000116171
HGNC:10607	ENSG00000070031
HGNC:10608	ENSG00000080293
HGNC:10609	ENSG00000108702
HGNC:10610	ENSG00000172156
HGNC:10611	ENSG00000181374
HGNC:10612	ENSG00000276409
HGNC:10613	ENSG00000275718
HGNC:10614	ENSG00000275152
HGNC:10615	ENSG00000102970
HGNC:10616	ENSG00000275385
HGNC:10617	ENSG00000172724
HGNC:10618	ENSG00000108691
HGNC:10619	ENSG00000115009
HGNC:1062	ENSG00000106605
HGNC:10620	ENSG00000137077
HGNC:10621	ENSG00000102962
HGNC:10622	ENSG00000274736
HGNC:10623	ENSG00000106178
HGNC:10624	ENSG00000131142
HGNC:10625	ENSG00000006606
HGNC:10626	ENSG00000213927
HGNC:10627	ENSG00000277632
HGNC:10628	ENSG00000277796
HGNC:1063	ENSG00000090013
HGNC:10630	ENSG00000275302
HGNC:10632	ENSG00000271503
HGNC:10634	ENSG00000108688
HGNC:10635	ENSG00000108700
HGNC:10637	ENSG00000169245
HGNC:10638	ENSG00000169248
HGNC:10639	ENSG00000156234
HGNC:10640	ENSG00000145824
HGNC:10641	ENSG00000250339
HGNC:10642	ENSG00000163735
HGNC:10643	ENSG00000124875
HGNC:10645	ENSG00000143184
HGNC:10646	ENSG00000143185
HGNC:10647	ENSG00000006210
HGNC:10648	ENSG00000164022
HGNC:1065	ENSG00000117475
HGNC:10658	ENSG00000115884
HGNC:10659	ENSG00000169439
HGNC:1066	ENSG00000168283
HGNC:10660	ENSG00000162512
HGNC:10661	ENSG00000124145
HGNC:10662	ENSG00000137575
HGNC:10663	ENSG00000165525
HGNC:10664	ENSG00000153015
HGNC:10665	ENSG00000156697
HGNC:10666	ENSG00000214530
HGNC:10667	ENSG00000165689
HGNC:10668	ENSG00000188747
HGNC:10669	ENSG00000179981
HGNC:1067	ENSG00000168487
HGNC:10671	ENSG00000054282
HGNC:10672	ENSG00000107562
HGNC:10675	ENSG00000132581
HGNC:10676	ENSG00000128228
HGNC:1068	ENSG00000130385
HGNC:10680	ENSG00000073578
HGNC:10681	ENSG00000117118
HGNC:10682	ENSG00000143252
HGNC:10683	ENSG00000204370
HGNC:10684	ENSG00000267162
HGNC:10685	ENSG00000227073
HGNC:10686	ENSG00000244381
HGNC:10687	ENSG00000236930
HGNC:10688	ENSG00000229744
HGNC:10689	ENSG00000224183
HGNC:1069	ENSG00000125845
HGNC:10690	ENSG00000168497
HGNC:10691	ENSG00000135094
HGNC:10696	ENSG00000070367
HGNC:10697	ENSG00000157020
HGNC:10698	ENSG00000129657
HGNC:10699	ENSG00000100003
HGNC:1070	ENSG00000152785
HGNC:10700	ENSG00000265808
HGNC:10701	ENSG00000100934
HGNC:10702	ENSG00000101310
HGNC:10703	ENSG00000113615
HGNC:10704	ENSG00000138802
HGNC:10705	ENSG00000176986
HGNC:10706	ENSG00000150961
HGNC:10707	ENSG00000141574
HGNC:1071	ENSG00000125378
HGNC:10710	ENSG00000256060
HGNC:10711	ENSG00000253124
HGNC:10712	ENSG00000224964
HGNC:10713	ENSG00000232914
HGNC:10714	ENSG00000225256
HGNC:10716	ENSG00000249606
HGNC:10717	ENSG00000071537
HGNC:10718	ENSG00000007908
HGNC:10719	ENSG00000143416
HGNC:1072	ENSG00000112175
HGNC:10720	ENSG00000188404
HGNC:10721	ENSG00000174175
HGNC:10722	ENSG00000110876
HGNC:10723	ENSG00000075213
HGNC:10724	ENSG00000012171
HGNC:10725	ENSG00000075223
HGNC:10726	ENSG00000153993
HGNC:10727	ENSG00000170381
HGNC:10728	ENSG00000001617
HGNC:10729	ENSG00000196189
HGNC:1073	ENSG00000153162
HGNC:10730	ENSG00000185033
HGNC:10731	ENSG00000168758
HGNC:10732	ENSG00000187764
HGNC:10734	ENSG00000135622
HGNC:10735	ENSG00000095539
HGNC:10736	ENSG00000112902
HGNC:10737	ENSG00000082684
HGNC:10738	ENSG00000092421
HGNC:10739	ENSG00000167680
HGNC:1074	ENSG00000101144
HGNC:10740	ENSG00000143434
HGNC:10741	ENSG00000138623
HGNC:10742	ENSG00000124233
HGNC:10743	ENSG00000124157
HGNC:1075	ENSG00000116985
HGNC:10750	ENSG00000100167
HGNC:10751	ENSG00000250722
HGNC:10752	ENSG00000178980
HGNC:10753	ENSG00000215900
HGNC:10755	ENSG00000172058
HGNC:10756	ENSG00000205572
HGNC:10757	ENSG00000140264
HGNC:10759	ENSG00000120742
HGNC:1076	ENSG00000107779
HGNC:10760	ENSG00000119335
HGNC:10761	ENSG00000143379
HGNC:10762	ENSG00000170364
HGNC:10763	ENSG00000100095
HGNC:10765	ENSG00000099995
HGNC:10766	ENSG00000104897
HGNC:10767	ENSG00000183431
HGNC:10768	ENSG00000115524
HGNC:10769	ENSG00000087365
HGNC:1077	ENSG00000138696
HGNC:10770	ENSG00000189091
HGNC:10771	ENSG00000143368
HGNC:10773	ENSG00000175793
HGNC:10774	ENSG00000116560
HGNC:10775	ENSG00000224035
HGNC:10776	ENSG00000104332
HGNC:10777	ENSG00000145423
HGNC:10778	ENSG00000106483
HGNC:10779	ENSG00000120057
HGNC:1078	ENSG00000204217
HGNC:10780	ENSG00000136450
HGNC:10781	ENSG00000136527
HGNC:10782	ENSG00000116754
HGNC:10783	ENSG00000161547
HGNC:10784	ENSG00000139218
HGNC:10785	ENSG00000112081
HGNC:10786	ENSG00000116350
HGNC:10787	ENSG00000100650
HGNC:10788	ENSG00000124193
HGNC:10789	ENSG00000115875
HGNC:1079	ENSG00000102010
HGNC:10790	ENSG00000061936
HGNC:10791	ENSG00000111786
HGNC:10792	ENSG00000214867
HGNC:10798	ENSG00000122852
HGNC:10799	ENSG00000185303
HGNC:108	ENSG00000087085
HGNC:1080	ENSG00000168495
HGNC:10800	ENSG00000225827
HGNC:10801	ENSG00000168878
HGNC:10802	ENSG00000168484
HGNC:10803	ENSG00000133661
HGNC:10805	ENSG00000108823
HGNC:10806	ENSG00000163069
HGNC:10807	ENSG00000170624
HGNC:10808	ENSG00000127990
HGNC:10809	ENSG00000102683
HGNC:1081	ENSG00000169594
HGNC:10810	ENSG00000118515
HGNC:10812	ENSG00000104205
HGNC:10816	ENSG00000166922
HGNC:10817	ENSG00000166224
HGNC:10818	ENSG00000181523
HGNC:10819	ENSG00000104969
HGNC:1082	ENSG00000113734
HGNC:10820	ENSG00000183918
HGNC:10821	ENSG00000027869
HGNC:10822	ENSG00000185437
HGNC:10823	ENSG00000131171
HGNC:10824	ENSG00000100092
HGNC:10825	ENSG00000087266
HGNC:10826	ENSG00000130147
HGNC:10827	ENSG00000131370
HGNC:1083	ENSG00000140299
HGNC:10830	ENSG00000141985
HGNC:10831	ENSG00000107295
HGNC:10832	ENSG00000140600
HGNC:10833	ENSG00000097033
HGNC:10834	ENSG00000148341
HGNC:10835	ENSG00000266777
HGNC:10836	ENSG00000264943
HGNC:10837	ENSG00000267352
HGNC:10838	ENSG00000107338
HGNC:10839	ENSG00000129214
HGNC:1084	ENSG00000176171
HGNC:10840	ENSG00000160691
HGNC:10841	ENSG00000230889
HGNC:10842	ENSG00000267691
HGNC:10845	ENSG00000127922
HGNC:10847	ENSG00000107829
HGNC:10848	ENSG00000164690
HGNC:1085	ENSG00000104765
HGNC:10850	ENSG00000176974
HGNC:10851	ENSG00000224751
HGNC:10852	ENSG00000182199
HGNC:10853	ENSG00000185960
HGNC:10854	ENSG00000168779
HGNC:10856	ENSG00000090402
HGNC:10857	ENSG00000196470
HGNC:10858	ENSG00000181788
HGNC:10860	ENSG00000073849
HGNC:10861	ENSG00000144057
HGNC:10862	ENSG00000008513
HGNC:10863	ENSG00000157350
HGNC:10864	ENSG00000110080
HGNC:10866	ENSG00000126091
HGNC:10867	ENSG00000070731
HGNC:10869	ENSG00000111728
HGNC:1087	ENSG00000176720
HGNC:10870	ENSG00000140557
HGNC:10871	ENSG00000113532
HGNC:10872	ENSG00000115525
HGNC:10874	ENSG00000105501
HGNC:10875	ENSG00000105492
HGNC:10876	ENSG00000168995
HGNC:10877	ENSG00000105366
HGNC:10878	ENSG00000129450
HGNC:10879	ENSG00000123473
HGNC:10880	ENSG00000185664
HGNC:10882	ENSG00000112246
HGNC:10883	ENSG00000159263
HGNC:10884	ENSG00000092208
HGNC:10885	ENSG00000213445
HGNC:10886	ENSG00000068903
HGNC:10887	ENSG00000126778
HGNC:10888	ENSG00000170577
HGNC:10889	ENSG00000138083
HGNC:10890	ENSG00000100625
HGNC:10891	ENSG00000177045
HGNC:10892	ENSG00000184302
HGNC:10894	ENSG00000100462
HGNC:10895	ENSG00000119541
HGNC:10896	ENSG00000157933
HGNC:10897	ENSG00000136603
HGNC:10898	ENSG00000204351
HGNC:10899	ENSG00000113558
HGNC:1090	ENSG00000151914
HGNC:10900	ENSG00000256211
HGNC:10901	ENSG00000145604
HGNC:10902	ENSG00000155926
HGNC:10903	ENSG00000117090
HGNC:10904	ENSG00000163950
HGNC:10905	ENSG00000100652
HGNC:10906	ENSG00000125255
HGNC:10907	ENSG00000018280
HGNC:10908	ENSG00000110911
HGNC:10909	ENSG00000138449
HGNC:10910	ENSG00000074803
HGNC:10911	ENSG00000064651
HGNC:10912	ENSG00000070915
HGNC:10913	ENSG00000124067
HGNC:10914	ENSG00000140199
HGNC:10915	ENSG00000113504
HGNC:10916	ENSG00000081800
HGNC:10917	ENSG00000007216
HGNC:10918	ENSG00000141469
HGNC:10919	ENSG00000132874
HGNC:1092	ENSG00000183770
HGNC:10920	ENSG00000088386
HGNC:10921	ENSG00000163406
HGNC:10922	ENSG00000155380
HGNC:10923	ENSG00000147100
HGNC:10924	ENSG00000141526
HGNC:10925	ENSG00000168679
HGNC:10926	ENSG00000170190
HGNC:10927	ENSG00000108932
HGNC:10928	ENSG00000118596
HGNC:10929	ENSG00000124568
HGNC:1093	ENSG00000172331
HGNC:10930	ENSG00000112337
HGNC:10931	ENSG00000124564
HGNC:10932	ENSG00000146039
HGNC:10933	ENSG00000119899
HGNC:10934	ENSG00000036565
HGNC:10935	ENSG00000165646
HGNC:10936	ENSG00000187714
HGNC:10937	ENSG00000173638
HGNC:10938	ENSG00000117479
HGNC:10939	ENSG00000106688
HGNC:1094	ENSG00000137274
HGNC:10940	ENSG00000110436
HGNC:10941	ENSG00000079215
HGNC:10942	ENSG00000115902
HGNC:10943	ENSG00000105281
HGNC:10944	ENSG00000105143
HGNC:10945	ENSG00000162383
HGNC:10946	ENSG00000144136
HGNC:10947	ENSG00000168575
HGNC:1095	ENSG00000101425
HGNC:10952	ENSG00000176463
HGNC:10953	ENSG00000101187
HGNC:10955	ENSG00000174640
HGNC:10956	ENSG00000084453
HGNC:10959	ENSG00000134538
HGNC:1096	ENSG00000162813
HGNC:10961	ENSG00000111700
HGNC:10962	ENSG00000137491
HGNC:10963	ENSG00000175003
HGNC:10964	ENSG00000110628
HGNC:10965	ENSG00000254827
HGNC:10966	ENSG00000112499
HGNC:10967	ENSG00000146477
HGNC:10968	ENSG00000197208
HGNC:10969	ENSG00000197375
HGNC:1097	ENSG00000157764
HGNC:10970	ENSG00000197901
HGNC:10971	ENSG00000137204
HGNC:10972	ENSG00000149452
HGNC:10973	ENSG00000089057
HGNC:10974	ENSG00000170482
HGNC:10975	ENSG00000074621
HGNC:10976	ENSG00000155886
HGNC:10977	ENSG00000185052
HGNC:10978	ENSG00000140090
HGNC:10979	ENSG00000100075
HGNC:10980	ENSG00000183048
HGNC:10981	ENSG00000108528
HGNC:10982	ENSG00000115840
HGNC:10983	ENSG00000004864
HGNC:10984	ENSG00000102078
HGNC:10985	ENSG00000102743
HGNC:10986	ENSG00000122912
HGNC:10987	ENSG00000100372
HGNC:10988	ENSG00000182902
HGNC:10989	ENSG00000075415
HGNC:1099	ENSG00000089234
HGNC:10990	ENSG00000151729
HGNC:10991	ENSG00000005022
HGNC:10992	ENSG00000169100
HGNC:10993	ENSG00000145217
HGNC:10994	ENSG00000155850
HGNC:10995	ENSG00000130304
HGNC:10996	ENSG00000140284
HGNC:10997	ENSG00000143554
HGNC:10998	ENSG00000167114
HGNC:10999	ENSG00000083807
HGNC:1100	ENSG00000012048
HGNC:11000	ENSG00000113396
HGNC:11001	ENSG00000156222
HGNC:11002	ENSG00000137860
HGNC:11003	ENSG00000112759
HGNC:11004	ENSG00000174669
HGNC:11005	ENSG00000117394
HGNC:11006	ENSG00000163581
HGNC:11007	ENSG00000059804
HGNC:11008	ENSG00000253861
HGNC:11009	ENSG00000181856
HGNC:1101	ENSG00000139618
HGNC:11010	ENSG00000142583
HGNC:11011	ENSG00000160326
HGNC:11012	ENSG00000170385
HGNC:11013	ENSG00000158014
HGNC:11014	ENSG00000115194
HGNC:11015	ENSG00000104154
HGNC:11016	ENSG00000136868
HGNC:11017	ENSG00000136867
HGNC:11018	ENSG00000101438
HGNC:11019	ENSG00000131183
HGNC:1102	ENSG00000100425
HGNC:11020	ENSG00000157765
HGNC:11021	ENSG00000164414
HGNC:11022	ENSG00000102100
HGNC:11023	ENSG00000117620
HGNC:11024	ENSG00000160190
HGNC:11025	ENSG00000138079
HGNC:11026	ENSG00000168003
HGNC:11027	ENSG00000004939
HGNC:11028	ENSG00000164889
HGNC:11029	ENSG00000114923
HGNC:1103	ENSG00000204256
HGNC:11030	ENSG00000080493
HGNC:11033	ENSG00000033867
HGNC:11034	ENSG00000050438
HGNC:11035	ENSG00000113073
HGNC:11036	ENSG00000100170
HGNC:11037	ENSG00000140675
HGNC:11038	ENSG00000198743
HGNC:11039	ENSG00000100191
HGNC:1104	ENSG00000169925
HGNC:11040	ENSG00000105641
HGNC:11041	ENSG00000138074
HGNC:11042	ENSG00000157103
HGNC:11043	ENSG00000214617
HGNC:11044	ENSG00000132164
HGNC:11045	ENSG00000111181
HGNC:11046	ENSG00000010379
HGNC:11047	ENSG00000268104
HGNC:11048	ENSG00000103546
HGNC:11049	ENSG00000142319
HGNC:1105	ENSG00000137948
HGNC:11050	ENSG00000108576
HGNC:11051	ENSG00000165970
HGNC:11052	ENSG00000131389
HGNC:11053	ENSG00000226818
HGNC:11054	ENSG00000011083
HGNC:11055	ENSG00000130821
HGNC:11056	ENSG00000196517
HGNC:11057	ENSG00000139514
HGNC:11058	ENSG00000130876
HGNC:11059	ENSG00000151012
HGNC:1106	ENSG00000158019
HGNC:11060	ENSG00000003989
HGNC:11061	ENSG00000165349
HGNC:11062	ENSG00000099960
HGNC:11063	ENSG00000103257
HGNC:11064	ENSG00000103064
HGNC:11065	ENSG00000155465
HGNC:11066	ENSG00000092068
HGNC:11067	ENSG00000021488
HGNC:11068	ENSG00000183023
HGNC:11069	ENSG00000118160
HGNC:1107	ENSG00000185650
HGNC:11070	ENSG00000100678
HGNC:11071	ENSG00000090020
HGNC:11072	ENSG00000115616
HGNC:11073	ENSG00000066230
HGNC:11074	ENSG00000233011
HGNC:11075	ENSG00000109062
HGNC:11076	ENSG00000065054
HGNC:11077	ENSG00000180251
HGNC:11078	ENSG00000135740
HGNC:11079	ENSG00000198689
HGNC:1108	ENSG00000152518
HGNC:11085	ENSG00000187122
HGNC:11086	ENSG00000145147
HGNC:11087	ENSG00000184347
HGNC:11088	ENSG00000065613
HGNC:11089	ENSG00000170290
HGNC:1109	ENSG00000164713
HGNC:11092	ENSG00000124107
HGNC:11094	ENSG00000019549
HGNC:11097	ENSG00000102038
HGNC:11098	ENSG00000080503
HGNC:11099	ENSG00000071794
HGNC:11100	ENSG00000127616
HGNC:11101	ENSG00000153147
HGNC:11102	ENSG00000138375
HGNC:11103	ENSG00000099956
HGNC:11104	ENSG00000173473
HGNC:11105	ENSG00000139613
HGNC:11106	ENSG00000066117
HGNC:11107	ENSG00000108604
HGNC:11108	ENSG00000082014
HGNC:11109	ENSG00000073584
HGNC:11110	ENSG00000117713
HGNC:11111	ENSG00000072501
HGNC:11112	ENSG00000077935
HGNC:11114	ENSG00000126012
HGNC:11115	ENSG00000012817
HGNC:11117	ENSG00000172062
HGNC:11118	ENSG00000205571
HGNC:11119	ENSG00000128602
HGNC:1112	ENSG00000121152
HGNC:11120	ENSG00000166311
HGNC:11121	ENSG00000135587
HGNC:11122	ENSG00000091482
HGNC:11123	ENSG00000102172
HGNC:11124	ENSG00000184900
HGNC:11125	ENSG00000188612
HGNC:11126	ENSG00000183963
HGNC:11127	ENSG00000088827
HGNC:11128	ENSG00000124216
HGNC:11129	ENSG00000237194
HGNC:1113	ENSG00000102239
HGNC:11131	ENSG00000092531
HGNC:11132	ENSG00000132639
HGNC:11133	ENSG00000099940
HGNC:11134	ENSG00000023608
HGNC:11135	ENSG00000104976
HGNC:11136	ENSG00000164975
HGNC:11137	ENSG00000165684
HGNC:11138	ENSG00000145335
HGNC:11139	ENSG00000064692
HGNC:11140	ENSG00000074317
HGNC:11141	ENSG00000173267
HGNC:11142	ENSG00000142178
HGNC:11148	ENSG00000075618
HGNC:11149	ENSG00000184602
HGNC:11150	ENSG00000104852
HGNC:11151	ENSG00000077312
HGNC:11152	ENSG00000131876
HGNC:11153	ENSG00000125835
HGNC:11155	ENSG00000125870
HGNC:11157	ENSG00000124562
HGNC:11158	ENSG00000167088
HGNC:11159	ENSG00000125743
HGNC:1116	ENSG00000172270
HGNC:11160	ENSG00000100028
HGNC:11161	ENSG00000182004
HGNC:11162	ENSG00000139343
HGNC:11163	ENSG00000143977
HGNC:11164	ENSG00000128739
HGNC:11167	ENSG00000101400
HGNC:11168	ENSG00000172164
HGNC:11169	ENSG00000168807
HGNC:1117	ENSG00000164061
HGNC:11171	ENSG00000273173
HGNC:11172	ENSG00000028528
HGNC:11173	ENSG00000205302
HGNC:11174	ENSG00000112335
HGNC:11175	ENSG00000114520
HGNC:11177	ENSG00000057252
HGNC:11178	ENSG00000167780
HGNC:11179	ENSG00000142168
HGNC:1118	ENSG00000109743
HGNC:11180	ENSG00000291237
HGNC:11181	ENSG00000109610
HGNC:11182	ENSG00000103326
HGNC:11183	ENSG00000159140
HGNC:11184	ENSG00000140263
HGNC:11185	ENSG00000137642
HGNC:11186	ENSG00000134243
HGNC:11187	ENSG00000115904
HGNC:11188	ENSG00000100485
HGNC:11189	ENSG00000182968
HGNC:1119	ENSG00000130303
HGNC:11190	ENSG00000100146
HGNC:11191	ENSG00000176887
HGNC:11192	ENSG00000143842
HGNC:11193	ENSG00000168875
HGNC:11194	ENSG00000203883
HGNC:11195	ENSG00000181449
HGNC:11196	ENSG00000129194
HGNC:11197	ENSG00000125285
HGNC:11198	ENSG00000177732
HGNC:11199	ENSG00000134595
HGNC:1120	ENSG00000064726
HGNC:11200	ENSG00000124766
HGNC:11201	ENSG00000134532
HGNC:11202	ENSG00000254376
HGNC:11203	ENSG00000005513
HGNC:11204	ENSG00000125398
HGNC:11205	ENSG00000185591
HGNC:11206	ENSG00000067066
HGNC:11207	ENSG00000167182
HGNC:11208	ENSG00000172845
HGNC:11209	ENSG00000105866
HGNC:1121	ENSG00000174808
HGNC:11210	ENSG00000064199
HGNC:11212	ENSG00000104450
HGNC:11214	ENSG00000061656
HGNC:11215	ENSG00000077327
HGNC:11216	ENSG00000091640
HGNC:11217	ENSG00000106304
HGNC:11218	ENSG00000198021
HGNC:11219	ENSG00000113140
HGNC:1122	ENSG00000169814
HGNC:11220	ENSG00000152583
HGNC:11226	ENSG00000104133
HGNC:1123	ENSG00000119138
HGNC:11231	ENSG00000198513
HGNC:11233	ENSG00000021574
HGNC:11237	ENSG00000197912
HGNC:11240	ENSG00000176170
HGNC:11241	ENSG00000066336
HGNC:11242	ENSG00000269404
HGNC:11243	ENSG00000106723
HGNC:11244	ENSG00000164266
HGNC:11245	ENSG00000128040
HGNC:11246	ENSG00000166145
HGNC:11247	ENSG00000167642
HGNC:11248	ENSG00000101446
HGNC:11249	ENSG00000197471
HGNC:1125	ENSG00000145741
HGNC:11250	ENSG00000054796
HGNC:11251	ENSG00000152377
HGNC:11252	ENSG00000262655
HGNC:11253	ENSG00000159674
HGNC:11254	ENSG00000121067
HGNC:11255	ENSG00000118785
HGNC:11256	ENSG00000072080
HGNC:11257	ENSG00000116096
HGNC:11259	ENSG00000169474
HGNC:1126	ENSG00000118903
HGNC:11260	ENSG00000169469
HGNC:11261	ENSG00000241794
HGNC:11262	ENSG00000196805
HGNC:11263	ENSG00000229035
HGNC:11264	ENSG00000163216
HGNC:11265	ENSG00000203785
HGNC:11266	ENSG00000244094
HGNC:11267	ENSG00000159516
HGNC:11268	ENSG00000163209
HGNC:11269	ENSG00000164056
HGNC:1127	ENSG00000213003
HGNC:11270	ENSG00000136158
HGNC:11271	ENSG00000168939
HGNC:11272	ENSG00000163554
HGNC:11273	ENSG00000197694
HGNC:11274	ENSG00000070182
HGNC:11275	ENSG00000115306
HGNC:11276	ENSG00000173898
HGNC:11277	ENSG00000090054
HGNC:11278	ENSG00000100596
HGNC:11279	ENSG00000104549
HGNC:1128	ENSG00000227118
HGNC:11280	ENSG00000161011
HGNC:11281	ENSG00000213523
HGNC:11283	ENSG00000197122
HGNC:11284	ENSG00000145545
HGNC:11285	ENSG00000277893
HGNC:11286	ENSG00000232549
HGNC:11288	ENSG00000227776
HGNC:11289	ENSG00000072310
HGNC:1129	ENSG00000254225
HGNC:11290	ENSG00000198911
HGNC:11291	ENSG00000112658
HGNC:11292	ENSG00000075142
HGNC:11293	ENSG00000248660
HGNC:11295	ENSG00000185739
HGNC:11296	ENSG00000116649
HGNC:11298	ENSG00000125508
HGNC:11299	ENSG00000140319
HGNC:1130	ENSG00000133639
HGNC:11300	ENSG00000153037
HGNC:11301	ENSG00000100883
HGNC:11302	ENSG00000167881
HGNC:11303	ENSG00000174780
HGNC:11304	ENSG00000143742
HGNC:11305	ENSG00000096063
HGNC:11306	ENSG00000135250
HGNC:11307	ENSG00000182934
HGNC:11309	ENSG00000101955
HGNC:1131	ENSG00000159388
HGNC:11311	ENSG00000184895
HGNC:11312	ENSG00000132109
HGNC:11313	ENSG00000116747
HGNC:11316	ENSG00000138385
HGNC:11317	ENSG00000106028
HGNC:11319	ENSG00000138434
HGNC:1132	ENSG00000154640
HGNC:11320	ENSG00000136754
HGNC:11321	ENSG00000176101
HGNC:11322	ENSG00000123096
HGNC:11323	ENSG00000124783
HGNC:11324	ENSG00000163479
HGNC:11325	ENSG00000114850
HGNC:11326	ENSG00000180879
HGNC:11327	ENSG00000149136
HGNC:11328	ENSG00000173465
HGNC:11329	ENSG00000157005
HGNC:1133	ENSG00000010671
HGNC:11330	ENSG00000139874
HGNC:11331	ENSG00000180616
HGNC:11332	ENSG00000278195
HGNC:11333	ENSG00000132671
HGNC:11334	ENSG00000162009
HGNC:11335	ENSG00000126752
HGNC:11336	ENSG00000241476
HGNC:11337	ENSG00000165584
HGNC:11338	ENSG00000268009
HGNC:11339	ENSG00000165583
HGNC:11340	ENSG00000141380
HGNC:11343	ENSG00000100380
HGNC:11344	ENSG00000149418
HGNC:11345	ENSG00000122707
HGNC:11346	ENSG00000162892
HGNC:1135	ENSG00000124557
HGNC:11350	ENSG00000166444
HGNC:11351	ENSG00000004866
HGNC:11353	ENSG00000144681
HGNC:11354	ENSG00000118007
HGNC:11355	ENSG00000101972
HGNC:11356	ENSG00000066923
HGNC:11357	ENSG00000136738
HGNC:11358	ENSG00000115145
HGNC:11359	ENSG00000147465
HGNC:1136	ENSG00000112763
HGNC:11360	ENSG00000214266
HGNC:11362	ENSG00000115415
HGNC:11363	ENSG00000170581
HGNC:11364	ENSG00000168610
HGNC:11365	ENSG00000138378
HGNC:11366	ENSG00000126561
HGNC:11367	ENSG00000173757
HGNC:11368	ENSG00000166888
HGNC:11369	ENSG00000126549
HGNC:1137	ENSG00000124508
HGNC:11370	ENSG00000124214
HGNC:11371	ENSG00000040341
HGNC:11373	ENSG00000159167
HGNC:11374	ENSG00000113739
HGNC:11375	ENSG00000155304
HGNC:11377	ENSG00000109193
HGNC:11378	ENSG00000164647
HGNC:1138	ENSG00000026950
HGNC:11386	ENSG00000167323
HGNC:11387	ENSG00000168439
HGNC:11388	ENSG00000072786
HGNC:11389	ENSG00000118046
HGNC:1139	ENSG00000186470
HGNC:11390	ENSG00000178999
HGNC:11391	ENSG00000105146
HGNC:11393	ENSG00000087586
HGNC:11394	ENSG00000115661
HGNC:11395	ENSG00000164543
HGNC:11396	ENSG00000081320
HGNC:11397	ENSG00000142731
HGNC:11398	ENSG00000204344
HGNC:11399	ENSG00000114904
HGNC:1140	ENSG00000111801
HGNC:11400	ENSG00000231086
HGNC:11401	ENSG00000206203
HGNC:11402	ENSG00000184343
HGNC:11403	ENSG00000102572
HGNC:11404	ENSG00000115694
HGNC:11405	ENSG00000174672
HGNC:11406	ENSG00000104375
HGNC:11407	ENSG00000196335
HGNC:11408	ENSG00000101109
HGNC:11411	ENSG00000008086
HGNC:1142	ENSG00000204290
HGNC:11422	ENSG00000169689
HGNC:11424	ENSG00000115808
HGNC:11425	ENSG00000101846
HGNC:11426	ENSG00000227166
HGNC:11427	ENSG00000103266
HGNC:11428	ENSG00000104915
HGNC:11429	ENSG00000135604
HGNC:1143	ENSG00000168903
HGNC:11430	ENSG00000117758
HGNC:11431	ENSG00000124222
HGNC:11432	ENSG00000136874
HGNC:11433	ENSG00000106089
HGNC:11438	ENSG00000166900
HGNC:11439	ENSG00000103496
HGNC:1144	ENSG00000166167
HGNC:11440	ENSG00000162236
HGNC:11441	ENSG00000135823
HGNC:11442	ENSG00000079950
HGNC:11443	ENSG00000170310
HGNC:11444	ENSG00000136854
HGNC:11445	ENSG00000076944
HGNC:11446	ENSG00000116266
HGNC:11447	ENSG00000198252
HGNC:11448	ENSG00000136143
HGNC:11449	ENSG00000163541
HGNC:1145	ENSG00000230870
HGNC:11450	ENSG00000172340
HGNC:11451	ENSG00000101782
HGNC:11453	ENSG00000196502
HGNC:11454	ENSG00000197165
HGNC:11455	ENSG00000261052
HGNC:11456	ENSG00000198203
HGNC:11457	ENSG00000198075
HGNC:11458	ENSG00000105398
HGNC:11459	ENSG00000088002
HGNC:11460	ENSG00000139531
HGNC:11465	ENSG00000092201
HGNC:11466	ENSG00000196284
HGNC:11467	ENSG00000213246
HGNC:11469	ENSG00000196235
HGNC:11470	ENSG00000109111
HGNC:11471	ENSG00000156502
HGNC:11473	ENSG00000152944
HGNC:11474	ENSG00000148290
HGNC:11475	ENSG00000148291
HGNC:11476	ENSG00000148248
HGNC:11477	ENSG00000148297
HGNC:11478	ENSG00000148296
HGNC:11479	ENSG00000101945
HGNC:1148	ENSG00000169679
HGNC:11480	ENSG00000197321
HGNC:11486	ENSG00000124333
HGNC:11487	ENSG00000198765
HGNC:1149	ENSG00000156970
HGNC:11490	ENSG00000196074
HGNC:11491	ENSG00000165025
HGNC:11494	ENSG00000008056
HGNC:11495	ENSG00000157152
HGNC:11496	ENSG00000185666
HGNC:11497	ENSG00000197283
HGNC:11498	ENSG00000100321
HGNC:11499	ENSG00000108639
HGNC:115	ENSG00000131473
HGNC:11500	ENSG00000260174
HGNC:11501	ENSG00000127561
HGNC:11502	ENSG00000105467
HGNC:11503	ENSG00000159082
HGNC:11504	ENSG00000078269
HGNC:11506	ENSG00000102003
HGNC:11507	ENSG00000008282
HGNC:11509	ENSG00000067715
HGNC:1151	ENSG00000154473
HGNC:11510	ENSG00000143858
HGNC:11511	ENSG00000213023
HGNC:11512	ENSG00000132872
HGNC:11513	ENSG00000129990
HGNC:11514	ENSG00000011347
HGNC:11515	ENSG00000164458
HGNC:11517	ENSG00000006128
HGNC:1152	ENSG00000112276
HGNC:11521	ENSG00000166863
HGNC:11522	ENSG00000147526
HGNC:11523	ENSG00000138162
HGNC:11524	ENSG00000013810
HGNC:11526	ENSG00000115353
HGNC:11527	ENSG00000075073
HGNC:11528	ENSG00000169836
HGNC:11529	ENSG00000119888
HGNC:11530	ENSG00000184292
HGNC:11531	ENSG00000276234
HGNC:11532	ENSG00000143498
HGNC:11533	ENSG00000115750
HGNC:11534	ENSG00000103168
HGNC:11535	ENSG00000147133
HGNC:11536	ENSG00000064313
HGNC:11537	ENSG00000130699
HGNC:11538	ENSG00000141384
HGNC:11539	ENSG00000148835
HGNC:11540	ENSG00000106290
HGNC:11541	ENSG00000178913
HGNC:11542	ENSG00000273841
HGNC:11543	ENSG00000166337
HGNC:11544	ENSG00000064995
HGNC:11545	ENSG00000120656
HGNC:11546	ENSG00000197780
HGNC:11547	ENSG00000270647
HGNC:11548	ENSG00000102387
HGNC:11551	ENSG00000185024
HGNC:11553	ENSG00000149591
HGNC:11554	ENSG00000158710
HGNC:11556	ENSG00000162367
HGNC:11557	ENSG00000186051
HGNC:11559	ENSG00000177156
HGNC:11562	ENSG00000136560
HGNC:11566	ENSG00000231925
HGNC:11568	ENSG00000059588
HGNC:11569	ENSG00000139546
HGNC:1157	ENSG00000112578
HGNC:11571	ENSG00000120948
HGNC:11572	ENSG00000113407
HGNC:11573	ENSG00000198650
HGNC:11575	ENSG00000106052
HGNC:11577	ENSG00000102125
HGNC:11578	ENSG00000065882
HGNC:11579	ENSG00000171530
HGNC:1158	ENSG00000100300
HGNC:11580	ENSG00000124659
HGNC:11581	ENSG00000141556
HGNC:11582	ENSG00000284770
HGNC:11583	ENSG00000123561
HGNC:11584	ENSG00000183735
HGNC:11585	ENSG00000101849
HGNC:11586	ENSG00000106638
HGNC:11587	ENSG00000183751
HGNC:11588	ENSG00000112592
HGNC:11589	ENSG00000028839
HGNC:11590	ENSG00000136535
HGNC:11592	ENSG00000184058
HGNC:11593	ENSG00000167800
HGNC:11594	ENSG00000092607
HGNC:11595	ENSG00000112837
HGNC:11596	ENSG00000143178
HGNC:11597	ENSG00000121068
HGNC:11598	ENSG00000164532
HGNC:11599	ENSG00000073861
HGNC:1160	ENSG00000107815
HGNC:11600	ENSG00000122145
HGNC:11602	ENSG00000135111
HGNC:11603	ENSG00000121075
HGNC:11604	ENSG00000089225
HGNC:11605	ENSG00000149922
HGNC:11608	ENSG00000006638
HGNC:11609	ENSG00000059377
HGNC:1161	ENSG00000138180
HGNC:11610	ENSG00000173991
HGNC:11612	ENSG00000187735
HGNC:11613	ENSG00000197214
HGNC:11614	ENSG00000171703
HGNC:11615	ENSG00000204219
HGNC:11616	ENSG00000172465
HGNC:11617	ENSG00000154582
HGNC:11619	ENSG00000103363
HGNC:1162	ENSG00000148690
HGNC:11620	ENSG00000011007
HGNC:11621	ENSG00000135100
HGNC:11623	ENSG00000140262
HGNC:11627	ENSG00000125878
HGNC:11628	ENSG00000169131
HGNC:11629	ENSG00000137310
HGNC:1163	ENSG00000137720
HGNC:11630	ENSG00000275410
HGNC:11631	ENSG00000100207
HGNC:11632	ENSG00000118526
HGNC:11633	ENSG00000071564
HGNC:11634	ENSG00000196628
HGNC:11636	ENSG00000230444
HGNC:11638	ENSG00000254798
HGNC:11639	ENSG00000081059
HGNC:1164	ENSG00000134825
HGNC:11640	ENSG00000152284
HGNC:11641	ENSG00000148737
HGNC:11642	ENSG00000148516
HGNC:11644	ENSG00000163159
HGNC:11645	ENSG00000108788
HGNC:11646	ENSG00000101190
HGNC:11647	ENSG00000110719
HGNC:11648	ENSG00000100721
HGNC:11649	ENSG00000213231
HGNC:1165	ENSG00000134780
HGNC:11652	ENSG00000134827
HGNC:11653	ENSG00000185339
HGNC:11654	ENSG00000070814
HGNC:11655	ENSG00000120438
HGNC:11656	ENSG00000203690
HGNC:11657	ENSG00000242220
HGNC:11658	ENSG00000124678
HGNC:11659	ENSG00000229161
HGNC:1166	ENSG00000099849
HGNC:1167	ENSG00000175352
HGNC:1168	ENSG00000175348
HGNC:1169	ENSG00000176029
HGNC:11692	ENSG00000145022
HGNC:11693	ENSG00000146221
HGNC:11694	ENSG00000165169
HGNC:11695	ENSG00000184786
HGNC:11697	ENSG00000146425
HGNC:11699	ENSG00000132824
HGNC:117	ENSG00000122729
HGNC:1170	ENSG00000166452
HGNC:11700	ENSG00000139372
HGNC:11701	ENSG00000241186
HGNC:11702	ENSG00000183514
HGNC:11703	ENSG00000225366
HGNC:11704	ENSG00000217566
HGNC:11705	ENSG00000254274
HGNC:11706	ENSG00000241438
HGNC:11707	ENSG00000269584
HGNC:11708	ENSG00000151790
HGNC:1171	ENSG00000109911
HGNC:11711	ENSG00000214121
HGNC:11712	ENSG00000095627
HGNC:11713	ENSG00000182134
HGNC:11714	ENSG00000187079
HGNC:11715	ENSG00000074219
HGNC:11716	ENSG00000007866
HGNC:11717	ENSG00000197905
HGNC:11719	ENSG00000135605
HGNC:1172	ENSG00000149823
HGNC:11720	ENSG00000109927
HGNC:11721	ENSG00000119913
HGNC:11722	ENSG00000167074
HGNC:11723	ENSG00000139644
HGNC:11724	ENSG00000120156
HGNC:11725	ENSG00000092850
HGNC:11726	ENSG00000129566
HGNC:11727	ENSG00000270141
HGNC:11728	ENSG00000147601
HGNC:11729	ENSG00000132604
HGNC:1173	ENSG00000110075
HGNC:11730	ENSG00000164362
HGNC:11731	ENSG00000107140
HGNC:11732	ENSG00000070759
HGNC:11733	ENSG00000120498
HGNC:11734	ENSG00000150783
HGNC:11735	ENSG00000268629
HGNC:11736	ENSG00000170925
HGNC:11737	ENSG00000121101
HGNC:11738	ENSG00000133863
HGNC:1174	ENSG00000171067
HGNC:11740	ENSG00000091513
HGNC:11741	ENSG00000108064
HGNC:11742	ENSG00000137203
HGNC:11743	ENSG00000008196
HGNC:11744	ENSG00000087510
HGNC:11745	ENSG00000090447
HGNC:11748	ENSG00000135457
HGNC:11749	ENSG00000198176
HGNC:11750	ENSG00000224540
HGNC:11751	ENSG00000114126
HGNC:11752	ENSG00000068323
HGNC:11753	ENSG00000112561
HGNC:11754	ENSG00000105967
HGNC:11755	ENSG00000160182
HGNC:11756	ENSG00000160181
HGNC:11757	ENSG00000160180
HGNC:11758	ENSG00000114354
HGNC:11759	ENSG00000242337
HGNC:1176	ENSG00000149792
HGNC:11760	ENSG00000003436
HGNC:11761	ENSG00000105825
HGNC:11762	ENSG00000106327
HGNC:11763	ENSG00000072274
HGNC:11764	ENSG00000042832
HGNC:11765	ENSG00000163235
HGNC:11766	ENSG00000105329
HGNC:11767	ENSG00000140682
HGNC:11768	ENSG00000092969
HGNC:11769	ENSG00000119699
HGNC:1177	ENSG00000174276
HGNC:11771	ENSG00000120708
HGNC:11772	ENSG00000106799
HGNC:11773	ENSG00000163513
HGNC:11774	ENSG00000069702
HGNC:11776	ENSG00000177426
HGNC:11777	ENSG00000092295
HGNC:11778	ENSG00000198959
HGNC:11779	ENSG00000125780
HGNC:11780	ENSG00000163810
HGNC:11781	ENSG00000104055
HGNC:11782	ENSG00000180176
HGNC:11784	ENSG00000178726
HGNC:11785	ENSG00000137801
HGNC:11786	ENSG00000186340
HGNC:11787	ENSG00000169231
HGNC:11788	ENSG00000113296
HGNC:11791	ENSG00000159450
HGNC:11793	ENSG00000172009
HGNC:11795	ENSG00000090534
HGNC:11796	ENSG00000126351
HGNC:11799	ENSG00000151090
HGNC:118	ENSG00000100412
HGNC:1180	ENSG00000066382
HGNC:11800	ENSG00000151365
HGNC:11801	ENSG00000154096
HGNC:11802	ENSG00000116001
HGNC:11804	ENSG00000151923
HGNC:11805	ENSG00000156299
HGNC:11806	ENSG00000146426
HGNC:11808	ENSG00000103423
HGNC:11809	ENSG00000066056
HGNC:1181	ENSG00000124920
HGNC:11810	ENSG00000155090
HGNC:11811	ENSG00000172059
HGNC:11812	ENSG00000122779
HGNC:11813	ENSG00000111602
HGNC:11814	ENSG00000134809
HGNC:11816	ENSG00000099800
HGNC:11817	ENSG00000126953
HGNC:11818	ENSG00000150779
HGNC:11819	ENSG00000100575
HGNC:11820	ENSG00000102265
HGNC:11821	ENSG00000035862
HGNC:11822	ENSG00000100234
HGNC:11823	ENSG00000157150
HGNC:11824	ENSG00000092330
HGNC:11825	ENSG00000136352
HGNC:11827	ENSG00000104067
HGNC:11828	ENSG00000119139
HGNC:11829	ENSG00000105289
HGNC:1183	ENSG00000047617
HGNC:11830	ENSG00000167900
HGNC:11831	ENSG00000166548
HGNC:11834	ENSG00000163931
HGNC:11835	ENSG00000007350
HGNC:11837	ENSG00000196781
HGNC:11838	ENSG00000065717
HGNC:11839	ENSG00000140332
HGNC:1184	ENSG00000047621
HGNC:11840	ENSG00000106829
HGNC:11841	ENSG00000198586
HGNC:11842	ENSG00000146872
HGNC:11843	ENSG00000038295
HGNC:11844	ENSG00000095587
HGNC:11845	ENSG00000137076
HGNC:11846	ENSG00000008952
HGNC:11847	ENSG00000174125
HGNC:11848	ENSG00000137462
HGNC:11849	ENSG00000164342
HGNC:1185	ENSG00000078237
HGNC:11850	ENSG00000136869
HGNC:11851	ENSG00000187554
HGNC:11853	ENSG00000169908
HGNC:11854	ENSG00000156298
HGNC:11855	ENSG00000127324
HGNC:11856	ENSG00000169903
HGNC:11857	ENSG00000142484
HGNC:11858	ENSG00000000003
HGNC:11859	ENSG00000214063
HGNC:1186	ENSG00000111224
HGNC:11860	ENSG00000136404
HGNC:11861	ENSG00000213996
HGNC:11862	ENSG00000077585
HGNC:11863	ENSG00000149809
HGNC:11864	ENSG00000100926
HGNC:11865	ENSG00000125304
HGNC:11866	ENSG00000241697
HGNC:11867	ENSG00000144339
HGNC:11868	ENSG00000160218
HGNC:11869	ENSG00000135048
HGNC:1187	ENSG00000133935
HGNC:11870	ENSG00000144747
HGNC:11871	ENSG00000136842
HGNC:11872	ENSG00000128872
HGNC:11873	ENSG00000138594
HGNC:11874	ENSG00000163157
HGNC:11875	ENSG00000120802
HGNC:11876	ENSG00000184012
HGNC:11877	ENSG00000160183
HGNC:11878	ENSG00000137648
HGNC:11879	ENSG00000034510
HGNC:1188	ENSG00000156411
HGNC:11881	ENSG00000205542
HGNC:11882	ENSG00000154620
HGNC:11883	ENSG00000236876
HGNC:11884	ENSG00000188765
HGNC:11885	ENSG00000187653
HGNC:11886	ENSG00000223551
HGNC:11888	ENSG00000230043
HGNC:1189	ENSG00000100591
HGNC:11891	ENSG00000163815
HGNC:11892	ENSG00000232810
HGNC:11894	ENSG00000109079
HGNC:11895	ENSG00000185215
HGNC:11896	ENSG00000118503
HGNC:11898	ENSG00000123610
HGNC:119	ENSG00000161533
HGNC:1190	ENSG00000185823
HGNC:11904	ENSG00000104689
HGNC:11905	ENSG00000120889
HGNC:11906	ENSG00000173535
HGNC:11907	ENSG00000173530
HGNC:11908	ENSG00000141655
HGNC:11909	ENSG00000164761
HGNC:1191	ENSG00000255302
HGNC:11910	ENSG00000215788
HGNC:11912	ENSG00000157873
HGNC:11913	ENSG00000048462
HGNC:11914	ENSG00000186891
HGNC:11915	ENSG00000127863
HGNC:11916	ENSG00000067182
HGNC:11917	ENSG00000028137
HGNC:11918	ENSG00000186827
HGNC:11919	ENSG00000101017
HGNC:1192	ENSG00000259494
HGNC:11920	ENSG00000026103
HGNC:11921	ENSG00000243509
HGNC:11922	ENSG00000139193
HGNC:11923	ENSG00000120949
HGNC:11924	ENSG00000049249
HGNC:11925	ENSG00000121858
HGNC:11926	ENSG00000120659
HGNC:11927	ENSG00000239697
HGNC:11928	ENSG00000161955
HGNC:11929	ENSG00000102524
HGNC:11930	ENSG00000125735
HGNC:11931	ENSG00000181634
HGNC:11932	ENSG00000120337
HGNC:11934	ENSG00000117586
HGNC:11935	ENSG00000102245
HGNC:11936	ENSG00000117560
HGNC:11937	ENSG00000125726
HGNC:11938	ENSG00000106952
HGNC:11939	ENSG00000125657
HGNC:11940	ENSG00000174292
HGNC:11941	ENSG00000173273
HGNC:11943	ENSG00000114854
HGNC:11944	ENSG00000101470
HGNC:11945	ENSG00000159173
HGNC:11946	ENSG00000130598
HGNC:11947	ENSG00000129991
HGNC:11948	ENSG00000105048
HGNC:11949	ENSG00000118194
HGNC:11950	ENSG00000130595
HGNC:11951	ENSG00000118245
HGNC:11952	ENSG00000178279
HGNC:11953	ENSG00000116147
HGNC:11955	ENSG00000126746
HGNC:11957	ENSG00000184634
HGNC:11958	ENSG00000183495
HGNC:11960	ENSG00000204120
HGNC:11962	ENSG00000182095
HGNC:11963	ENSG00000180828
HGNC:11967	ENSG00000159409
HGNC:11968	ENSG00000137161
HGNC:11969	ENSG00000090905
HGNC:1197	ENSG00000221819
HGNC:11972	ENSG00000103460
HGNC:11973	ENSG00000079308
HGNC:11975	ENSG00000248290
HGNC:11976	ENSG00000168477
HGNC:11979	ENSG00000141232
HGNC:11980	ENSG00000183864
HGNC:11982	ENSG00000100284
HGNC:11983	ENSG00000141198
HGNC:11984	ENSG00000175662
HGNC:11985	ENSG00000154174
HGNC:11986	ENSG00000198900
HGNC:11987	ENSG00000285665
HGNC:11989	ENSG00000131747
HGNC:11990	ENSG00000077097
HGNC:11992	ENSG00000177302
HGNC:11993	ENSG00000100038
HGNC:11994	ENSG00000228050
HGNC:11995	ENSG00000136816
HGNC:11996	ENSG00000160404
HGNC:11997	ENSG00000186283
HGNC:11998	ENSG00000141510
HGNC:11999	ENSG00000067369
HGNC:120	ENSG00000168306
HGNC:12000	ENSG00000143514
HGNC:12003	ENSG00000078900
HGNC:12004	ENSG00000146242
HGNC:12005	ENSG00000076554
HGNC:12006	ENSG00000111907
HGNC:12007	ENSG00000101150
HGNC:12008	ENSG00000129167
HGNC:12009	ENSG00000111669
HGNC:12010	ENSG00000140416
HGNC:12011	ENSG00000198467
HGNC:12012	ENSG00000143549
HGNC:12013	ENSG00000167460
HGNC:12014	ENSG00000137364
HGNC:12015	ENSG00000115705
HGNC:12016	ENSG00000134900
HGNC:12017	ENSG00000047410
HGNC:12019	ENSG00000172236
HGNC:12020	ENSG00000169902
HGNC:12021	ENSG00000128294
HGNC:12022	ENSG00000133112
HGNC:12023	ENSG00000274391
HGNC:12024	ENSG00000124490
HGNC:12028	ENSG00000166598
HGNC:12029	ENSG00000277734
HGNC:12030	ENSG00000102871
HGNC:12031	ENSG00000056558
HGNC:12032	ENSG00000127191
HGNC:12033	ENSG00000131323
HGNC:12034	ENSG00000076604
HGNC:12035	ENSG00000082512
HGNC:12036	ENSG00000175104
HGNC:12037	ENSG00000211888
HGNC:12038	ENSG00000211879
HGNC:12039	ENSG00000211878
HGNC:12040	ENSG00000211877
HGNC:12041	ENSG00000211876
HGNC:12042	ENSG00000211875
HGNC:12044	ENSG00000211873
HGNC:12045	ENSG00000211872
HGNC:12046	ENSG00000211871
HGNC:12047	ENSG00000211870
HGNC:12048	ENSG00000211887
HGNC:12049	ENSG00000211869
HGNC:12050	ENSG00000211868
HGNC:12051	ENSG00000211867
HGNC:12052	ENSG00000211866
HGNC:12053	ENSG00000211865
HGNC:12054	ENSG00000211864
HGNC:12055	ENSG00000211863
HGNC:12056	ENSG00000211862
HGNC:12057	ENSG00000211861
HGNC:12058	ENSG00000211860
HGNC:12059	ENSG00000211886
HGNC:12060	ENSG00000211859
HGNC:12061	ENSG00000211858
HGNC:12062	ENSG00000211857
HGNC:12063	ENSG00000211856
HGNC:12064	ENSG00000211855
HGNC:12065	ENSG00000211854
HGNC:12066	ENSG00000276699
HGNC:12067	ENSG00000278661
HGNC:12068	ENSG00000211851
HGNC:12069	ENSG00000211850
HGNC:12070	ENSG00000211885
HGNC:12071	ENSG00000211849
HGNC:12072	ENSG00000211848
HGNC:12073	ENSG00000211847
HGNC:12074	ENSG00000211846
HGNC:12075	ENSG00000211845
HGNC:12076	ENSG00000211844
HGNC:12077	ENSG00000211843
HGNC:12078	ENSG00000211842
HGNC:12079	ENSG00000211841
HGNC:12080	ENSG00000211840
HGNC:12081	ENSG00000211884
HGNC:12082	ENSG00000211839
HGNC:12083	ENSG00000248366
HGNC:12084	ENSG00000211838
HGNC:12085	ENSG00000211837
HGNC:12086	ENSG00000211836
HGNC:12087	ENSG00000250688
HGNC:12088	ENSG00000211835
HGNC:12089	ENSG00000211834
HGNC:12090	ENSG00000211833
HGNC:12091	ENSG00000211832
HGNC:12092	ENSG00000211883
HGNC:12093	ENSG00000249446
HGNC:12094	ENSG00000211831
HGNC:12095	ENSG00000211882
HGNC:12096	ENSG00000211881
HGNC:12097	ENSG00000211880
HGNC:12099	ENSG00000259706
HGNC:121	ENSG00000087008
HGNC:12100	ENSG00000203914
HGNC:12101	ENSG00000255569
HGNC:12102	ENSG00000256553
HGNC:12103	ENSG00000211784
HGNC:12104	ENSG00000256474
HGNC:12105	ENSG00000211785
HGNC:12106	ENSG00000211789
HGNC:12107	ENSG00000211794
HGNC:12108	ENSG00000211788
HGNC:12109	ENSG00000211791
HGNC:1211	ENSG00000171931
HGNC:12110	ENSG00000211792
HGNC:12111	ENSG00000258482
HGNC:12112	ENSG00000211796
HGNC:12113	ENSG00000211797
HGNC:12114	ENSG00000211798
HGNC:12115	ENSG00000211799
HGNC:12116	ENSG00000211776
HGNC:12117	ENSG00000211800
HGNC:12118	ENSG00000211801
HGNC:12119	ENSG00000211802
HGNC:1212	ENSG00000184922
HGNC:12120	ENSG00000211803
HGNC:12121	ENSG00000211805
HGNC:12122	ENSG00000211806
HGNC:12123	ENSG00000211807
HGNC:12124	ENSG00000211812
HGNC:12125	ENSG00000211809
HGNC:12126	ENSG00000258835
HGNC:12127	ENSG00000211810
HGNC:12128	ENSG00000211777
HGNC:12129	ENSG00000259092
HGNC:12130	ENSG00000249048
HGNC:12131	ENSG00000258905
HGNC:12132	ENSG00000258812
HGNC:12133	ENSG00000211813
HGNC:12134	ENSG00000211814
HGNC:12135	ENSG00000211815
HGNC:12136	ENSG00000259068
HGNC:12137	ENSG00000211816
HGNC:12138	ENSG00000211817
HGNC:12139	ENSG00000211818
HGNC:12140	ENSG00000211778
HGNC:12141	ENSG00000211819
HGNC:12142	ENSG00000211820
HGNC:12143	ENSG00000211779
HGNC:12144	ENSG00000211780
HGNC:12145	ENSG00000211781
HGNC:12146	ENSG00000211782
HGNC:12147	ENSG00000211786
HGNC:12148	ENSG00000211787
HGNC:12149	ENSG00000211790
HGNC:12150	ENSG00000256379
HGNC:12151	ENSG00000211795
HGNC:12152	ENSG00000211808
HGNC:12153	ENSG00000211783
HGNC:12154	ENSG00000211793
HGNC:12156	ENSG00000211751
HGNC:12157	ENSG00000211772
HGNC:12158	ENSG00000282431
HGNC:12162	ENSG00000282320
HGNC:12163	ENSG00000282420
HGNC:12164	ENSG00000282133
HGNC:12165	ENSG00000281958
HGNC:12166	ENSG00000282173
HGNC:12167	ENSG00000282780
HGNC:12168	ENSG00000211764
HGNC:12169	ENSG00000211765
HGNC:1217	ENSG00000262402
HGNC:12170	ENSG00000211766
HGNC:12171	ENSG00000211767
HGNC:12172	ENSG00000211768
HGNC:12173	ENSG00000211769
HGNC:12174	ENSG00000211770
HGNC:12175	ENSG00000211771
HGNC:12176	ENSG00000242736
HGNC:12177	ENSG00000211717
HGNC:12178	ENSG00000229769
HGNC:12179	ENSG00000275791
HGNC:12180	ENSG00000211720
HGNC:12181	ENSG00000241657
HGNC:12182	ENSG00000276597
HGNC:12183	ENSG00000244661
HGNC:12184	ENSG00000211739
HGNC:12185	ENSG00000274752
HGNC:12186	ENSG00000276953
HGNC:12187	ENSG00000275158
HGNC:12188	ENSG00000276405
HGNC:12189	ENSG00000275743
HGNC:12190	ENSG00000276819
HGNC:12191	ENSG00000275243
HGNC:12192	ENSG00000277880
HGNC:12193	ENSG00000276557
HGNC:12194	ENSG00000211746
HGNC:12195	ENSG00000226660
HGNC:12196	ENSG00000211747
HGNC:12197	ENSG00000205274
HGNC:12198	ENSG00000251578
HGNC:12199	ENSG00000183938
HGNC:122	ENSG00000143727
HGNC:1220	ENSG00000278941
HGNC:12200	ENSG00000240578
HGNC:12201	ENSG00000211749
HGNC:12202	ENSG00000229063
HGNC:12203	ENSG00000211750
HGNC:12204	ENSG00000215206
HGNC:12205	ENSG00000282499
HGNC:12206	ENSG00000240215
HGNC:12207	ENSG00000249912
HGNC:12208	ENSG00000211752
HGNC:12209	ENSG00000211753
HGNC:12210	ENSG00000232869
HGNC:12211	ENSG00000223394
HGNC:12212	ENSG00000237702
HGNC:12214	ENSG00000237254
HGNC:12215	ENSG00000211710
HGNC:12216	ENSG00000211745
HGNC:12218	ENSG00000211734
HGNC:12219	ENSG00000242771
HGNC:12220	ENSG00000211715
HGNC:12221	ENSG00000230099
HGNC:12222	ENSG00000211725
HGNC:12223	ENSG00000211728
HGNC:12224	ENSG00000211731
HGNC:12226	ENSG00000211706
HGNC:12227	ENSG00000283063
HGNC:12229	ENSG00000211713
HGNC:12230	ENSG00000211721
HGNC:12231	ENSG00000211724
HGNC:12232	ENSG00000253188
HGNC:12233	ENSG00000253534
HGNC:12235	ENSG00000211707
HGNC:12236	ENSG00000282939
HGNC:12237	ENSG00000211714
HGNC:12238	ENSG00000253409
HGNC:12239	ENSG00000227550
HGNC:1224	ENSG00000168675
HGNC:12240	ENSG00000211727
HGNC:12241	ENSG00000253291
HGNC:12243	ENSG00000278030
HGNC:12244	ENSG00000243889
HGNC:12245	ENSG00000239944
HGNC:12246	ENSG00000211716
HGNC:12247	ENSG00000239992
HGNC:12248	ENSG00000241911
HGNC:1225	ENSG00000132204
HGNC:12253	ENSG00000211829
HGNC:12254	ENSG00000223997
HGNC:12255	ENSG00000237235
HGNC:12256	ENSG00000228985
HGNC:12257	ENSG00000211825
HGNC:12258	ENSG00000211827
HGNC:12259	ENSG00000211828
HGNC:1226	ENSG00000123159
HGNC:12260	ENSG00000211826
HGNC:12261	ENSG00000186439
HGNC:12262	ENSG00000211804
HGNC:12263	ENSG00000211821
HGNC:12264	ENSG00000256590
HGNC:12266	ENSG00000118094
HGNC:12269	ENSG00000213689
HGNC:12270	ENSG00000183479
HGNC:12275	ENSG00000211689
HGNC:12276	ENSG00000227191
HGNC:12277	ENSG00000211690
HGNC:12278	ENSG00000211687
HGNC:12279	ENSG00000211691
HGNC:1228	ENSG00000149131
HGNC:12280	ENSG00000211692
HGNC:12281	ENSG00000211688
HGNC:12284	ENSG00000211701
HGNC:12285	ENSG00000211694
HGNC:12286	ENSG00000211693
HGNC:12287	ENSG00000233306
HGNC:12288	ENSG00000211699
HGNC:12289	ENSG00000211698
HGNC:1229	ENSG00000281708
HGNC:12290	ENSG00000211697
HGNC:12291	ENSG00000228668
HGNC:12292	ENSG00000226212
HGNC:12293	ENSG00000249978
HGNC:12294	ENSG00000211696
HGNC:12295	ENSG00000211695
HGNC:12296	ENSG00000225992
HGNC:12297	ENSG00000231202
HGNC:12298	ENSG00000170893
HGNC:12299	ENSG00000174417
HGNC:123	ENSG00000134575
HGNC:1230	ENSG00000143536
HGNC:12303	ENSG00000038382
HGNC:12304	ENSG00000125733
HGNC:12305	ENSG00000100815
HGNC:12306	ENSG00000153827
HGNC:12307	ENSG00000071539
HGNC:12309	ENSG00000273611
HGNC:12310	ENSG00000103671
HGNC:12311	ENSG00000087077
HGNC:12312	ENSG00000118418
HGNC:12313	ENSG00000171988
HGNC:1232	ENSG00000135766
HGNC:12326	ENSG00000067445
HGNC:12327	ENSG00000135451
HGNC:1233	ENSG00000160767
HGNC:12333	ENSG00000144935
HGNC:12334	ENSG00000182048
HGNC:12335	ENSG00000138741
HGNC:12336	ENSG00000133107
HGNC:12337	ENSG00000072315
HGNC:12338	ENSG00000137672
HGNC:12339	ENSG00000142185
HGNC:12340	ENSG00000104447
HGNC:12347	ENSG00000196367
HGNC:12362	ENSG00000165699
HGNC:12363	ENSG00000103197
HGNC:12367	ENSG00000123297
HGNC:12369	ENSG00000213265
HGNC:1237	ENSG00000160803
HGNC:12370	ENSG00000106477
HGNC:12371	ENSG00000160188
HGNC:12372	ENSG00000134200
HGNC:12373	ENSG00000165409
HGNC:12377	ENSG00000270641
HGNC:12379	ENSG00000211460
HGNC:12380	ENSG00000116918
HGNC:12381	ENSG00000258992
HGNC:12382	ENSG00000189241
HGNC:12383	ENSG00000032389
HGNC:12384	ENSG00000223756
HGNC:12385	ENSG00000181649
HGNC:12386	ENSG00000184281
HGNC:12388	ENSG00000128311
HGNC:1239	ENSG00000116209
HGNC:12390	ENSG00000104522
HGNC:12391	ENSG00000113312
HGNC:12392	ENSG00000168259
HGNC:12393	ENSG00000182670
HGNC:12394	ENSG00000243725
HGNC:12395	ENSG00000221971
HGNC:12397	ENSG00000125482
HGNC:12398	ENSG00000116830
HGNC:12399	ENSG00000120729
HGNC:124	ENSG00000102575
HGNC:1240	ENSG00000094975
HGNC:12401	ENSG00000112742
HGNC:12403	ENSG00000155657
HGNC:12404	ENSG00000137561
HGNC:12405	ENSG00000118271
HGNC:12406	ENSG00000166402
HGNC:12407	ENSG00000127824
HGNC:12408	ENSG00000198033
HGNC:1241	ENSG00000173372
HGNC:12410	ENSG00000183785
HGNC:12411	ENSG00000237569
HGNC:12412	ENSG00000137267
HGNC:12413	ENSG00000251297
HGNC:12414	ENSG00000127589
HGNC:12415	ENSG00000214222
HGNC:12417	ENSG00000131462
HGNC:12418	ENSG00000237972
HGNC:12419	ENSG00000037042
HGNC:1242	ENSG00000173369
HGNC:12420	ENSG00000178952
HGNC:12421	ENSG00000265646
HGNC:12422	ENSG00000143367
HGNC:12423	ENSG00000112041
HGNC:12424	ENSG00000104804
HGNC:12425	ENSG00000078246
HGNC:12428	ENSG00000122691
HGNC:12429	ENSG00000128791
HGNC:1243	ENSG00000108561
HGNC:12434	ENSG00000074966
HGNC:12435	ENSG00000136810
HGNC:12436	ENSG00000091164
HGNC:12437	ENSG00000198431
HGNC:1244	ENSG00000215353
HGNC:12440	ENSG00000105397
HGNC:12441	ENSG00000176890
HGNC:12442	ENSG00000077498
HGNC:12443	ENSG00000123447
HGNC:12446	ENSG00000092445
HGNC:12447	ENSG00000259581
HGNC:12449	ENSG00000011600
HGNC:1245	ENSG00000159189
HGNC:12450	ENSG00000107165
HGNC:12453	ENSG00000160201
HGNC:12456	ENSG00000212643
HGNC:12457	ENSG00000117143
HGNC:12458	ENSG00000221983
HGNC:1246	ENSG00000159403
HGNC:12461	ENSG00000165006
HGNC:12462	ENSG00000160185
HGNC:12463	ENSG00000170315
HGNC:12464	ENSG00000230037
HGNC:12465	ENSG00000228247
HGNC:12466	ENSG00000223962
HGNC:12467	ENSG00000263563
HGNC:12468	ENSG00000150991
HGNC:12469	ENSG00000130985
HGNC:1247	ENSG00000182326
HGNC:12470	ENSG00000144744
HGNC:12471	ENSG00000182179
HGNC:12472	ENSG00000077721
HGNC:12473	ENSG00000119048
HGNC:12474	ENSG00000072401
HGNC:12475	ENSG00000131508
HGNC:12476	ENSG00000109332
HGNC:12477	ENSG00000170142
HGNC:12478	ENSG00000182247
HGNC:12479	ENSG00000170035
HGNC:1248	ENSG00000166278
HGNC:12480	ENSG00000184182
HGNC:12482	ENSG00000132388
HGNC:12483	ENSG00000184787
HGNC:12484	ENSG00000186591
HGNC:12485	ENSG00000103275
HGNC:12487	ENSG00000131982
HGNC:12488	ENSG00000185651
HGNC:12489	ENSG00000267741
HGNC:1249	ENSG00000088325
HGNC:12490	ENSG00000156587
HGNC:12491	ENSG00000130725
HGNC:12492	ENSG00000177889
HGNC:12494	ENSG00000244687
HGNC:12495	ENSG00000169139
HGNC:12496	ENSG00000114062
HGNC:12498	ENSG00000228941
HGNC:12499	ENSG00000110344
HGNC:125	ENSG00000014257
HGNC:12500	ENSG00000130939
HGNC:12502	ENSG00000116030
HGNC:12504	ENSG00000122042
HGNC:12505	ENSG00000102178
HGNC:12506	ENSG00000118900
HGNC:12507	ENSG00000153560
HGNC:12508	ENSG00000135018
HGNC:12509	ENSG00000188021
HGNC:12510	ENSG00000175520
HGNC:12511	ENSG00000108312
HGNC:12513	ENSG00000154277
HGNC:12515	ENSG00000118939
HGNC:12516	ENSG00000163794
HGNC:12517	ENSG00000109424
HGNC:12518	ENSG00000175567
HGNC:12519	ENSG00000175564
HGNC:12520	ENSG00000070010
HGNC:12523	ENSG00000149021
HGNC:12524	ENSG00000148154
HGNC:12525	ENSG00000109814
HGNC:12527	ENSG00000169764
HGNC:1253	ENSG00000183844
HGNC:12530	ENSG00000241635
HGNC:12531	ENSG00000242515
HGNC:12532	ENSG00000227846
HGNC:12533	ENSG00000228949
HGNC:12534	ENSG00000228445
HGNC:12535	ENSG00000288702
HGNC:12536	ENSG00000244474
HGNC:12537	ENSG00000288705
HGNC:12538	ENSG00000167165
HGNC:12539	ENSG00000244122
HGNC:12540	ENSG00000242366
HGNC:12541	ENSG00000241119
HGNC:12542	ENSG00000173610
HGNC:12544	ENSG00000109181
HGNC:12545	ENSG00000213759
HGNC:12546	ENSG00000196620
HGNC:12547	ENSG00000197888
HGNC:12548	ENSG00000249956
HGNC:12549	ENSG00000215110
HGNC:1255	ENSG00000157578
HGNC:12550	ENSG00000250919
HGNC:12551	ENSG00000251685
HGNC:12552	ENSG00000250566
HGNC:12553	ENSG00000156096
HGNC:12554	ENSG00000171234
HGNC:12555	ENSG00000174607
HGNC:12556	ENSG00000276043
HGNC:12557	ENSG00000147854
HGNC:12558	ENSG00000177169
HGNC:12559	ENSG00000169344
HGNC:12560	ENSG00000177398
HGNC:12562	ENSG00000143179
HGNC:12563	ENSG00000114491
HGNC:12565	ENSG00000109103
HGNC:12566	ENSG00000198722
HGNC:12567	ENSG00000113763
HGNC:12568	ENSG00000107731
HGNC:12569	ENSG00000182168
HGNC:12570	ENSG00000112494
HGNC:12572	ENSG00000076248
HGNC:12575	ENSG00000240520
HGNC:12576	ENSG00000183696
HGNC:12577	ENSG00000105668
HGNC:12578	ENSG00000114638
HGNC:12579	ENSG00000110375
HGNC:1258	ENSG00000185917
HGNC:12580	ENSG00000100373
HGNC:12582	ENSG00000156467
HGNC:12583	ENSG00000237748
HGNC:12584	ENSG00000227941
HGNC:12585	ENSG00000010256
HGNC:12586	ENSG00000140740
HGNC:12587	ENSG00000169021
HGNC:12588	ENSG00000226085
HGNC:12590	ENSG00000173660
HGNC:12591	ENSG00000126088
HGNC:12592	ENSG00000188690
HGNC:12593	ENSG00000158773
HGNC:12594	ENSG00000105698
HGNC:12597	ENSG00000006611
HGNC:126	ENSG00000100312
HGNC:1260	ENSG00000160226
HGNC:12601	ENSG00000042781
HGNC:12605	ENSG00000163646
HGNC:12607	ENSG00000162607
HGNC:12608	ENSG00000103194
HGNC:12609	ENSG00000102226
HGNC:12610	ENSG00000253213
HGNC:12611	ENSG00000058056
HGNC:12612	ENSG00000101557
HGNC:12613	ENSG00000135655
HGNC:12614	ENSG00000156256
HGNC:12615	ENSG00000251694
HGNC:12616	ENSG00000184979
HGNC:12617	ENSG00000172046
HGNC:12618	ENSG00000036672
HGNC:12619	ENSG00000136878
HGNC:1262	ENSG00000227702
HGNC:12620	ENSG00000143258
HGNC:12621	ENSG00000124422
HGNC:12623	ENSG00000162402
HGNC:12624	ENSG00000155313
HGNC:12625	ENSG00000048028
HGNC:12626	ENSG00000140455
HGNC:12627	ENSG00000114316
HGNC:12628	ENSG00000111667
HGNC:12629	ENSG00000129204
HGNC:1263	ENSG00000232401
HGNC:12630	ENSG00000187555
HGNC:12631	ENSG00000138592
HGNC:12632	ENSG00000124486
HGNC:12633	ENSG00000114374
HGNC:12634	ENSG00000171794
HGNC:12635	ENSG00000152818
HGNC:12636	ENSG00000049247
HGNC:12637	ENSG00000147050
HGNC:12638	ENSG00000183878
HGNC:1264	ENSG00000225298
HGNC:12640	ENSG00000198382
HGNC:12641	ENSG00000126756
HGNC:12642	ENSG00000139190
HGNC:12643	ENSG00000220205
HGNC:12644	ENSG00000049245
HGNC:12645	ENSG00000117533
HGNC:12646	ENSG00000168899
HGNC:12647	ENSG00000118640
HGNC:12648	ENSG00000101558
HGNC:12649	ENSG00000124164
HGNC:1265	ENSG00000223806
HGNC:12651	ENSG00000204394
HGNC:12652	ENSG00000125753
HGNC:12654	ENSG00000199990
HGNC:12655	ENSG00000202111
HGNC:12656	ENSG00000202515
HGNC:12657	ENSG00000141968
HGNC:12658	ENSG00000160293
HGNC:12659	ENSG00000134215
HGNC:1266	ENSG00000157617
HGNC:12660	ENSG00000148704
HGNC:12661	ENSG00000116035
HGNC:12662	ENSG00000155959
HGNC:12663	ENSG00000162692
HGNC:12665	ENSG00000035403
HGNC:12666	ENSG00000165280
HGNC:12667	ENSG00000182583
HGNC:12668	ENSG00000129864
HGNC:12669	ENSG00000213585
HGNC:12670	ENSG00000213856
HGNC:12671	ENSG00000073905
HGNC:12672	ENSG00000165637
HGNC:12673	ENSG00000214976
HGNC:12674	ENSG00000078668
HGNC:12675	ENSG00000235060
HGNC:12676	ENSG00000270858
HGNC:12679	ENSG00000111424
HGNC:1268	ENSG00000175894
HGNC:12680	ENSG00000112715
HGNC:12681	ENSG00000173511
HGNC:12682	ENSG00000150630
HGNC:12684	ENSG00000128564
HGNC:12687	ENSG00000134086
HGNC:12690	ENSG00000127831
HGNC:12691	ENSG00000092820
HGNC:12692	ENSG00000026025
HGNC:12693	ENSG00000146469
HGNC:12694	ENSG00000114812
HGNC:12695	ENSG00000106018
HGNC:12697	ENSG00000205221
HGNC:12698	ENSG00000147852
HGNC:127	ENSG00000134940
HGNC:12703	ENSG00000167995
HGNC:12705	ENSG00000112299
HGNC:12706	ENSG00000112303
HGNC:12709	ENSG00000169575
HGNC:1271	ENSG00000235890
HGNC:12710	ENSG00000128218
HGNC:12711	ENSG00000122958
HGNC:12712	ENSG00000184056
HGNC:12713	ENSG00000006715
HGNC:12716	ENSG00000196689
HGNC:12718	ENSG00000100749
HGNC:12719	ENSG00000028116
HGNC:12722	ENSG00000163032
HGNC:12723	ENSG00000100987
HGNC:12724	ENSG00000109072
HGNC:12726	ENSG00000110799
HGNC:12727	ENSG00000241717
HGNC:12729	ENSG00000140105
HGNC:1273	ENSG00000160221
HGNC:12730	ENSG00000116874
HGNC:12731	ENSG00000015285
HGNC:12732	ENSG00000112290
HGNC:12733	ENSG00000158195
HGNC:12734	ENSG00000132970
HGNC:12735	ENSG00000106299
HGNC:12736	ENSG00000115935
HGNC:12737	ENSG00000239779
HGNC:12738	ENSG00000132471
HGNC:12739	ENSG00000120688
HGNC:1274	ENSG00000215386
HGNC:12741	ENSG00000106682
HGNC:12744	ENSG00000009950
HGNC:12749	ENSG00000086730
HGNC:12754	ENSG00000071127
HGNC:12755	ENSG00000065183
HGNC:12756	ENSG00000160193
HGNC:12757	ENSG00000196363
HGNC:12758	ENSG00000178252
HGNC:12759	ENSG00000116213
HGNC:12760	ENSG00000185658
HGNC:12761	ENSG00000166483
HGNC:12762	ENSG00000109501
HGNC:12765	ENSG00000109101
HGNC:12766	ENSG00000109685
HGNC:12767	ENSG00000147548
HGNC:12768	ENSG00000185049
HGNC:12769	ENSG00000104415
HGNC:1277	ENSG00000232560
HGNC:12770	ENSG00000064205
HGNC:12771	ENSG00000112761
HGNC:12774	ENSG00000125084
HGNC:12775	ENSG00000169884
HGNC:12776	ENSG00000085741
HGNC:12778	ENSG00000143816
HGNC:12779	ENSG00000158955
HGNC:12780	ENSG00000105989
HGNC:12781	ENSG00000134245
HGNC:12782	ENSG00000108379
HGNC:12783	ENSG00000162552
HGNC:12784	ENSG00000114251
HGNC:12785	ENSG00000115596
HGNC:12786	ENSG00000154764
HGNC:12787	ENSG00000188064
HGNC:12788	ENSG00000061492
HGNC:12789	ENSG00000075290
HGNC:1279	ENSG00000231755
HGNC:12790	ENSG00000182093
HGNC:12791	ENSG00000165392
HGNC:12796	ENSG00000184937
HGNC:12799	ENSG00000186153
HGNC:1280	ENSG00000142188
HGNC:12801	ENSG00000100219
HGNC:12802	ENSG00000249947
HGNC:12805	ENSG00000158125
HGNC:12806	ENSG00000124343
HGNC:12807	ENSG00000227447
HGNC:12810	ENSG00000229807
HGNC:12811	ENSG00000047597
HGNC:12814	ENSG00000136936
HGNC:12816	ENSG00000154767
HGNC:12820	ENSG00000148300
HGNC:12822	ENSG00000108039
HGNC:12823	ENSG00000122121
HGNC:12825	ENSG00000082898
HGNC:12826	ENSG00000184575
HGNC:12827	ENSG00000143324
HGNC:12828	ENSG00000073050
HGNC:12829	ENSG00000196584
HGNC:1283	ENSG00000185433
HGNC:12830	ENSG00000126215
HGNC:12831	ENSG00000152422
HGNC:12833	ENSG00000079246
HGNC:12836	ENSG00000088930
HGNC:12839	ENSG00000093217
HGNC:12840	ENSG00000134684
HGNC:12841	ENSG00000176105
HGNC:12842	ENSG00000224003
HGNC:12843	ENSG00000136758
HGNC:12844	ENSG00000236831
HGNC:12845	ENSG00000100027
HGNC:12849	ENSG00000166913
HGNC:1285	ENSG00000230323
HGNC:12851	ENSG00000108953
HGNC:12852	ENSG00000170027
HGNC:12853	ENSG00000128245
HGNC:12854	ENSG00000134308
HGNC:12855	ENSG00000164924
HGNC:12856	ENSG00000100811
HGNC:12857	ENSG00000146839
HGNC:12858	ENSG00000115085
HGNC:12859	ENSG00000239305
HGNC:1286	ENSG00000159055
HGNC:12860	ENSG00000198081
HGNC:12861	ENSG00000180787
HGNC:12862	ENSG00000128016
HGNC:12863	ENSG00000136866
HGNC:12865	ENSG00000189420
HGNC:12866	ENSG00000159917
HGNC:12867	ENSG00000196652
HGNC:12868	ENSG00000162300
HGNC:12869	ENSG00000005889
HGNC:12870	ENSG00000067646
HGNC:12871	ENSG00000165156
HGNC:12872	ENSG00000152977
HGNC:12873	ENSG00000043355
HGNC:12874	ENSG00000156925
HGNC:12875	ENSG00000269699
HGNC:12876	ENSG00000143570
HGNC:12877	ENSG00000084073
HGNC:12879	ENSG00000256223
HGNC:12880	ENSG00000197020
HGNC:12881	ENSG00000181896
HGNC:12886	ENSG00000103994
HGNC:12887	ENSG00000196247
HGNC:12888	ENSG00000241738
HGNC:12892	ENSG00000062370
HGNC:12894	ENSG00000178150
HGNC:12897	ENSG00000152926
HGNC:129	ENSG00000143632
HGNC:1290	ENSG00000205930
HGNC:12902	ENSG00000164631
HGNC:12904	ENSG00000197961
HGNC:12906	ENSG00000255259
HGNC:12907	ENSG00000196418
HGNC:1291	ENSG00000142197
HGNC:12915	ENSG00000172262
HGNC:12916	ENSG00000131849
HGNC:12917	ENSG00000125846
HGNC:12918	ENSG00000213762
HGNC:12919	ENSG00000176293
HGNC:12920	ENSG00000196646
HGNC:12921	ENSG00000123870
HGNC:12922	ENSG00000197008
HGNC:12924	ENSG00000105708
HGNC:12925	ENSG00000196387
HGNC:12926	ENSG00000131127
HGNC:12927	ENSG00000115568
HGNC:12928	ENSG00000166478
HGNC:12929	ENSG00000277258
HGNC:1293	ENSG00000205670
HGNC:12930	ENSG00000109906
HGNC:12931	ENSG00000167635
HGNC:12932	ENSG00000121060
HGNC:12933	ENSG00000163848
HGNC:12936	ENSG00000116809
HGNC:12939	ENSG00000179909
HGNC:1294	ENSG00000230978
HGNC:12940	ENSG00000204920
HGNC:12942	ENSG00000147117
HGNC:12945	ENSG00000182141
HGNC:12947	ENSG00000170631
HGNC:12948	ENSG00000170949
HGNC:12949	ENSG00000136451
HGNC:12950	ENSG00000168066
HGNC:12953	ENSG00000197279
HGNC:12955	ENSG00000196345
HGNC:12957	ENSG00000175787
HGNC:12958	ENSG00000186272
HGNC:1296	ENSG00000229086
HGNC:12962	ENSG00000234127
HGNC:12963	ENSG00000103343
HGNC:12964	ENSG00000105497
HGNC:12966	ENSG00000188629
HGNC:12968	ENSG00000128482
HGNC:12969	ENSG00000154957
HGNC:1297	ENSG00000177692
HGNC:12970	ENSG00000167384
HGNC:12971	ENSG00000197841
HGNC:12974	ENSG00000125352
HGNC:12975	ENSG00000096654
HGNC:12976	ENSG00000147394
HGNC:12978	ENSG00000197062
HGNC:1298	ENSG00000160284
HGNC:12980	ENSG00000136870
HGNC:12981	ENSG00000157429
HGNC:12983	ENSG00000198315
HGNC:12984	ENSG00000137185
HGNC:12986	ENSG00000005801
HGNC:12988	ENSG00000186448
HGNC:12989	ENSG00000121741
HGNC:1299	ENSG00000182362
HGNC:12991	ENSG00000275111
HGNC:12992	ENSG00000132010
HGNC:12993	ENSG00000010539
HGNC:12994	ENSG00000166261
HGNC:12995	ENSG00000204789
HGNC:12996	ENSG00000122386
HGNC:12997	ENSG00000130182
HGNC:12998	ENSG00000010244
HGNC:12999	ENSG00000160321
HGNC:130	ENSG00000107796
HGNC:1300	ENSG00000160298
HGNC:13000	ENSG00000269138
HGNC:13001	ENSG00000147118
HGNC:13003	ENSG00000121417
HGNC:13004	ENSG00000170260
HGNC:13005	ENSG00000085644
HGNC:13006	ENSG00000149050
HGNC:13007	ENSG00000149054
HGNC:13008	ENSG00000107372
HGNC:13009	ENSG00000171940
HGNC:1301	ENSG00000159079
HGNC:13010	ENSG00000182463
HGNC:13011	ENSG00000165804
HGNC:13012	ENSG00000165512
HGNC:13013	ENSG00000083168
HGNC:13014	ENSG00000159905
HGNC:13015	ENSG00000159885
HGNC:13016	ENSG00000178386
HGNC:13017	ENSG00000267680
HGNC:13018	ENSG00000256294
HGNC:13019	ENSG00000167380
HGNC:1302	ENSG00000156253
HGNC:13020	ENSG00000131115
HGNC:13022	ENSG00000278318
HGNC:13023	ENSG00000167377
HGNC:13024	ENSG00000159882
HGNC:13026	ENSG00000167840
HGNC:13027	ENSG00000263002
HGNC:13028	ENSG00000130856
HGNC:13029	ENSG00000132950
HGNC:13030	ENSG00000179456
HGNC:13031	ENSG00000196793
HGNC:13032	ENSG00000172466
HGNC:1304	ENSG00000170262
HGNC:13041	ENSG00000198105
HGNC:13043	ENSG00000175395
HGNC:13044	ENSG00000196150
HGNC:13045	ENSG00000198169
HGNC:13046	ENSG00000196922
HGNC:13047	ENSG00000213096
HGNC:13049	ENSG00000152454
HGNC:1305	ENSG00000205929
HGNC:13050	ENSG00000163867
HGNC:13051	ENSG00000109917
HGNC:13052	ENSG00000219565
HGNC:13053	ENSG00000198393
HGNC:13054	ENSG00000147130
HGNC:13055	ENSG00000146463
HGNC:13056	ENSG00000006194
HGNC:13057	ENSG00000083844
HGNC:13058	ENSG00000132485
HGNC:13059	ENSG00000174652
HGNC:1306	ENSG00000186732
HGNC:13060	ENSG00000185947
HGNC:13061	ENSG00000090612
HGNC:13065	ENSG00000257267
HGNC:13067	ENSG00000198039
HGNC:13068	ENSG00000171606
HGNC:13069	ENSG00000063587
HGNC:1307	ENSG00000100211
HGNC:13070	ENSG00000198839
HGNC:13071	ENSG00000100105
HGNC:13073	ENSG00000198538
HGNC:13075	ENSG00000162702
HGNC:13076	ENSG00000170265
HGNC:13077	ENSG00000167637
HGNC:13078	ENSG00000186026
HGNC:13079	ENSG00000267508
HGNC:1308	ENSG00000100263
HGNC:13080	ENSG00000108452
HGNC:13081	ENSG00000140386
HGNC:13082	ENSG00000198862
HGNC:13083	ENSG00000173276
HGNC:13085	ENSG00000236104
HGNC:13088	ENSG00000219368
HGNC:13089	ENSG00000166526
HGNC:1309	ENSG00000054611
HGNC:13090	ENSG00000168661
HGNC:13091	ENSG00000145908
HGNC:13093	ENSG00000121903
HGNC:13094	ENSG00000124226
HGNC:13095	ENSG00000169740
HGNC:13096	ENSG00000189180
HGNC:13097	ENSG00000196693
HGNC:13098	ENSG00000196378
HGNC:13099	ENSG00000169981
HGNC:1310	ENSG00000198792
HGNC:13101	ENSG00000106261
HGNC:13102	ENSG00000075407
HGNC:13103	ENSG00000234420
HGNC:13104	ENSG00000166529
HGNC:13107	ENSG00000147124
HGNC:13108	ENSG00000099326
HGNC:13109	ENSG00000198521
HGNC:13110	ENSG00000197857
HGNC:13111	ENSG00000124459
HGNC:13112	ENSG00000089775
HGNC:13114	ENSG00000180035
HGNC:1312	ENSG00000100271
HGNC:13124	ENSG00000267419
HGNC:13125	ENSG00000171970
HGNC:13128	ENSG00000147180
HGNC:1313	ENSG00000100376
HGNC:13135	ENSG00000160229
HGNC:13138	ENSG00000198429
HGNC:13139	ENSG00000147789
HGNC:1314	ENSG00000100364
HGNC:13140	ENSG00000187792
HGNC:13141	ENSG00000197951
HGNC:13142	ENSG00000184624
HGNC:13143	ENSG00000288262
HGNC:13144	ENSG00000185252
HGNC:13145	ENSG00000186376
HGNC:13146	ENSG00000162086
HGNC:13147	ENSG00000258212
HGNC:13148	ENSG00000288393
HGNC:13149	ENSG00000065029
HGNC:13150	ENSG00000175691
HGNC:13153	ENSG00000196152
HGNC:13154	ENSG00000278129
HGNC:13155	ENSG00000174255
HGNC:13156	ENSG00000197779
HGNC:13158	ENSG00000167766
HGNC:13159	ENSG00000198040
HGNC:1316	ENSG00000143924
HGNC:13160	ENSG00000105750
HGNC:13164	ENSG00000169714
HGNC:13165	ENSG00000213988
HGNC:13166	ENSG00000167232
HGNC:13168	ENSG00000146757
HGNC:13169	ENSG00000184635
HGNC:1317	ENSG00000005436
HGNC:13172	ENSG00000158691
HGNC:13174	ENSG00000197360
HGNC:13175	ENSG00000213973
HGNC:13176	ENSG00000185811
HGNC:13177	ENSG00000030419
HGNC:13178	ENSG00000161405
HGNC:13179	ENSG00000123411
HGNC:1318	ENSG00000125730
HGNC:13180	ENSG00000165861
HGNC:13182	ENSG00000066379
HGNC:13187	ENSG00000149506
HGNC:13188	ENSG00000103310
HGNC:13189	ENSG00000188372
HGNC:1319	ENSG00000171860
HGNC:13192	ENSG00000105821
HGNC:13194	ENSG00000086827
HGNC:13195	ENSG00000122952
HGNC:13198	ENSG00000198205
HGNC:13199	ENSG00000198455
HGNC:132	ENSG00000075624
HGNC:13200	ENSG00000159840
HGNC:13201	ENSG00000142303
HGNC:13202	ENSG00000163638
HGNC:13203	ENSG00000111732
HGNC:13205	ENSG00000082146
HGNC:13206	ENSG00000115993
HGNC:13208	ENSG00000164331
HGNC:13209	ENSG00000050327
HGNC:1321	ENSG00000113845
HGNC:13210	ENSG00000113966
HGNC:13211	ENSG00000017260
HGNC:13213	ENSG00000249222
HGNC:13214	ENSG00000256280
HGNC:13215	ENSG00000232362
HGNC:13216	ENSG00000249256
HGNC:1322	ENSG00000080822
HGNC:13221	ENSG00000119866
HGNC:13222	ENSG00000127152
HGNC:13225	ENSG00000116652
HGNC:13228	ENSG00000232416
HGNC:13229	ENSG00000124549
HGNC:1323	ENSG00000244731
HGNC:13231	ENSG00000110665
HGNC:13232	ENSG00000123094
HGNC:13233	ENSG00000140350
HGNC:13234	ENSG00000089486
HGNC:13236	ENSG00000105176
HGNC:13237	ENSG00000105696
HGNC:13238	ENSG00000101474
HGNC:13239	ENSG00000166979
HGNC:1324	ENSG00000224389
HGNC:13240	ENSG00000234300
HGNC:13241	ENSG00000128408
HGNC:13242	ENSG00000010282
HGNC:13243	ENSG00000105983
HGNC:13244	ENSG00000146909
HGNC:13247	ENSG00000048828
HGNC:13248	ENSG00000183166
HGNC:13249	ENSG00000182472
HGNC:1325	ENSG00000123838
HGNC:13251	ENSG00000149654
HGNC:13253	ENSG00000217555
HGNC:13254	ENSG00000068438
HGNC:13257	ENSG00000111729
HGNC:13258	ENSG00000198178
HGNC:1326	ENSG00000224462
HGNC:13261	ENSG00000173335
HGNC:13262	ENSG00000279169
HGNC:13265	ENSG00000171903
HGNC:13266	ENSG00000089737
HGNC:13267	ENSG00000182108
HGNC:1327	ENSG00000232621
HGNC:13273	ENSG00000140279
HGNC:13275	ENSG00000145194
HGNC:13276	ENSG00000149547
HGNC:13277	ENSG00000237064
HGNC:13278	ENSG00000129595
HGNC:1328	ENSG00000123843
HGNC:13280	ENSG00000197930
HGNC:13281	ENSG00000187017
HGNC:13285	ENSG00000182263
HGNC:13286	ENSG00000132436
HGNC:13287	ENSG00000261308
HGNC:1329	ENSG00000014824
HGNC:13291	ENSG00000034713
HGNC:13299	ENSG00000205213
HGNC:133	ENSG00000198062
HGNC:1330	ENSG00000172399
HGNC:13300	ENSG00000156097
HGNC:13301	ENSG00000180929
HGNC:13302	ENSG00000112218
HGNC:13307	ENSG00000184574
HGNC:13308	ENSG00000167191
HGNC:13309	ENSG00000170412
HGNC:1331	ENSG00000106804
HGNC:13310	ENSG00000111291
HGNC:13311	ENSG00000167914
HGNC:13312	ENSG00000148834
HGNC:13315	ENSG00000147099
HGNC:13316	ENSG00000230547
HGNC:13317	ENSG00000223904
HGNC:13318	ENSG00000220557
HGNC:13319	ENSG00000259699
HGNC:1332	ENSG00000228212
HGNC:13320	ENSG00000224159
HGNC:13321	ENSG00000236683
HGNC:13322	ENSG00000248641
HGNC:13323	ENSG00000258011
HGNC:13324	ENSG00000115274
HGNC:13326	ENSG00000142149
HGNC:13328	ENSG00000152778
HGNC:1333	ENSG00000055147
HGNC:13335	ENSG00000237941
HGNC:13339	ENSG00000090889
HGNC:1334	ENSG00000170271
HGNC:13340	ENSG00000225025
HGNC:13342	ENSG00000150045
HGNC:13343	ENSG00000188636
HGNC:13345	ENSG00000134324
HGNC:13347	ENSG00000079257
HGNC:13348	ENSG00000167656
HGNC:1335	ENSG00000031003
HGNC:13352	ENSG00000140941
HGNC:13353	ENSG00000197769
HGNC:13356	ENSG00000090674
HGNC:13357	ENSG00000153898
HGNC:13358	ENSG00000055732
HGNC:1336	ENSG00000120709
HGNC:13361	ENSG00000152595
HGNC:13363	ENSG00000185155
HGNC:13368	ENSG00000172689
HGNC:1337	ENSG00000120733
HGNC:13370	ENSG00000071203
HGNC:13371	ENSG00000110079
HGNC:13374	ENSG00000166930
HGNC:13375	ENSG00000110077
HGNC:13378	ENSG00000166927
HGNC:1338	ENSG00000197405
HGNC:13380	ENSG00000166959
HGNC:13386	ENSG00000151414
HGNC:13387	ENSG00000160602
HGNC:13388	ENSG00000166681
HGNC:13389	ENSG00000087303
HGNC:1339	ENSG00000039537
HGNC:13390	ENSG00000196290
HGNC:13394	ENSG00000116218
HGNC:13395	ENSG00000131400
HGNC:13396	ENSG00000131401
HGNC:13397	ENSG00000159348
HGNC:13398	ENSG00000147383
HGNC:13399	ENSG00000205922
HGNC:134	ENSG00000229145
HGNC:1340	ENSG00000186577
HGNC:13403	ENSG00000105717
HGNC:13404	ENSG00000138650
HGNC:13406	ENSG00000186472
HGNC:13408	ENSG00000148843
HGNC:13410	ENSG00000064201
HGNC:13411	ENSG00000006576
HGNC:13414	ENSG00000188784
HGNC:13415	ENSG00000130822
HGNC:13417	ENSG00000167393
HGNC:13420	ENSG00000143363
HGNC:13421	ENSG00000243323
HGNC:13422	ENSG00000213005
HGNC:13426	ENSG00000258427
HGNC:13427	ENSG00000144642
HGNC:13429	ENSG00000131263
HGNC:1343	ENSG00000056972
HGNC:13430	ENSG00000162931
HGNC:13431	ENSG00000168930
HGNC:13432	ENSG00000034677
HGNC:13433	ENSG00000154134
HGNC:13436	ENSG00000092200
HGNC:13437	ENSG00000100218
HGNC:13441	ENSG00000159307
HGNC:13444	ENSG00000197496
HGNC:13445	ENSG00000197241
HGNC:13446	ENSG00000109667
HGNC:13447	ENSG00000111371
HGNC:13448	ENSG00000134294
HGNC:13449	ENSG00000185985
HGNC:13450	ENSG00000172530
HGNC:13452	ENSG00000076382
HGNC:1346	ENSG00000112936
HGNC:13463	ENSG00000187621
HGNC:13464	ENSG00000111897
HGNC:13469	ENSG00000146072
HGNC:13476	ENSG00000167614
HGNC:13477	ENSG00000236444
HGNC:13478	ENSG00000151148
HGNC:13479	ENSG00000135226
HGNC:1348	ENSG00000205413
HGNC:13480	ENSG00000083290
HGNC:13481	ENSG00000110057
HGNC:13482	ENSG00000155070
HGNC:13483	ENSG00000172971
HGNC:13484	ENSG00000250381
HGNC:13485	ENSG00000134588
HGNC:13486	ENSG00000273820
HGNC:13487	ENSG00000069329
HGNC:13488	ENSG00000132612
HGNC:1349	ENSG00000177409
HGNC:13490	ENSG00000091157
HGNC:13495	ENSG00000188859
HGNC:13497	ENSG00000256771
HGNC:13498	ENSG00000197134
HGNC:13499	ENSG00000254004
HGNC:135	ENSG00000213763
HGNC:1350	ENSG00000154438
HGNC:13501	ENSG00000187607
HGNC:13502	ENSG00000141040
HGNC:13503	ENSG00000181722
HGNC:13504	ENSG00000149182
HGNC:13505	ENSG00000131845
HGNC:13506	ENSG00000153266
HGNC:13507	ENSG00000130803
HGNC:13508	ENSG00000183753
HGNC:13509	ENSG00000169857
HGNC:13516	ENSG00000115760
HGNC:13517	ENSG00000112782
HGNC:13518	ENSG00000169504
HGNC:13519	ENSG00000140406
HGNC:1352	ENSG00000157131
HGNC:13520	ENSG00000117899
HGNC:13523	ENSG00000104938
HGNC:13524	ENSG00000183255
HGNC:13525	ENSG00000242950
HGNC:13526	ENSG00000075399
HGNC:13527	ENSG00000100554
HGNC:13528	ENSG00000179913
HGNC:13529	ENSG00000257727
HGNC:1353	ENSG00000021852
HGNC:13530	ENSG00000118600
HGNC:13531	ENSG00000124406
HGNC:13532	ENSG00000164438
HGNC:13533	ENSG00000132932
HGNC:13534	ENSG00000143515
HGNC:13535	ENSG00000130270
HGNC:13536	ENSG00000104043
HGNC:13538	ENSG00000007047
HGNC:13539	ENSG00000177674
HGNC:1354	ENSG00000176919
HGNC:13540	ENSG00000054793
HGNC:13541	ENSG00000166377
HGNC:13542	ENSG00000206190
HGNC:13543	ENSG00000118322
HGNC:13544	ENSG00000104472
HGNC:13546	ENSG00000148229
HGNC:13548	ENSG00000178201
HGNC:13549	ENSG00000145246
HGNC:1355	ENSG00000164823
HGNC:13550	ENSG00000220758
HGNC:13551	ENSG00000219770
HGNC:13552	ENSG00000068650
HGNC:13553	ENSG00000058063
HGNC:13554	ENSG00000101974
HGNC:13556	ENSG00000163913
HGNC:13557	ENSG00000130234
HGNC:1356	ENSG00000147475
HGNC:13561	ENSG00000127124
HGNC:13564	ENSG00000107742
HGNC:13565	ENSG00000196104
HGNC:13567	ENSG00000159289
HGNC:13568	ENSG00000130517
HGNC:1357	ENSG00000176907
HGNC:13572	ENSG00000275395
HGNC:13574	ENSG00000046774
HGNC:13575	ENSG00000141867
HGNC:13576	ENSG00000204481
HGNC:13578	ENSG00000171467
HGNC:13579	ENSG00000159086
HGNC:1358	ENSG00000113600
HGNC:13581	ENSG00000116661
HGNC:13582	ENSG00000110429
HGNC:13583	ENSG00000151876
HGNC:13584	ENSG00000112029
HGNC:13585	ENSG00000116663
HGNC:13586	ENSG00000100225
HGNC:13587	ENSG00000164117
HGNC:13588	ENSG00000112146
HGNC:13589	ENSG00000147912
HGNC:1359	ENSG00000120160
HGNC:13590	ENSG00000138081
HGNC:13592	ENSG00000135108
HGNC:13593	ENSG00000167196
HGNC:13594	ENSG00000048140
HGNC:13595	ENSG00000106336
HGNC:13596	ENSG00000147364
HGNC:13597	ENSG00000174989
HGNC:13598	ENSG00000153558
HGNC:13599	ENSG00000005812
HGNC:13600	ENSG00000164616
HGNC:13601	ENSG00000112234
HGNC:13602	ENSG00000118564
HGNC:13603	ENSG00000182325
HGNC:13604	ENSG00000183580
HGNC:13605	ENSG00000125122
HGNC:13606	ENSG00000173120
HGNC:13607	ENSG00000072803
HGNC:13608	ENSG00000119402
HGNC:13609	ENSG00000230701
HGNC:1361	ENSG00000148120
HGNC:13610	ENSG00000089094
HGNC:13611	ENSG00000127452
HGNC:13613	ENSG00000159069
HGNC:13615	ENSG00000145743
HGNC:13617	ENSG00000141665
HGNC:13618	ENSG00000214050
HGNC:1362	ENSG00000260230
HGNC:13620	ENSG00000134452
HGNC:13621	ENSG00000072041
HGNC:13622	ENSG00000063127
HGNC:13625	ENSG00000130433
HGNC:13626	ENSG00000105605
HGNC:13628	ENSG00000142408
HGNC:13629	ENSG00000174740
HGNC:1363	ENSG00000106771
HGNC:13630	ENSG00000105619
HGNC:13631	ENSG00000130255
HGNC:13632	ENSG00000161021
HGNC:13633	ENSG00000181092
HGNC:13634	ENSG00000147676
HGNC:13635	ENSG00000130300
HGNC:13636	ENSG00000134612
HGNC:13638	ENSG00000236380
HGNC:13639	ENSG00000151650
HGNC:1364	ENSG00000119328
HGNC:13641	ENSG00000228546
HGNC:13644	ENSG00000166188
HGNC:13646	ENSG00000104341
HGNC:1365	ENSG00000160325
HGNC:13652	ENSG00000145734
HGNC:13655	ENSG00000146197
HGNC:13657	ENSG00000242153
HGNC:13658	ENSG00000074527
HGNC:13659	ENSG00000113240
HGNC:1366	ENSG00000160323
HGNC:13664	ENSG00000127603
HGNC:13666	ENSG00000094914
HGNC:13667	ENSG00000072958
HGNC:1367	ENSG00000165698
HGNC:13670	ENSG00000183666
HGNC:13671	ENSG00000274997
HGNC:13672	ENSG00000169926
HGNC:13677	ENSG00000227779
HGNC:1368	ENSG00000133742
HGNC:13680	ENSG00000082126
HGNC:13681	ENSG00000166341
HGNC:1369	ENSG00000154975
HGNC:13698	ENSG00000075218
HGNC:137	ENSG00000286676
HGNC:1370	ENSG00000063180
HGNC:13700	ENSG00000142677
HGNC:13702	ENSG00000101197
HGNC:13703	ENSG00000198042
HGNC:13705	ENSG00000177854
HGNC:13706	ENSG00000105549
HGNC:13707	ENSG00000104112
HGNC:13708	ENSG00000166856
HGNC:13709	ENSG00000143753
HGNC:1371	ENSG00000074410
HGNC:13711	ENSG00000124429
HGNC:13712	ENSG00000174677
HGNC:13714	ENSG00000105507
HGNC:13716	ENSG00000082929
HGNC:13717	ENSG00000112796
HGNC:13718	ENSG00000175592
HGNC:1372	ENSG00000118298
HGNC:13721	ENSG00000173653
HGNC:13722	ENSG00000102898
HGNC:13723	ENSG00000102974
HGNC:13724	ENSG00000159720
HGNC:13726	ENSG00000055609
HGNC:13727	ENSG00000010017
HGNC:13728	ENSG00000182885
HGNC:13729	ENSG00000226790
HGNC:1373	ENSG00000104267
HGNC:13731	ENSG00000090316
HGNC:13732	ENSG00000178257
HGNC:13733	ENSG00000107736
HGNC:13734	ENSG00000149124
HGNC:13735	ENSG00000171700
HGNC:13736	ENSG00000198258
HGNC:1374	ENSG00000164879
HGNC:13740	ENSG00000147481
HGNC:13741	ENSG00000172554
HGNC:13742	ENSG00000274114
HGNC:13743	ENSG00000179148
HGNC:13744	ENSG00000051108
HGNC:13745	ENSG00000105255
HGNC:13746	ENSG00000198797
HGNC:13747	ENSG00000176124
HGNC:13748	ENSG00000231607
HGNC:13749	ENSG00000071889
HGNC:1375	ENSG00000167434
HGNC:13752	ENSG00000177791
HGNC:13753	ENSG00000106701
HGNC:13759	ENSG00000273749
HGNC:13760	ENSG00000055163
HGNC:13761	ENSG00000124232
HGNC:13764	ENSG00000054967
HGNC:13765	ENSG00000166090
HGNC:1377	ENSG00000174990
HGNC:13770	ENSG00000103742
HGNC:13771	ENSG00000167941
HGNC:13779	ENSG00000101236
HGNC:1378	ENSG00000169239
HGNC:13780	ENSG00000168827
HGNC:13782	ENSG00000105954
HGNC:13784	ENSG00000198976
HGNC:13785	ENSG00000124532
HGNC:13787	ENSG00000126453
HGNC:13788	ENSG00000167612
HGNC:1379	ENSG00000260133
HGNC:13796	ENSG00000166845
HGNC:13797	ENSG00000105227
HGNC:13799	ENSG00000089248
HGNC:1380	ENSG00000131686
HGNC:13800	ENSG00000129749
HGNC:13802	ENSG00000123307
HGNC:13804	ENSG00000164600
HGNC:13805	ENSG00000178403
HGNC:13806	ENSG00000122859
HGNC:1381	ENSG00000168748
HGNC:13811	ENSG00000144290
HGNC:13812	ENSG00000136856
HGNC:13813	ENSG00000163798
HGNC:13814	ENSG00000124249
HGNC:13815	ENSG00000135697
HGNC:13816	ENSG00000075673
HGNC:13817	ENSG00000147119
HGNC:13818	ENSG00000124140
HGNC:13819	ENSG00000139155
HGNC:1382	ENSG00000178538
HGNC:13821	ENSG00000125861
HGNC:13823	ENSG00000166342
HGNC:13824	ENSG00000155229
HGNC:13825	ENSG00000169696
HGNC:13826	ENSG00000176399
HGNC:13827	ENSG00000213801
HGNC:13829	ENSG00000135925
HGNC:1383	ENSG00000107159
HGNC:13830	ENSG00000174469
HGNC:13831	ENSG00000120008
HGNC:13834	ENSG00000106714
HGNC:13838	ENSG00000197177
HGNC:13839	ENSG00000152990
HGNC:1384	ENSG00000157782
HGNC:13840	ENSG00000188092
HGNC:13841	ENSG00000112414
HGNC:13842	ENSG00000182986
HGNC:13843	ENSG00000205903
HGNC:13846	ENSG00000225463
HGNC:13847	ENSG00000197935
HGNC:13848	ENSG00000089335
HGNC:1385	ENSG00000167791
HGNC:13850	ENSG00000219891
HGNC:13851	ENSG00000232040
HGNC:13853	ENSG00000189298
HGNC:13854	ENSG00000187626
HGNC:13855	ENSG00000248578
HGNC:1386	ENSG00000175544
HGNC:13861	ENSG00000061337
HGNC:13862	ENSG00000137707
HGNC:13867	ENSG00000147010
HGNC:13869	ENSG00000115318
HGNC:13870	ENSG00000167005
HGNC:13871	ENSG00000111605
HGNC:13872	ENSG00000111913
HGNC:13875	ENSG00000128573
HGNC:13877	ENSG00000141540
HGNC:13879	ENSG00000174527
HGNC:1388	ENSG00000141837
HGNC:13880	ENSG00000136286
HGNC:13884	ENSG00000172350
HGNC:13886	ENSG00000138075
HGNC:13887	ENSG00000143921
HGNC:1389	ENSG00000148408
HGNC:13890	ENSG00000078747
HGNC:139	ENSG00000203413
HGNC:1390	ENSG00000151067
HGNC:13900	ENSG00000101049
HGNC:13902	ENSG00000166396
HGNC:13906	ENSG00000123933
HGNC:13907	ENSG00000179774
HGNC:13908	ENSG00000142700
HGNC:13909	ENSG00000064218
HGNC:1391	ENSG00000157388
HGNC:13910	ENSG00000269502
HGNC:13911	ENSG00000142025
HGNC:13913	ENSG00000143006
HGNC:13916	ENSG00000204444
HGNC:13917	ENSG00000198563
HGNC:13918	ENSG00000204469
HGNC:13919	ENSG00000204463
HGNC:1392	ENSG00000198216
HGNC:13920	ENSG00000204438
HGNC:13921	ENSG00000204427
HGNC:13922	ENSG00000204296
HGNC:13923	ENSG00000227057
HGNC:13924	ENSG00000204623
HGNC:13927	ENSG00000204542
HGNC:1393	ENSG00000102001
HGNC:13930	ENSG00000204536
HGNC:13931	ENSG00000240053
HGNC:13932	ENSG00000204428
HGNC:13933	ENSG00000204424
HGNC:13934	ENSG00000255552
HGNC:13935	ENSG00000244355
HGNC:13936	ENSG00000204421
HGNC:13937	ENSG00000204420
HGNC:13938	ENSG00000228727
HGNC:13939	ENSG00000204396
HGNC:1394	ENSG00000006283
HGNC:13940	ENSG00000204392
HGNC:13941	ENSG00000204385
HGNC:13943	ENSG00000204314
HGNC:13944	ENSG00000241404
HGNC:13945	ENSG00000213654
HGNC:13946	ENSG00000219738
HGNC:13947	ENSG00000228688
HGNC:13948	ENSG00000230056
HGNC:13949	ENSG00000204315
HGNC:1395	ENSG00000196557
HGNC:13950	ENSG00000214563
HGNC:13951	ENSG00000216915
HGNC:13954	ENSG00000197903
HGNC:13957	ENSG00000218347
HGNC:13958	ENSG00000237285
HGNC:13959	ENSG00000223457
HGNC:1396	ENSG00000100346
HGNC:13961	ENSG00000204687
HGNC:13962	ENSG00000235559
HGNC:13963	ENSG00000112462
HGNC:13964	ENSG00000220721
HGNC:13966	ENSG00000168131
HGNC:13967	ENSG00000187763
HGNC:13968	ENSG00000182477
HGNC:1397	ENSG00000081248
HGNC:13970	ENSG00000217315
HGNC:13971	ENSG00000204695
HGNC:13972	ENSG00000243729
HGNC:13973	ENSG00000158553
HGNC:13974	ENSG00000204356
HGNC:13975	ENSG00000174572
HGNC:13976	ENSG00000204194
HGNC:13977	ENSG00000231301
HGNC:13978	ENSG00000213916
HGNC:13979	ENSG00000218069
HGNC:13980	ENSG00000216676
HGNC:13982	ENSG00000213900
HGNC:13983	ENSG00000228364
HGNC:13985	ENSG00000235238
HGNC:13986	ENSG00000176933
HGNC:13987	ENSG00000214892
HGNC:1399	ENSG00000153956
HGNC:13992	ENSG00000120913
HGNC:13993	ENSG00000152784
HGNC:13994	ENSG00000164256
HGNC:13995	ENSG00000170325
HGNC:13996	ENSG00000019485
HGNC:13997	ENSG00000130711
HGNC:13998	ENSG00000112238
HGNC:13999	ENSG00000141956
HGNC:140	ENSG00000185607
HGNC:1400	ENSG00000007402
HGNC:14000	ENSG00000142611
HGNC:14001	ENSG00000147596
HGNC:14002	ENSG00000111328
HGNC:14003	ENSG00000188801
HGNC:14004	ENSG00000134343
HGNC:14005	ENSG00000242265
HGNC:14006	ENSG00000165125
HGNC:14007	ENSG00000054277
HGNC:14008	ENSG00000213347
HGNC:1401	ENSG00000067191
HGNC:14010	ENSG00000174197
HGNC:14011	ENSG00000136824
HGNC:14013	ENSG00000113810
HGNC:14014	ENSG00000162959
HGNC:14015	ENSG00000101489
HGNC:14017	ENSG00000204121
HGNC:14018	ENSG00000230122
HGNC:14019	ENSG00000244280
HGNC:1402	ENSG00000165995
HGNC:14021	ENSG00000223788
HGNC:14022	ENSG00000129845
HGNC:14023	ENSG00000212855
HGNC:14024	ENSG00000169789
HGNC:14025	ENSG00000115665
HGNC:14026	ENSG00000183117
HGNC:14027	ENSG00000154719
HGNC:1403	ENSG00000167535
HGNC:14033	ENSG00000204316
HGNC:14034	ENSG00000116221
HGNC:14035	ENSG00000106591
HGNC:14036	ENSG00000185414
HGNC:14037	ENSG00000143314
HGNC:1404	ENSG00000182389
HGNC:14042	ENSG00000174547
HGNC:14044	ENSG00000111639
HGNC:14045	ENSG00000125901
HGNC:14046	ENSG00000266472
HGNC:14047	ENSG00000239789
HGNC:14048	ENSG00000182180
HGNC:14049	ENSG00000120333
HGNC:1405	ENSG00000108878
HGNC:14050	ENSG00000181991
HGNC:14051	ENSG00000243927
HGNC:14052	ENSG00000115364
HGNC:14053	ENSG00000158042
HGNC:14054	ENSG00000137547
HGNC:14055	ENSG00000159111
HGNC:14056	ENSG00000112651
HGNC:14058	ENSG00000161082
HGNC:14059	ENSG00000140488
HGNC:1406	ENSG00000166862
HGNC:14060	ENSG00000135945
HGNC:14061	ENSG00000110031
HGNC:14062	ENSG00000099869
HGNC:14063	ENSG00000068024
HGNC:14064	ENSG00000094631
HGNC:14065	ENSG00000048052
HGNC:14067	ENSG00000061273
HGNC:14068	ENSG00000108840
HGNC:1407	ENSG00000006116
HGNC:14073	ENSG00000132681
HGNC:14074	ENSG00000155816
HGNC:14075	ENSG00000185053
HGNC:14076	ENSG00000143418
HGNC:14077	ENSG00000165553
HGNC:14078	ENSG00000112182
HGNC:14079	ENSG00000174343
HGNC:1408	ENSG00000075461
HGNC:14082	ENSG00000011426
HGNC:14083	ENSG00000266714
HGNC:14085	ENSG00000115310
HGNC:14086	ENSG00000239810
HGNC:14088	ENSG00000091844
HGNC:14089	ENSG00000076924
HGNC:1409	ENSG00000075429
HGNC:14090	ENSG00000123570
HGNC:14096	ENSG00000083812
HGNC:14097	ENSG00000235109
HGNC:14098	ENSG00000138442
HGNC:14099	ENSG00000113300
HGNC:141	ENSG00000220267
HGNC:14101	ENSG00000198791
HGNC:14103	ENSG00000104728
HGNC:14104	ENSG00000162664
HGNC:14105	ENSG00000137098
HGNC:14106	ENSG00000175482
HGNC:14107	ENSG00000124225
HGNC:14108	ENSG00000130227
HGNC:14109	ENSG00000235357
HGNC:14111	ENSG00000167699
HGNC:14114	ENSG00000274099
HGNC:14118	ENSG00000095917
HGNC:14120	ENSG00000197253
HGNC:14121	ENSG00000161980
HGNC:14122	ENSG00000007545
HGNC:14124	ENSG00000103148
HGNC:14125	ENSG00000233614
HGNC:14126	ENSG00000234769
HGNC:14129	ENSG00000204371
HGNC:14130	ENSG00000123329
HGNC:14131	ENSG00000127588
HGNC:14132	ENSG00000088387
HGNC:14133	ENSG00000198736
HGNC:14134	ENSG00000116176
HGNC:14135	ENSG00000007541
HGNC:14136	ENSG00000260284
HGNC:14137	ENSG00000206053
HGNC:14138	ENSG00000277142
HGNC:14139	ENSG00000161992
HGNC:14141	ENSG00000130731
HGNC:14142	ENSG00000172366
HGNC:14148	ENSG00000161999
HGNC:14150	ENSG00000127585
HGNC:14151	ENSG00000103260
HGNC:14152	ENSG00000103254
HGNC:14153	ENSG00000162004
HGNC:14154	ENSG00000103227
HGNC:14158	ENSG00000131634
HGNC:14160	ENSG00000281219
HGNC:14161	ENSG00000161981
HGNC:14163	ENSG00000167930
HGNC:14169	ENSG00000180185
HGNC:14170	ENSG00000162006
HGNC:14171	ENSG00000251692
HGNC:14173	ENSG00000007376
HGNC:14175	ENSG00000007520
HGNC:14177	ENSG00000103253
HGNC:14178	ENSG00000162040
HGNC:14179	ENSG00000103245
HGNC:14180	ENSG00000185615
HGNC:14184	ENSG00000059145
HGNC:14185	ENSG00000137073
HGNC:14186	ENSG00000105261
HGNC:14188	ENSG00000135407
HGNC:14189	ENSG00000204482
HGNC:14193	ENSG00000196914
HGNC:14195	ENSG00000219274
HGNC:14196	ENSG00000219027
HGNC:14197	ENSG00000141642
HGNC:14198	ENSG00000006744
HGNC:142	ENSG00000266920
HGNC:14201	ENSG00000104369
HGNC:14202	ENSG00000149596
HGNC:14203	ENSG00000154118
HGNC:14209	ENSG00000181894
HGNC:1421	ENSG00000178537
HGNC:14210	ENSG00000100242
HGNC:14211	ENSG00000095585
HGNC:14214	ENSG00000079432
HGNC:14215	ENSG00000147573
HGNC:14216	ENSG00000089116
HGNC:14217	ENSG00000152953
HGNC:14219	ENSG00000239306
HGNC:1422	ENSG00000218363
HGNC:14220	ENSG00000166634
HGNC:14221	ENSG00000206072
HGNC:14222	ENSG00000143355
HGNC:14234	ENSG00000165671
HGNC:14235	ENSG00000149313
HGNC:14236	ENSG00000099958
HGNC:14237	ENSG00000138867
HGNC:14239	ENSG00000133460
HGNC:1424	ENSG00000084774
HGNC:14240	ENSG00000103056
HGNC:14241	ENSG00000104941
HGNC:14244	ENSG00000099246
HGNC:14245	ENSG00000169371
HGNC:14246	ENSG00000008516
HGNC:14247	ENSG00000167283
HGNC:14248	ENSG00000099917
HGNC:14249	ENSG00000167346
HGNC:14250	ENSG00000137675
HGNC:14251	ENSG00000184992
HGNC:14253	ENSG00000223802
HGNC:14254	ENSG00000151014
HGNC:14255	ENSG00000156983
HGNC:14256	ENSG00000096070
HGNC:14257	ENSG00000280165
HGNC:14258	ENSG00000198087
HGNC:14259	ENSG00000167964
HGNC:1426	ENSG00000163618
HGNC:14261	ENSG00000150681
HGNC:14262	ENSG00000158321
HGNC:14263	ENSG00000112210
HGNC:14264	ENSG00000109534
HGNC:14265	ENSG00000139880
HGNC:14267	ENSG00000118946
HGNC:14268	ENSG00000189184
HGNC:14269	ENSG00000177511
HGNC:14270	ENSG00000165194
HGNC:14271	ENSG00000153179
HGNC:14272	ENSG00000175874
HGNC:14273	ENSG00000152430
HGNC:14275	ENSG00000169288
HGNC:14276	ENSG00000105364
HGNC:14277	ENSG00000143436
HGNC:14278	ENSG00000172172
HGNC:14279	ENSG00000180992
HGNC:14280	ENSG00000144021
HGNC:14281	ENSG00000205755
HGNC:14282	ENSG00000119669
HGNC:14283	ENSG00000095574
HGNC:14284	ENSG00000214787
HGNC:14285	ENSG00000166926
HGNC:14287	ENSG00000146938
HGNC:14288	ENSG00000196358
HGNC:14289	ENSG00000196338
HGNC:14290	ENSG00000169992
HGNC:14291	ENSG00000169760
HGNC:14293	ENSG00000125409
HGNC:14294	ENSG00000251322
HGNC:14295	ENSG00000162105
HGNC:14296	ENSG00000205364
HGNC:14297	ENSG00000123178
HGNC:14298	ENSG00000171517
HGNC:14299	ENSG00000180739
HGNC:143	ENSG00000159251
HGNC:14300	ENSG00000144655
HGNC:14301	ENSG00000168334
HGNC:14303	ENSG00000163092
HGNC:14304	ENSG00000141161
HGNC:14305	ENSG00000164309
HGNC:14307	ENSG00000137269
HGNC:14310	ENSG00000166164
HGNC:14311	ENSG00000074590
HGNC:14312	ENSG00000119878
HGNC:14313	ENSG00000122970
HGNC:14315	ENSG00000162894
HGNC:14323	ENSG00000070985
HGNC:14324	ENSG00000173918
HGNC:14325	ENSG00000145861
HGNC:14326	ENSG00000082196
HGNC:14328	ENSG00000203926
HGNC:14329	ENSG00000227234
HGNC:14331	ENSG00000198573
HGNC:14332	ENSG00000196406
HGNC:14333	ENSG00000164929
HGNC:14334	ENSG00000196588
HGNC:14335	ENSG00000107679
HGNC:14336	ENSG00000169499
HGNC:14338	ENSG00000116095
HGNC:14339	ENSG00000105559
HGNC:1434	ENSG00000104327
HGNC:14340	ENSG00000111237
HGNC:14341	ENSG00000186197
HGNC:14342	ENSG00000163145
HGNC:14343	ENSG00000133466
HGNC:14344	ENSG00000223953
HGNC:14346	ENSG00000172247
HGNC:14347	ENSG00000141376
HGNC:14348	ENSG00000115317
HGNC:14349	ENSG00000186522
HGNC:1435	ENSG00000172137
HGNC:14350	ENSG00000179361
HGNC:14351	ENSG00000069493
HGNC:14352	ENSG00000101940
HGNC:14353	ENSG00000163879
HGNC:14355	ENSG00000086619
HGNC:14357	ENSG00000154485
HGNC:14358	ENSG00000170549
HGNC:14359	ENSG00000170561
HGNC:1436	ENSG00000169906
HGNC:14360	ENSG00000177508
HGNC:14361	ENSG00000176842
HGNC:14362	ENSG00000205592
HGNC:14366	ENSG00000271447
HGNC:14367	ENSG00000124243
HGNC:14368	ENSG00000005001
HGNC:14369	ENSG00000111405
HGNC:1437	ENSG00000110680
HGNC:14370	ENSG00000150687
HGNC:14372	ENSG00000142186
HGNC:14373	ENSG00000174842
HGNC:14374	ENSG00000091592
HGNC:14375	ENSG00000087074
HGNC:14376	ENSG00000142513
HGNC:14377	ENSG00000145912
HGNC:14378	ENSG00000182117
HGNC:14379	ENSG00000241322
HGNC:1438	ENSG00000175868
HGNC:14383	ENSG00000239704
HGNC:14386	ENSG00000259944
HGNC:14387	ENSG00000265163
HGNC:14388	ENSG00000088053
HGNC:1439	ENSG00000253179
HGNC:14395	ENSG00000223510
HGNC:14398	ENSG00000167720
HGNC:14399	ENSG00000106066
HGNC:144	ENSG00000184009
HGNC:1440	ENSG00000004948
HGNC:14402	ENSG00000064393
HGNC:14404	ENSG00000164089
HGNC:14405	ENSG00000197892
HGNC:14406	ENSG00000076201
HGNC:14408	ENSG00000172250
HGNC:14409	ENSG00000125454
HGNC:1441	ENSG00000122786
HGNC:14410	ENSG00000174953
HGNC:14411	ENSG00000183032
HGNC:14412	ENSG00000113492
HGNC:14415	ENSG00000118402
HGNC:14416	ENSG00000197977
HGNC:14417	ENSG00000169393
HGNC:14418	ENSG00000066322
HGNC:1442	ENSG00000198668
HGNC:14422	ENSG00000114439
HGNC:14423	ENSG00000080511
HGNC:14428	ENSG00000204764
HGNC:14429	ENSG00000163352
HGNC:1443	ENSG00000223467
HGNC:14430	ENSG00000158296
HGNC:14432	ENSG00000155755
HGNC:14434	ENSG00000138395
HGNC:14435	ENSG00000138380
HGNC:14436	ENSG00000173166
HGNC:14437	ENSG00000226312
HGNC:14438	ENSG00000155754
HGNC:14439	ENSG00000155749
HGNC:1444	ENSG00000230564
HGNC:14440	ENSG00000138439
HGNC:14442	ENSG00000163596
HGNC:14446	ENSG00000116117
HGNC:14448	ENSG00000173662
HGNC:14449	ENSG00000122375
HGNC:1445	ENSG00000143933
HGNC:14450	ENSG00000101577
HGNC:14451	ENSG00000132793
HGNC:14452	ENSG00000141552
HGNC:14453	ENSG00000099284
HGNC:14454	ENSG00000268089
HGNC:14455	ENSG00000277745
HGNC:14456	ENSG00000246705
HGNC:14458	ENSG00000033327
HGNC:1446	ENSG00000267170
HGNC:14460	ENSG00000165795
HGNC:14461	ENSG00000146700
HGNC:14462	ENSG00000101079
HGNC:14463	ENSG00000133195
HGNC:14464	ENSG00000095981
HGNC:14465	ENSG00000124780
HGNC:14466	ENSG00000103034
HGNC:14467	ENSG00000147606
HGNC:14468	ENSG00000112053
HGNC:14469	ENSG00000174502
HGNC:1447	ENSG00000229097
HGNC:14470	ENSG00000135502
HGNC:14471	ENSG00000181045
HGNC:14472	ENSG00000225697
HGNC:14476	ENSG00000166902
HGNC:14477	ENSG00000112110
HGNC:14478	ENSG00000242485
HGNC:14479	ENSG00000197345
HGNC:1448	ENSG00000215482
HGNC:14480	ENSG00000082515
HGNC:14483	ENSG00000108826
HGNC:14484	ENSG00000086504
HGNC:14487	ENSG00000243147
HGNC:14488	ENSG00000130312
HGNC:14489	ENSG00000132313
HGNC:1449	ENSG00000160014
HGNC:14490	ENSG00000171421
HGNC:14491	ENSG00000185608
HGNC:14492	ENSG00000182154
HGNC:14493	ENSG00000198015
HGNC:14495	ENSG00000122140
HGNC:14497	ENSG00000177971
HGNC:14498	ENSG00000144029
HGNC:14499	ENSG00000125445
HGNC:145	ENSG00000163017
HGNC:14501	ENSG00000135972
HGNC:14502	ENSG00000048544
HGNC:14504	ENSG00000116898
HGNC:14508	ENSG00000175110
HGNC:14509	ENSG00000181610
HGNC:14510	ENSG00000062582
HGNC:14511	ENSG00000131368
HGNC:14512	ENSG00000113048
HGNC:14513	ENSG00000147586
HGNC:14514	ENSG00000173141
HGNC:14515	ENSG00000096080
HGNC:14516	ENSG00000204568
HGNC:14517	ENSG00000055950
HGNC:1452	ENSG00000178363
HGNC:14521	ENSG00000178021
HGNC:14522	ENSG00000100253
HGNC:14523	ENSG00000221944
HGNC:14524	ENSG00000008294
HGNC:14525	ENSG00000110172
HGNC:14526	ENSG00000077616
HGNC:14529	ENSG00000204335
HGNC:14530	ENSG00000189120
HGNC:14531	ENSG00000214391
HGNC:14533	ENSG00000255009
HGNC:14534	ENSG00000164871
HGNC:14536	ENSG00000163884
HGNC:14537	ENSG00000119655
HGNC:14539	ENSG00000173821
HGNC:14540	ENSG00000060237
HGNC:14542	ENSG00000165238
HGNC:14543	ENSG00000196632
HGNC:14544	ENSG00000126562
HGNC:14545	ENSG00000152689
HGNC:14546	ENSG00000272674
HGNC:14547	ENSG00000255622
HGNC:14548	ENSG00000146001
HGNC:14549	ENSG00000262096
HGNC:1455	ENSG00000179218
HGNC:14550	ENSG00000148600
HGNC:14552	ENSG00000263528
HGNC:14553	ENSG00000197324
HGNC:14554	ENSG00000166527
HGNC:14555	ENSG00000166523
HGNC:14556	ENSG00000205846
HGNC:14558	ENSG00000172243
HGNC:14559	ENSG00000165283
HGNC:14560	ENSG00000067221
HGNC:14561	ENSG00000131089
HGNC:14562	ENSG00000105829
HGNC:14565	ENSG00000095637
HGNC:14566	ENSG00000137177
HGNC:14568	ENSG00000130413
HGNC:14569	ENSG00000189159
HGNC:14572	ENSG00000132677
HGNC:14573	ENSG00000197217
HGNC:14574	ENSG00000225746
HGNC:14575	ENSG00000214548
HGNC:14576	ENSG00000126217
HGNC:14579	ENSG00000136631
HGNC:1458	ENSG00000128595
HGNC:14580	ENSG00000132694
HGNC:14581	ENSG00000158828
HGNC:14582	ENSG00000078081
HGNC:14583	ENSG00000160695
HGNC:14584	ENSG00000215305
HGNC:14585	ENSG00000008118
HGNC:14587	ENSG00000071243
HGNC:1459	ENSG00000134072
HGNC:14592	ENSG00000173848
HGNC:14596	ENSG00000104643
HGNC:14598	ENSG00000184903
HGNC:14599	ENSG00000137251
HGNC:146	ENSG00000178631
HGNC:1460	ENSG00000070808
HGNC:14600	ENSG00000147509
HGNC:14601	ENSG00000198721
HGNC:14602	ENSG00000267259
HGNC:14603	ENSG00000135164
HGNC:14604	ENSG00000166126
HGNC:14605	ENSG00000151388
HGNC:14607	ENSG00000223573
HGNC:1461	ENSG00000058404
HGNC:14615	ENSG00000116183
HGNC:14616	ENSG00000280109
HGNC:14618	ENSG00000171402
HGNC:1462	ENSG00000145349
HGNC:14620	ENSG00000135269
HGNC:14621	ENSG00000143228
HGNC:14623	ENSG00000184661
HGNC:14624	ENSG00000111665
HGNC:14625	ENSG00000170779
HGNC:14626	ENSG00000146670
HGNC:14628	ENSG00000144354
HGNC:14629	ENSG00000134690
HGNC:1463	ENSG00000148660
HGNC:14630	ENSG00000163703
HGNC:14631	ENSG00000197859
HGNC:14632	ENSG00000178031
HGNC:14633	ENSG00000156218
HGNC:14634	ENSG00000106244
HGNC:14637	ENSG00000144452
HGNC:14638	ENSG00000179869
HGNC:14639	ENSG00000121270
HGNC:1464	ENSG00000152495
HGNC:14640	ENSG00000140798
HGNC:14644	ENSG00000171208
HGNC:14645	ENSG00000127080
HGNC:14646	ENSG00000173456
HGNC:14647	ENSG00000267253
HGNC:14648	ENSG00000165046
HGNC:14650	ENSG00000138398
HGNC:14651	ENSG00000171960
HGNC:14652	ENSG00000197702
HGNC:14653	ENSG00000188677
HGNC:14654	ENSG00000138964
HGNC:14656	ENSG00000177103
HGNC:14660	ENSG00000269858
HGNC:14661	ENSG00000129521
HGNC:14662	ENSG00000163481
HGNC:14663	ENSG00000204450
HGNC:14665	ENSG00000254656
HGNC:14666	ENSG00000173080
HGNC:14668	ENSG00000142606
HGNC:14669	ENSG00000161634
HGNC:14670	ENSG00000101203
HGNC:14671	ENSG00000101442
HGNC:14672	ENSG00000113812
HGNC:14673	ENSG00000163820
HGNC:14674	ENSG00000150275
HGNC:14675	ENSG00000159387
HGNC:14676	ENSG00000163827
HGNC:14677	ENSG00000177030
HGNC:14678	ENSG00000178695
HGNC:14679	ENSG00000139209
HGNC:14680	ENSG00000167674
HGNC:14681	ENSG00000158480
HGNC:14682	ENSG00000122432
HGNC:14683	ENSG00000186866
HGNC:14685	ENSG00000158769
HGNC:14686	ENSG00000154721
HGNC:14687	ENSG00000133800
HGNC:14688	ENSG00000249866
HGNC:14689	ENSG00000213181
HGNC:1469	ENSG00000004660
HGNC:14690	ENSG00000284689
HGNC:14691	ENSG00000239426
HGNC:14692	ENSG00000250884
HGNC:14693	ENSG00000173285
HGNC:14694	ENSG00000248364
HGNC:14695	ENSG00000179055
HGNC:14696	ENSG00000182565
HGNC:14697	ENSG00000176547
HGNC:14698	ENSG00000255425
HGNC:14699	ENSG00000235248
HGNC:147	ENSG00000229129
HGNC:1470	ENSG00000110931
HGNC:14700	ENSG00000197161
HGNC:14701	ENSG00000276119
HGNC:14702	ENSG00000176540
HGNC:14703	ENSG00000279012
HGNC:14704	ENSG00000204246
HGNC:14705	ENSG00000176555
HGNC:14706	ENSG00000223735
HGNC:14707	ENSG00000255804
HGNC:14708	ENSG00000183251
HGNC:14709	ENSG00000184055
HGNC:1471	ENSG00000164615
HGNC:14711	ENSG00000196099
HGNC:14712	ENSG00000254767
HGNC:14713	ENSG00000254613
HGNC:14714	ENSG00000268067
HGNC:14716	ENSG00000258453
HGNC:14718	ENSG00000172377
HGNC:14719	ENSG00000235730
HGNC:1472	ENSG00000164047
HGNC:14721	ENSG00000237225
HGNC:14722	ENSG00000148136
HGNC:14723	ENSG00000186881
HGNC:14724	ENSG00000186509
HGNC:14725	ENSG00000196240
HGNC:14726	ENSG00000155249
HGNC:14727	ENSG00000196539
HGNC:14728	ENSG00000165762
HGNC:14729	ENSG00000180658
HGNC:1473	ENSG00000127022
HGNC:14730	ENSG00000243792
HGNC:14731	ENSG00000176290
HGNC:14732	ENSG00000273423
HGNC:14733	ENSG00000188668
HGNC:14735	ENSG00000176299
HGNC:14736	ENSG00000254841
HGNC:14737	ENSG00000221931
HGNC:14738	ENSG00000278870
HGNC:14739	ENSG00000235213
HGNC:1474	ENSG00000042493
HGNC:14740	ENSG00000258564
HGNC:14741	ENSG00000254430
HGNC:14742	ENSG00000176294
HGNC:14743	ENSG00000181903
HGNC:14744	ENSG00000258541
HGNC:14745	ENSG00000176281
HGNC:14746	ENSG00000229386
HGNC:14747	ENSG00000205847
HGNC:14748	ENSG00000228304
HGNC:14749	ENSG00000223677
HGNC:14750	ENSG00000234288
HGNC:14751	ENSG00000254646
HGNC:14752	ENSG00000197938
HGNC:14753	ENSG00000249975
HGNC:14754	ENSG00000188439
HGNC:14755	ENSG00000171054
HGNC:14756	ENSG00000265340
HGNC:14757	ENSG00000176951
HGNC:14758	ENSG00000176510
HGNC:14759	ENSG00000176798
HGNC:1476	ENSG00000014216
HGNC:14760	ENSG00000203560
HGNC:14761	ENSG00000255131
HGNC:14762	ENSG00000224300
HGNC:14763	ENSG00000248507
HGNC:14764	ENSG00000205496
HGNC:14765	ENSG00000249321
HGNC:14766	ENSG00000273085
HGNC:14767	ENSG00000230301
HGNC:14768	ENSG00000255312
HGNC:14769	ENSG00000176787
HGNC:1477	ENSG00000142330
HGNC:14770	ENSG00000186268
HGNC:14771	ENSG00000187900
HGNC:14772	ENSG00000256574
HGNC:14773	ENSG00000232535
HGNC:14774	ENSG00000231861
HGNC:14779	ENSG00000166408
HGNC:1478	ENSG00000137225
HGNC:14780	ENSG00000228963
HGNC:14781	ENSG00000180934
HGNC:14783	ENSG00000183303
HGNC:14784	ENSG00000182334
HGNC:14785	ENSG00000183313
HGNC:14786	ENSG00000184478
HGNC:14787	ENSG00000266693
HGNC:14788	ENSG00000262980
HGNC:14789	ENSG00000249646
HGNC:1479	ENSG00000162909
HGNC:14790	ENSG00000234895
HGNC:14791	ENSG00000183389
HGNC:14792	ENSG00000188691
HGNC:14793	ENSG00000226157
HGNC:14794	ENSG00000227023
HGNC:14795	ENSG00000205497
HGNC:14796	ENSG00000254925
HGNC:14797	ENSG00000230261
HGNC:14798	ENSG00000255215
HGNC:14799	ENSG00000205495
HGNC:148	ENSG00000215388
HGNC:1480	ENSG00000092529
HGNC:14800	ENSG00000184789
HGNC:14801	ENSG00000225003
HGNC:14803	ENSG00000254752
HGNC:14804	ENSG00000176716
HGNC:14805	ENSG00000237354
HGNC:14806	ENSG00000174937
HGNC:14807	ENSG00000196248
HGNC:14808	ENSG00000230416
HGNC:14809	ENSG00000254737
HGNC:1481	ENSG00000126247
HGNC:14810	ENSG00000185701
HGNC:14811	ENSG00000226461
HGNC:14812	ENSG00000203758
HGNC:14813	ENSG00000227445
HGNC:14814	ENSG00000254603
HGNC:14815	ENSG00000227013
HGNC:14816	ENSG00000186306
HGNC:14817	ENSG00000257763
HGNC:14818	ENSG00000254490
HGNC:14819	ENSG00000172640
HGNC:1482	ENSG00000149260
HGNC:14820	ENSG00000198965
HGNC:14821	ENSG00000181698
HGNC:14822	ENSG00000268020
HGNC:14823	ENSG00000197532
HGNC:14824	ENSG00000181693
HGNC:14825	ENSG00000186092
HGNC:14826	ENSG00000180708
HGNC:14827	ENSG00000232787
HGNC:14828	ENSG00000255461
HGNC:14829	ENSG00000198703
HGNC:1483	ENSG00000077274
HGNC:14831	ENSG00000150261
HGNC:14832	ENSG00000255134
HGNC:14833	ENSG00000176904
HGNC:14834	ENSG00000179170
HGNC:14835	ENSG00000250750
HGNC:14836	ENSG00000198674
HGNC:14837	ENSG00000174339
HGNC:14838	ENSG00000213182
HGNC:14839	ENSG00000237619
HGNC:1484	ENSG00000131375
HGNC:14840	ENSG00000181518
HGNC:14841	ENSG00000279961
HGNC:14842	ENSG00000182634
HGNC:14843	ENSG00000254749
HGNC:14844	ENSG00000272987
HGNC:14845	ENSG00000234560
HGNC:14846	ENSG00000181371
HGNC:14847	ENSG00000184698
HGNC:14848	ENSG00000181499
HGNC:14849	ENSG00000224402
HGNC:1485	ENSG00000203697
HGNC:14850	ENSG00000255466
HGNC:14851	ENSG00000167360
HGNC:14852	ENSG00000171014
HGNC:14853	ENSG00000181001
HGNC:14854	ENSG00000176567
HGNC:14855	ENSG00000172487
HGNC:14856	ENSG00000184321
HGNC:14857	ENSG00000164597
HGNC:14859	ENSG00000130717
HGNC:1486	ENSG00000135773
HGNC:14860	ENSG00000144224
HGNC:14861	ENSG00000233432
HGNC:14862	ENSG00000255529
HGNC:14864	ENSG00000080573
HGNC:14865	ENSG00000123576
HGNC:14866	ENSG00000164161
HGNC:14867	ENSG00000100336
HGNC:14868	ENSG00000128284
HGNC:14869	ENSG00000128313
HGNC:1487	ENSG00000105519
HGNC:14870	ENSG00000221963
HGNC:14871	ENSG00000167641
HGNC:14872	ENSG00000106819
HGNC:14873	ENSG00000039560
HGNC:14874	ENSG00000255346
HGNC:14875	ENSG00000132704
HGNC:14878	ENSG00000163098
HGNC:14879	ENSG00000102786
HGNC:1488	ENSG00000116489
HGNC:14880	ENSG00000130299
HGNC:14881	ENSG00000169554
HGNC:14882	ENSG00000095713
HGNC:14884	ENSG00000069345
HGNC:14885	ENSG00000140403
HGNC:14886	ENSG00000162616
HGNC:14887	ENSG00000137094
HGNC:14888	ENSG00000105993
HGNC:14889	ENSG00000090520
HGNC:1489	ENSG00000230956
HGNC:14890	ENSG00000138050
HGNC:14891	ENSG00000148719
HGNC:14892	ENSG00000176978
HGNC:14893	ENSG00000111981
HGNC:14894	ENSG00000131015
HGNC:14895	ENSG00000131019
HGNC:14896	ENSG00000160460
HGNC:14897	ENSG00000086544
HGNC:14899	ENSG00000138316
HGNC:149	ENSG00000236085
HGNC:1490	ENSG00000198898
HGNC:14900	ENSG00000127318
HGNC:14901	ENSG00000164485
HGNC:14902	ENSG00000154917
HGNC:14903	ENSG00000130540
HGNC:14905	ENSG00000179002
HGNC:14906	ENSG00000100503
HGNC:14907	ENSG00000151379
HGNC:14908	ENSG00000166682
HGNC:14909	ENSG00000169777
HGNC:1491	ENSG00000077549
HGNC:14910	ENSG00000127362
HGNC:14911	ENSG00000127364
HGNC:14912	ENSG00000127366
HGNC:14913	ENSG00000121377
HGNC:14914	ENSG00000185015
HGNC:14915	ENSG00000121314
HGNC:14916	ENSG00000273907
HGNC:14917	ENSG00000121381
HGNC:14918	ENSG00000121318
HGNC:14919	ENSG00000212128
HGNC:1492	ENSG00000197417
HGNC:14920	ENSG00000212127
HGNC:14921	ENSG00000128519
HGNC:14922	ENSG00000127252
HGNC:14923	ENSG00000170075
HGNC:14927	ENSG00000135951
HGNC:14928	ENSG00000167671
HGNC:14929	ENSG00000096717
HGNC:1493	ENSG00000110619
HGNC:14931	ENSG00000142082
HGNC:14932	ENSG00000089163
HGNC:14933	ENSG00000124523
HGNC:14934	ENSG00000077463
HGNC:14935	ENSG00000187531
HGNC:14937	ENSG00000087111
HGNC:14938	ENSG00000124155
HGNC:1494	ENSG00000180318
HGNC:14940	ENSG00000150722
HGNC:14941	ENSG00000160972
HGNC:14942	ENSG00000173281
HGNC:14943	ENSG00000235194
HGNC:14944	ENSG00000049769
HGNC:14945	ENSG00000219607
HGNC:14946	ENSG00000158528
HGNC:14947	ENSG00000125503
HGNC:14948	ENSG00000274523
HGNC:14950	ENSG00000088808
HGNC:14951	ENSG00000158615
HGNC:14952	ENSG00000198729
HGNC:14953	ENSG00000166143
HGNC:14955	ENSG00000085274
HGNC:14956	ENSG00000169550
HGNC:14957	ENSG00000134644
HGNC:14958	ENSG00000055917
HGNC:14959	ENSG00000162775
HGNC:14962	ENSG00000019505
HGNC:14963	ENSG00000165370
HGNC:14964	ENSG00000146385
HGNC:14965	ENSG00000160233
HGNC:14966	ENSG00000130508
HGNC:14967	ENSG00000118434
HGNC:14968	ENSG00000212122
HGNC:14969	ENSG00000089006
HGNC:1497	ENSG00000147044
HGNC:14970	ENSG00000129515
HGNC:14971	ENSG00000162627
HGNC:14972	ENSG00000106266
HGNC:14973	ENSG00000130340
HGNC:14974	ENSG00000086300
HGNC:14975	ENSG00000002919
HGNC:14976	ENSG00000147164
HGNC:14977	ENSG00000135317
HGNC:14978	ENSG00000110025
HGNC:14979	ENSG00000115234
HGNC:1498	ENSG00000234059
HGNC:14980	ENSG00000104497
HGNC:14981	ENSG00000090060
HGNC:14982	ENSG00000115421
HGNC:14983	ENSG00000186660
HGNC:14985	ENSG00000169641
HGNC:14986	ENSG00000065609
HGNC:14987	ENSG00000088280
HGNC:14988	ENSG00000101346
HGNC:14989	ENSG00000180409
HGNC:1499	ENSG00000137752
HGNC:14990	ENSG00000271890
HGNC:14991	ENSG00000248642
HGNC:14992	ENSG00000196266
HGNC:14993	ENSG00000184155
HGNC:14994	ENSG00000158731
HGNC:14995	ENSG00000279111
HGNC:14996	ENSG00000198967
HGNC:14997	ENSG00000232791
HGNC:14998	ENSG00000197591
HGNC:14999	ENSG00000197437
HGNC:15	ENSG00000253937
HGNC:150	ENSG00000233125
HGNC:1500	ENSG00000003400
HGNC:15001	ENSG00000177275
HGNC:15003	ENSG00000229724
HGNC:15004	ENSG00000227102
HGNC:15005	ENSG00000196242
HGNC:15007	ENSG00000177489
HGNC:15008	ENSG00000177476
HGNC:15009	ENSG00000198128
HGNC:15011	ENSG00000197454
HGNC:15012	ENSG00000232215
HGNC:15014	ENSG00000279263
HGNC:15015	ENSG00000237492
HGNC:15016	ENSG00000196944
HGNC:15017	ENSG00000203661
HGNC:15018	ENSG00000198104
HGNC:15019	ENSG00000227152
HGNC:1502	ENSG00000105141
HGNC:15020	ENSG00000177462
HGNC:15021	ENSG00000238243
HGNC:15022	ENSG00000196772
HGNC:15023	ENSG00000198452
HGNC:15024	ENSG00000241128
HGNC:15025	ENSG00000153230
HGNC:15026	ENSG00000177174
HGNC:15027	ENSG00000169214
HGNC:15028	ENSG00000231237
HGNC:15029	ENSG00000196171
HGNC:1503	ENSG00000106144
HGNC:15030	ENSG00000203757
HGNC:15031	ENSG00000180437
HGNC:15032	ENSG00000226949
HGNC:15033	ENSG00000180433
HGNC:15034	ENSG00000197403
HGNC:15035	ENSG00000188340
HGNC:15036	ENSG00000186440
HGNC:15037	ENSG00000230576
HGNC:15038	ENSG00000228336
HGNC:15039	ENSG00000275771
HGNC:1504	ENSG00000164305
HGNC:15040	ENSG00000213048
HGNC:15041	ENSG00000182083
HGNC:15042	ENSG00000178586
HGNC:15043	ENSG00000168992
HGNC:15047	ENSG00000213439
HGNC:15048	ENSG00000242525
HGNC:15049	ENSG00000244222
HGNC:1505	ENSG00000196954
HGNC:15050	ENSG00000215160
HGNC:15052	ENSG00000180770
HGNC:15053	ENSG00000234458
HGNC:15057	ENSG00000249081
HGNC:15059	ENSG00000250710
HGNC:1506	ENSG00000137757
HGNC:15062	ENSG00000272494
HGNC:15063	ENSG00000236791
HGNC:1507	ENSG00000138794
HGNC:15071	ENSG00000216629
HGNC:15072	ENSG00000168126
HGNC:15076	ENSG00000214344
HGNC:15077	ENSG00000232459
HGNC:15078	ENSG00000182854
HGNC:15079	ENSG00000284662
HGNC:1508	ENSG00000165806
HGNC:15082	ENSG00000221858
HGNC:15083	ENSG00000273234
HGNC:15084	ENSG00000221938
HGNC:15085	ENSG00000239981
HGNC:15087	ENSG00000244623
HGNC:15089	ENSG00000217874
HGNC:1509	ENSG00000064012
HGNC:15090	ENSG00000225781
HGNC:15091	ENSG00000179420
HGNC:15093	ENSG00000179468
HGNC:15094	ENSG00000240031
HGNC:15095	ENSG00000258083
HGNC:15096	ENSG00000244292
HGNC:15097	ENSG00000239293
HGNC:15098	ENSG00000177306
HGNC:1510	ENSG00000118412
HGNC:15100	ENSG00000277556
HGNC:15101	ENSG00000179443
HGNC:15102	ENSG00000243641
HGNC:15103	ENSG00000186943
HGNC:15104	ENSG00000136839
HGNC:15105	ENSG00000237443
HGNC:15106	ENSG00000188712
HGNC:15107	ENSG00000236083
HGNC:15108	ENSG00000168828
HGNC:1511	ENSG00000132906
HGNC:15110	ENSG00000171496
HGNC:15111	ENSG00000171501
HGNC:15113	ENSG00000236110
HGNC:15117	ENSG00000270432
HGNC:15118	ENSG00000236316
HGNC:1512	ENSG00000143318
HGNC:15122	ENSG00000225072
HGNC:15124	ENSG00000233685
HGNC:15125	ENSG00000273327
HGNC:15126	ENSG00000235623
HGNC:15127	ENSG00000182531
HGNC:15128	ENSG00000273336
HGNC:15129	ENSG00000236981
HGNC:1513	ENSG00000118729
HGNC:15130	ENSG00000170782
HGNC:15131	ENSG00000166363
HGNC:15132	ENSG00000279000
HGNC:15134	ENSG00000180475
HGNC:15135	ENSG00000272900
HGNC:15136	ENSG00000172289
HGNC:15137	ENSG00000255538
HGNC:15138	ENSG00000254743
HGNC:15139	ENSG00000172772
HGNC:1514	ENSG00000036828
HGNC:15140	ENSG00000254403
HGNC:15141	ENSG00000197887
HGNC:15142	ENSG00000279486
HGNC:15143	ENSG00000188124
HGNC:15144	ENSG00000232511
HGNC:15145	ENSG00000254475
HGNC:15146	ENSG00000178358
HGNC:15147	ENSG00000255493
HGNC:15148	ENSG00000254663
HGNC:15149	ENSG00000254723
HGNC:1515	ENSG00000153113
HGNC:15150	ENSG00000181950
HGNC:15151	ENSG00000254962
HGNC:15152	ENSG00000181958
HGNC:15153	ENSG00000181961
HGNC:15154	ENSG00000255196
HGNC:15155	ENSG00000254637
HGNC:15156	ENSG00000254940
HGNC:15158	ENSG00000181943
HGNC:15159	ENSG00000227547
HGNC:1516	ENSG00000121691
HGNC:15160	ENSG00000254464
HGNC:15161	ENSG00000254769
HGNC:15162	ENSG00000221840
HGNC:15163	ENSG00000255078
HGNC:15164	ENSG00000255349
HGNC:15165	ENSG00000225997
HGNC:15166	ENSG00000254891
HGNC:15167	ENSG00000172188
HGNC:15168	ENSG00000221954
HGNC:15169	ENSG00000258817
HGNC:15170	ENSG00000233301
HGNC:15171	ENSG00000181939
HGNC:15172	ENSG00000279514
HGNC:15173	ENSG00000254466
HGNC:15174	ENSG00000176200
HGNC:15175	ENSG00000166884
HGNC:15176	ENSG00000254770
HGNC:15177	ENSG00000204989
HGNC:15178	ENSG00000172742
HGNC:15180	ENSG00000181927
HGNC:15181	ENSG00000255560
HGNC:15182	ENSG00000254624
HGNC:15183	ENSG00000174982
HGNC:15184	ENSG00000172208
HGNC:15185	ENSG00000230484
HGNC:15187	ENSG00000197023
HGNC:15188	ENSG00000176895
HGNC:15189	ENSG00000197984
HGNC:15190	ENSG00000180723
HGNC:15191	ENSG00000197674
HGNC:15193	ENSG00000197428
HGNC:15194	ENSG00000180785
HGNC:15195	ENSG00000167332
HGNC:15196	ENSG00000280021
HGNC:15197	ENSG00000176925
HGNC:15198	ENSG00000176893
HGNC:15199	ENSG00000198217
HGNC:15200	ENSG00000167359
HGNC:15201	ENSG00000187918
HGNC:15202	ENSG00000248424
HGNC:15203	ENSG00000237272
HGNC:15204	ENSG00000176922
HGNC:15205	ENSG00000176900
HGNC:15206	ENSG00000180909
HGNC:15207	ENSG00000255307
HGNC:15208	ENSG00000175800
HGNC:15209	ENSG00000221996
HGNC:15210	ENSG00000231049
HGNC:15211	ENSG00000187747
HGNC:15212	ENSG00000181609
HGNC:15213	ENSG00000180974
HGNC:15214	ENSG00000277932
HGNC:15215	ENSG00000205409
HGNC:15216	ENSG00000233563
HGNC:15217	ENSG00000183269
HGNC:15218	ENSG00000181616
HGNC:15219	ENSG00000248553
HGNC:15220	ENSG00000232268
HGNC:15221	ENSG00000226288
HGNC:15222	ENSG00000196778
HGNC:15223	ENSG00000181963
HGNC:15224	ENSG00000225101
HGNC:15225	ENSG00000197790
HGNC:15226	ENSG00000226616
HGNC:15228	ENSG00000180988
HGNC:15229	ENSG00000236965
HGNC:15230	ENSG00000181074
HGNC:15231	ENSG00000181009
HGNC:15232	ENSG00000181109
HGNC:15233	ENSG00000171999
HGNC:15234	ENSG00000277514
HGNC:15235	ENSG00000279270
HGNC:15236	ENSG00000233646
HGNC:15237	ENSG00000232381
HGNC:15238	ENSG00000249633
HGNC:15239	ENSG00000175485
HGNC:15240	ENSG00000231070
HGNC:15241	ENSG00000231548
HGNC:15244	ENSG00000255481
HGNC:15245	ENSG00000181023
HGNC:15246	ENSG00000181017
HGNC:15247	ENSG00000180913
HGNC:15248	ENSG00000180919
HGNC:15249	ENSG00000172324
HGNC:15250	ENSG00000255083
HGNC:15251	ENSG00000181273
HGNC:15252	ENSG00000181282
HGNC:15253	ENSG00000283307
HGNC:15254	ENSG00000255172
HGNC:15255	ENSG00000176495
HGNC:15256	ENSG00000235678
HGNC:15257	ENSG00000254795
HGNC:15258	ENSG00000172464
HGNC:15259	ENSG00000184741
HGNC:15260	ENSG00000172459
HGNC:15261	ENSG00000181785
HGNC:15262	ENSG00000180714
HGNC:15265	ENSG00000273408
HGNC:15267	ENSG00000197786
HGNC:15269	ENSG00000255431
HGNC:1527	ENSG00000105974
HGNC:15270	ENSG00000255303
HGNC:15271	ENSG00000198261
HGNC:15272	ENSG00000255218
HGNC:15273	ENSG00000225538
HGNC:15275	ENSG00000272569
HGNC:15276	ENSG00000254848
HGNC:15277	ENSG00000273255
HGNC:15278	ENSG00000273228
HGNC:15279	ENSG00000255386
HGNC:1528	ENSG00000105971
HGNC:15280	ENSG00000279761
HGNC:15281	ENSG00000186113
HGNC:15282	ENSG00000255019
HGNC:15283	ENSG00000205029
HGNC:15284	ENSG00000181837
HGNC:15285	ENSG00000186119
HGNC:15286	ENSG00000182365
HGNC:15287	ENSG00000241356
HGNC:15288	ENSG00000255485
HGNC:15289	ENSG00000205025
HGNC:1529	ENSG00000182533
HGNC:15290	ENSG00000254834
HGNC:15291	ENSG00000255223
HGNC:15292	ENSG00000197866
HGNC:15293	ENSG00000166693
HGNC:15294	ENSG00000150269
HGNC:15295	ENSG00000227892
HGNC:15296	ENSG00000181718
HGNC:15297	ENSG00000172489
HGNC:15298	ENSG00000227806
HGNC:15299	ENSG00000187612
HGNC:1530	ENSG00000107745
HGNC:15301	ENSG00000184933
HGNC:15302	ENSG00000279051
HGNC:15303	ENSG00000238161
HGNC:15304	ENSG00000254593
HGNC:15305	ENSG00000228915
HGNC:15306	ENSG00000255510
HGNC:15307	ENSG00000170953
HGNC:15308	ENSG00000181767
HGNC:15309	ENSG00000181761
HGNC:15310	ENSG00000172154
HGNC:15311	ENSG00000254658
HGNC:15312	ENSG00000167822
HGNC:15313	ENSG00000280314
HGNC:15314	ENSG00000254947
HGNC:15315	ENSG00000181752
HGNC:15316	ENSG00000254903
HGNC:15317	ENSG00000255341
HGNC:15318	ENSG00000256347
HGNC:15319	ENSG00000174914
HGNC:15320	ENSG00000254825
HGNC:15321	ENSG00000181325
HGNC:15322	ENSG00000172457
HGNC:15324	ENSG00000186508
HGNC:15325	ENSG00000272685
HGNC:15327	ENSG00000186124
HGNC:15328	ENSG00000186513
HGNC:15329	ENSG00000179919
HGNC:15332	ENSG00000227423
HGNC:15333	ENSG00000224709
HGNC:15335	ENSG00000179615
HGNC:15337	ENSG00000272963
HGNC:15338	ENSG00000196534
HGNC:15339	ENSG00000170605
HGNC:15340	ENSG00000224622
HGNC:15341	ENSG00000182613
HGNC:15342	ENSG00000227019
HGNC:15343	ENSG00000219926
HGNC:15344	ENSG00000231667
HGNC:15345	ENSG00000258468
HGNC:15346	ENSG00000196832
HGNC:15347	ENSG00000176198
HGNC:15348	ENSG00000258625
HGNC:15349	ENSG00000176219
HGNC:1535	ENSG00000079102
HGNC:15350	ENSG00000258806
HGNC:15351	ENSG00000176253
HGNC:15352	ENSG00000169484
HGNC:15353	ENSG00000169488
HGNC:15354	ENSG00000258822
HGNC:15355	ENSG00000176230
HGNC:15356	ENSG00000176246
HGNC:15358	ENSG00000184394
HGNC:15359	ENSG00000196383
HGNC:1536	ENSG00000078699
HGNC:15360	ENSG00000258641
HGNC:15361	ENSG00000258899
HGNC:15362	ENSG00000169327
HGNC:15363	ENSG00000181803
HGNC:15364	ENSG00000258423
HGNC:15365	ENSG00000258550
HGNC:15366	ENSG00000258275
HGNC:15367	ENSG00000258721
HGNC:1537	ENSG00000129993
HGNC:15370	ENSG00000258855
HGNC:15371	ENSG00000283680
HGNC:15372	ENSG00000184140
HGNC:15373	ENSG00000274102
HGNC:15374	ENSG00000259435
HGNC:15375	ENSG00000183706
HGNC:15376	ENSG00000285135
HGNC:15378	ENSG00000175398
HGNC:15381	ENSG00000176695
HGNC:15388	ENSG00000176231
HGNC:15389	ENSG00000172519
HGNC:1539	ENSG00000067955
HGNC:15390	ENSG00000267450
HGNC:15391	ENSG00000181733
HGNC:15395	ENSG00000266971
HGNC:15399	ENSG00000269678
HGNC:154	ENSG00000229349
HGNC:1540	ENSG00000170099
HGNC:15402	ENSG00000179381
HGNC:15403	ENSG00000218549
HGNC:15404	ENSG00000130538
HGNC:15406	ENSG00000229082
HGNC:15407	ENSG00000242610
HGNC:15408	ENSG00000249730
HGNC:1541	ENSG00000110395
HGNC:15413	ENSG00000170356
HGNC:1542	ENSG00000114423
HGNC:15424	ENSG00000203664
HGNC:15426	ENSG00000182652
HGNC:1543	ENSG00000102924
HGNC:15431	ENSG00000196578
HGNC:15432	ENSG00000172362
HGNC:15434	ENSG00000257792
HGNC:15436	ENSG00000179695
HGNC:15437	ENSG00000205329
HGNC:1544	ENSG00000141668
HGNC:15446	ENSG00000105618
HGNC:15447	ENSG00000171914
HGNC:15448	ENSG00000173905
HGNC:15449	ENSG00000105198
HGNC:15450	ENSG00000152291
HGNC:15451	ENSG00000135052
HGNC:15452	ENSG00000113384
HGNC:15453	ENSG00000182827
HGNC:15454	ENSG00000108061
HGNC:15455	ENSG00000012174
HGNC:15456	ENSG00000140943
HGNC:15459	ENSG00000187848
HGNC:1546	ENSG00000149257
HGNC:15460	ENSG00000157445
HGNC:15461	ENSG00000145050
HGNC:15462	ENSG00000109445
HGNC:15463	ENSG00000174915
HGNC:15464	ENSG00000133710
HGNC:15465	ENSG00000171723
HGNC:15466	ENSG00000103175
HGNC:15467	ENSG00000168589
HGNC:15468	ENSG00000125971
HGNC:15469	ENSG00000116675
HGNC:15470	ENSG00000126698
HGNC:15471	ENSG00000118514
HGNC:15472	ENSG00000128918
HGNC:15473	ENSG00000162526
HGNC:15474	ENSG00000161681
HGNC:15475	ENSG00000172382
HGNC:15476	ENSG00000088986
HGNC:15478	ENSG00000149451
HGNC:15479	ENSG00000197140
HGNC:1548	ENSG00000159228
HGNC:15480	ENSG00000139734
HGNC:15482	ENSG00000254521
HGNC:15483	ENSG00000006837
HGNC:15484	ENSG00000174446
HGNC:15485	ENSG00000231165
HGNC:15486	ENSG00000213672
HGNC:15487	ENSG00000139921
HGNC:15488	ENSG00000110944
HGNC:15489	ENSG00000130844
HGNC:1549	ENSG00000159231
HGNC:15491	ENSG00000268581
HGNC:15492	ENSG00000154122
HGNC:15494	ENSG00000116667
HGNC:15495	ENSG00000244482
HGNC:15496	ENSG00000186152
HGNC:15497	ENSG00000170858
HGNC:155	ENSG00000231340
HGNC:1550	ENSG00000160200
HGNC:15500	ENSG00000167615
HGNC:15502	ENSG00000105617
HGNC:15503	ENSG00000239961
HGNC:15504	ENSG00000133243
HGNC:15505	ENSG00000125505
HGNC:15506	ENSG00000170892
HGNC:15507	ENSG00000219262
HGNC:15508	ENSG00000177192
HGNC:1551	ENSG00000108468
HGNC:15510	ENSG00000180068
HGNC:15511	ENSG00000162738
HGNC:15512	ENSG00000173218
HGNC:15513	ENSG00000185420
HGNC:15514	ENSG00000073921
HGNC:15515	ENSG00000130762
HGNC:15516	ENSG00000103489
HGNC:15517	ENSG00000015532
HGNC:15518	ENSG00000132912
HGNC:15519	ENSG00000261236
HGNC:1552	ENSG00000173894
HGNC:15520	ENSG00000139679
HGNC:15521	ENSG00000182132
HGNC:15522	ENSG00000120049
HGNC:15523	ENSG00000115041
HGNC:15524	ENSG00000182162
HGNC:15525	ENSG00000179528
HGNC:15527	ENSG00000134962
HGNC:15528	ENSG00000100532
HGNC:15529	ENSG00000165246
HGNC:1553	ENSG00000122565
HGNC:15530	ENSG00000130338
HGNC:15531	ENSG00000117395
HGNC:15532	ENSG00000166086
HGNC:15533	ENSG00000187678
HGNC:15534	ENSG00000167858
HGNC:15535	ENSG00000170983
HGNC:1554	ENSG00000141582
HGNC:15544	ENSG00000236827
HGNC:15546	ENSG00000177710
HGNC:15547	ENSG00000154316
HGNC:15548	ENSG00000184608
HGNC:15549	ENSG00000154319
HGNC:1555	ENSG00000094916
HGNC:15550	ENSG00000054267
HGNC:15552	ENSG00000136697
HGNC:15553	ENSG00000198445
HGNC:15558	ENSG00000169314
HGNC:15559	ENSG00000250479
HGNC:1556	ENSG00000183741
HGNC:15561	ENSG00000136695
HGNC:15562	ENSG00000136694
HGNC:15563	ENSG00000125571
HGNC:15564	ENSG00000136696
HGNC:15565	ENSG00000186867
HGNC:15566	ENSG00000132323
HGNC:15567	ENSG00000198478
HGNC:15568	ENSG00000142669
HGNC:15569	ENSG00000154040
HGNC:1557	ENSG00000100307
HGNC:15570	ENSG00000258484
HGNC:15572	ENSG00000163825
HGNC:15573	ENSG00000152217
HGNC:15574	ENSG00000023287
HGNC:15576	ENSG00000071909
HGNC:15577	ENSG00000261150
HGNC:15578	ENSG00000135597
HGNC:15579	ENSG00000171206
HGNC:15580	ENSG00000178104
HGNC:15581	ENSG00000008197
HGNC:15582	ENSG00000181143
HGNC:15583	ENSG00000188501
HGNC:15584	ENSG00000142765
HGNC:15585	ENSG00000137501
HGNC:15586	ENSG00000128594
HGNC:15587	ENSG00000164674
HGNC:15588	ENSG00000102362
HGNC:15589	ENSG00000147041
HGNC:15590	ENSG00000198844
HGNC:15592	ENSG00000184402
HGNC:15593	ENSG00000008324
HGNC:15594	ENSG00000138231
HGNC:15595	ENSG00000221955
HGNC:15597	ENSG00000163755
HGNC:15598	ENSG00000105697
HGNC:15600	ENSG00000118496
HGNC:15604	ENSG00000171101
HGNC:15605	ENSG00000141293
HGNC:15606	ENSG00000109270
HGNC:15607	ENSG00000102606
HGNC:15608	ENSG00000166197
HGNC:15609	ENSG00000268336
HGNC:15610	ENSG00000269253
HGNC:15611	ENSG00000268849
HGNC:15613	ENSG00000269021
HGNC:15617	ENSG00000269580
HGNC:15619	ENSG00000268267
HGNC:15620	ENSG00000142512
HGNC:15621	ENSG00000182747
HGNC:15622	ENSG00000161640
HGNC:15623	ENSG00000224896
HGNC:15624	ENSG00000160961
HGNC:15625	ENSG00000151779
HGNC:15626	ENSG00000244682
HGNC:15629	ENSG00000170340
HGNC:15630	ENSG00000113649
HGNC:15631	ENSG00000196664
HGNC:15632	ENSG00000101916
HGNC:15633	ENSG00000239732
HGNC:15634	ENSG00000174123
HGNC:1564	ENSG00000171097
HGNC:15646	ENSG00000122550
HGNC:1565	ENSG00000144648
HGNC:15653	ENSG00000268101
HGNC:15654	ENSG00000167600
HGNC:15660	ENSG00000214881
HGNC:15661	ENSG00000169962
HGNC:15662	ENSG00000042813
HGNC:15663	ENSG00000136731
HGNC:15664	ENSG00000102595
HGNC:15667	ENSG00000105887
HGNC:15669	ENSG00000164691
HGNC:15671	ENSG00000167604
HGNC:15672	ENSG00000086848
HGNC:15673	ENSG00000146247
HGNC:15674	ENSG00000157216
HGNC:15676	ENSG00000130511
HGNC:15677	ENSG00000107854
HGNC:15678	ENSG00000151967
HGNC:15679	ENSG00000077063
HGNC:1568	ENSG00000185972
HGNC:15680	ENSG00000137877
HGNC:15682	ENSG00000173889
HGNC:15683	ENSG00000176383
HGNC:15684	ENSG00000176597
HGNC:15685	ENSG00000174684
HGNC:15687	ENSG00000005020
HGNC:15688	ENSG00000276545
HGNC:15689	ENSG00000253546
HGNC:1569	ENSG00000187094
HGNC:15690	ENSG00000253779
HGNC:15691	ENSG00000254073
HGNC:15692	ENSG00000253874
HGNC:15694	ENSG00000271138
HGNC:15695	ENSG00000243519
HGNC:15696	ENSG00000254127
HGNC:15697	ENSG00000271093
HGNC:15698	ENSG00000160714
HGNC:1570	ENSG00000163394
HGNC:15702	ENSG00000131013
HGNC:15703	ENSG00000139725
HGNC:15707	ENSG00000183250
HGNC:15708	ENSG00000170915
HGNC:1571	ENSG00000110148
HGNC:15710	ENSG00000122367
HGNC:15712	ENSG00000227725
HGNC:15713	ENSG00000089053
HGNC:15714	ENSG00000138095
HGNC:15715	ENSG00000130479
HGNC:15716	ENSG00000051620
HGNC:15717	ENSG00000179409
HGNC:15718	ENSG00000154856
HGNC:15719	ENSG00000154358
HGNC:15720	ENSG00000196792
HGNC:15721	ENSG00000090372
HGNC:15722	ENSG00000158525
HGNC:15723	ENSG00000187172
HGNC:1573	ENSG00000001631
HGNC:15734	ENSG00000183853
HGNC:15736	ENSG00000167861
HGNC:15739	ENSG00000198774
HGNC:15740	ENSG00000128510
HGNC:15741	ENSG00000136688
HGNC:15743	ENSG00000164010
HGNC:15746	ENSG00000025772
HGNC:15748	ENSG00000171864
HGNC:15749	ENSG00000198183
HGNC:15750	ENSG00000125868
HGNC:15751	ENSG00000125814
HGNC:15754	ENSG00000101335
HGNC:15755	ENSG00000124224
HGNC:15756	ENSG00000125775
HGNC:15757	ENSG00000089012
HGNC:15759	ENSG00000130706
HGNC:15760	ENSG00000174325
HGNC:15761	ENSG00000130703
HGNC:15762	ENSG00000101343
HGNC:15763	ENSG00000132664
HGNC:15764	ENSG00000118707
HGNC:15765	ENSG00000124217
HGNC:15766	ENSG00000101126
HGNC:15767	ENSG00000073712
HGNC:15768	ENSG00000060491
HGNC:15769	ENSG00000205309
HGNC:1577	ENSG00000133101
HGNC:15770	ENSG00000116996
HGNC:15771	ENSG00000088882
HGNC:15772	ENSG00000066777
HGNC:15773	ENSG00000234801
HGNC:15774	ENSG00000170948
HGNC:15775	ENSG00000261279
HGNC:15776	ENSG00000260128
HGNC:15777	ENSG00000178081
HGNC:1578	ENSG00000145386
HGNC:15781	ENSG00000166664
HGNC:15782	ENSG00000285077
HGNC:15783	ENSG00000198826
HGNC:15784	ENSG00000168038
HGNC:15785	ENSG00000253810
HGNC:15787	ENSG00000259512
HGNC:15788	ENSG00000133317
HGNC:15789	ENSG00000164024
HGNC:1579	ENSG00000134057
HGNC:15791	ENSG00000101464
HGNC:15792	ENSG00000149531
HGNC:15794	ENSG00000238151
HGNC:15795	ENSG00000101278
HGNC:15797	ENSG00000101104
HGNC:15799	ENSG00000101363
HGNC:1580	ENSG00000157456
HGNC:15801	ENSG00000088340
HGNC:15802	ENSG00000130700
HGNC:15803	ENSG00000132623
HGNC:15804	ENSG00000125850
HGNC:15805	ENSG00000147174
HGNC:15806	ENSG00000198185
HGNC:15807	ENSG00000198026
HGNC:15808	ENSG00000125812
HGNC:15809	ENSG00000130684
HGNC:1581	ENSG00000112237
HGNC:15811	ENSG00000160256
HGNC:15813	ENSG00000099715
HGNC:15814	ENSG00000131069
HGNC:15815	ENSG00000067248
HGNC:15818	ENSG00000132819
HGNC:15819	ENSG00000148677
HGNC:1582	ENSG00000110092
HGNC:15822	ENSG00000164830
HGNC:15825	ENSG00000124440
HGNC:15827	ENSG00000164707
HGNC:15828	ENSG00000108551
HGNC:15829	ENSG00000170522
HGNC:1583	ENSG00000118971
HGNC:15830	ENSG00000164920
HGNC:15831	ENSG00000145687
HGNC:15832	ENSG00000168000
HGNC:15833	ENSG00000087495
HGNC:15835	ENSG00000232493
HGNC:15836	ENSG00000101292
HGNC:15837	ENSG00000124228
HGNC:15838	ENSG00000235508
HGNC:1584	ENSG00000256847
HGNC:15840	ENSG00000272333
HGNC:15842	ENSG00000112851
HGNC:15844	ENSG00000100099
HGNC:15846	ENSG00000099260
HGNC:15847	ENSG00000139194
HGNC:15848	ENSG00000125354
HGNC:1585	ENSG00000112576
HGNC:15850	ENSG00000101445
HGNC:15851	ENSG00000125967
HGNC:15852	ENSG00000101199
HGNC:15853	ENSG00000124198
HGNC:15854	ENSG00000132640
HGNC:15855	ENSG00000125810
HGNC:15856	ENSG00000124251
HGNC:15857	ENSG00000101193
HGNC:15858	ENSG00000089091
HGNC:15859	ENSG00000089123
HGNC:1586	ENSG00000224473
HGNC:15860	ENSG00000101161
HGNC:15861	ENSG00000101452
HGNC:15862	ENSG00000088826
HGNC:15864	ENSG00000125826
HGNC:15865	ENSG00000088970
HGNC:15866	ENSG00000101189
HGNC:15867	ENSG00000149658
HGNC:15868	ENSG00000100997
HGNC:15869	ENSG00000089177
HGNC:1587	ENSG00000166946
HGNC:15870	ENSG00000101084
HGNC:15872	ENSG00000089101
HGNC:15873	ENSG00000101220
HGNC:15874	ENSG00000101222
HGNC:15875	ENSG00000125843
HGNC:15876	ENSG00000089063
HGNC:15877	ENSG00000088298
HGNC:15878	ENSG00000087589
HGNC:15879	ENSG00000132792
HGNC:15880	ENSG00000101391
HGNC:15881	ENSG00000244274
HGNC:15882	ENSG00000203880
HGNC:15885	ENSG00000101463
HGNC:15886	ENSG00000131043
HGNC:15887	ENSG00000149657
HGNC:15888	ENSG00000258366
HGNC:15889	ENSG00000101311
HGNC:1589	ENSG00000105173
HGNC:15890	ENSG00000022277
HGNC:15891	ENSG00000101019
HGNC:15892	ENSG00000101166
HGNC:15893	ENSG00000125895
HGNC:15894	ENSG00000125779
HGNC:15897	ENSG00000101251
HGNC:15898	ENSG00000089048
HGNC:15899	ENSG00000101247
HGNC:1590	ENSG00000175305
HGNC:15900	ENSG00000125788
HGNC:15901	ENSG00000101052
HGNC:15902	ENSG00000124215
HGNC:15904	ENSG00000149474
HGNC:15905	ENSG00000185513
HGNC:15906	ENSG00000078814
HGNC:15908	ENSG00000173418
HGNC:15909	ENSG00000124160
HGNC:1591	ENSG00000162063
HGNC:15910	ENSG00000244005
HGNC:15911	ENSG00000101361
HGNC:15912	ENSG00000088833
HGNC:15913	ENSG00000132661
HGNC:15916	ENSG00000101349
HGNC:15917	ENSG00000182621
HGNC:15919	ENSG00000101473
HGNC:1592	ENSG00000113328
HGNC:15920	ENSG00000101417
HGNC:15921	ENSG00000125970
HGNC:15922	ENSG00000088320
HGNC:15923	ENSG00000131051
HGNC:15924	ENSG00000101115
HGNC:15925	ENSG00000101347
HGNC:15926	ENSG00000197457
HGNC:15927	ENSG00000125991
HGNC:15928	ENSG00000101307
HGNC:1593	ENSG00000138764
HGNC:15930	ENSG00000125520
HGNC:15931	ENSG00000101298
HGNC:15932	ENSG00000101448
HGNC:15934	ENSG00000101158
HGNC:15935	ENSG00000174306
HGNC:15936	ENSG00000198646
HGNC:15937	ENSG00000175063
HGNC:15938	ENSG00000198276
HGNC:15939	ENSG00000101443
HGNC:1594	ENSG00000134480
HGNC:15940	ENSG00000020256
HGNC:15942	ENSG00000168818
HGNC:15943	ENSG00000102981
HGNC:15944	ENSG00000142789
HGNC:15945	ENSG00000219073
HGNC:15946	ENSG00000183638
HGNC:15947	ENSG00000137831
HGNC:15948	ENSG00000197114
HGNC:1595	ENSG00000118816
HGNC:15950	ENSG00000261678
HGNC:15951	ENSG00000236992
HGNC:15952	ENSG00000215397
HGNC:15954	ENSG00000132773
HGNC:15955	ENSG00000063015
HGNC:15956	ENSG00000151229
HGNC:15957	ENSG00000124116
HGNC:15958	ENSG00000125823
HGNC:15959	ENSG00000125831
HGNC:1596	ENSG00000090061
HGNC:15961	ENSG00000142273
HGNC:15962	ENSG00000141570
HGNC:15963	ENSG00000147434
HGNC:15964	ENSG00000205944
HGNC:15965	ENSG00000187191
HGNC:15966	ENSG00000205916
HGNC:15967	ENSG00000176797
HGNC:15968	ENSG00000104381
HGNC:15970	ENSG00000218823
HGNC:15971	ENSG00000074319
HGNC:15972	ENSG00000104142
HGNC:15973	ENSG00000091073
HGNC:15974	ENSG00000109654
HGNC:15975	ENSG00000122122
HGNC:15977	ENSG00000179111
HGNC:15979	ENSG00000073282
HGNC:15980	ENSG00000134533
HGNC:15981	ENSG00000170684
HGNC:15982	ENSG00000112659
HGNC:15983	ENSG00000154342
HGNC:15984	ENSG00000137074
HGNC:15985	ENSG00000165124
HGNC:15986	ENSG00000131914
HGNC:15987	ENSG00000108010
HGNC:15988	ENSG00000154889
HGNC:15989	ENSG00000134369
HGNC:1599	ENSG00000129315
HGNC:15990	ENSG00000115271
HGNC:15991	ENSG00000185621
HGNC:15992	ENSG00000131061
HGNC:15993	ENSG00000124302
HGNC:15995	ENSG00000170054
HGNC:15996	ENSG00000140093
HGNC:15997	ENSG00000166833
HGNC:15998	ENSG00000067798
HGNC:15999	ENSG00000162430
HGNC:16	ENSG00000196136
HGNC:160	ENSG00000077080
HGNC:1600	ENSG00000082258
HGNC:16000	ENSG00000227199
HGNC:16001	ENSG00000175600
HGNC:16002	ENSG00000168303
HGNC:16005	ENSG00000069812
HGNC:16006	ENSG00000110925
HGNC:16007	ENSG00000158022
HGNC:16008	ENSG00000138100
HGNC:16009	ENSG00000005981
HGNC:16011	ENSG00000065802
HGNC:16012	ENSG00000100628
HGNC:16013	ENSG00000115239
HGNC:16014	ENSG00000127995
HGNC:16015	ENSG00000114978
HGNC:16016	ENSG00000158270
HGNC:16017	ENSG00000088876
HGNC:16018	ENSG00000081803
HGNC:1602	ENSG00000163823
HGNC:16021	ENSG00000156239
HGNC:16022	ENSG00000243064
HGNC:16023	ENSG00000184856
HGNC:16024	ENSG00000224388
HGNC:16027	ENSG00000127084
HGNC:16028	ENSG00000137033
HGNC:16029	ENSG00000143595
HGNC:1603	ENSG00000121807
HGNC:16031	ENSG00000092098
HGNC:16034	ENSG00000134897
HGNC:16035	ENSG00000242866
HGNC:16036	ENSG00000128699
HGNC:16037	ENSG00000123353
HGNC:16038	ENSG00000172057
HGNC:16039	ENSG00000167772
HGNC:1604	ENSG00000183625
HGNC:16040	ENSG00000125703
HGNC:16041	ENSG00000164035
HGNC:16042	ENSG00000179978
HGNC:16043	ENSG00000243504
HGNC:16044	ENSG00000226367
HGNC:16046	ENSG00000115446
HGNC:16047	ENSG00000135617
HGNC:16048	ENSG00000181274
HGNC:16049	ENSG00000110958
HGNC:1605	ENSG00000183813
HGNC:16050	ENSG00000144893
HGNC:16051	ENSG00000148498
HGNC:16052	ENSG00000167685
HGNC:16053	ENSG00000166596
HGNC:16055	ENSG00000119457
HGNC:16058	ENSG00000123213
HGNC:16059	ENSG00000130669
HGNC:1606	ENSG00000160791
HGNC:16060	ENSG00000165832
HGNC:16061	ENSG00000137843
HGNC:16062	ENSG00000105662
HGNC:16063	ENSG00000078403
HGNC:16064	ENSG00000103365
HGNC:16065	ENSG00000023572
HGNC:16066	ENSG00000078124
HGNC:16067	ENSG00000141052
HGNC:16068	ENSG00000160299
HGNC:16069	ENSG00000237662
HGNC:1607	ENSG00000112486
HGNC:16070	ENSG00000216412
HGNC:16071	ENSG00000253521
HGNC:16072	ENSG00000268847
HGNC:16073	ENSG00000144040
HGNC:16074	ENSG00000109180
HGNC:16075	ENSG00000172007
HGNC:16076	ENSG00000178184
HGNC:16077	ENSG00000112679
HGNC:16078	ENSG00000015592
HGNC:1608	ENSG00000126353
HGNC:16082	ENSG00000226930
HGNC:16083	ENSG00000158315
HGNC:16084	ENSG00000072163
HGNC:16085	ENSG00000164466
HGNC:16086	ENSG00000156398
HGNC:16087	ENSG00000107819
HGNC:16088	ENSG00000183605
HGNC:16089	ENSG00000164040
HGNC:1609	ENSG00000179934
HGNC:16090	ENSG00000101856
HGNC:16091	ENSG00000154930
HGNC:16092	ENSG00000226284
HGNC:16093	ENSG00000125533
HGNC:16094	ENSG00000130584
HGNC:16095	ENSG00000124191
HGNC:16096	ENSG00000132821
HGNC:16097	ENSG00000125869
HGNC:16098	ENSG00000025293
HGNC:16099	ENSG00000124091
HGNC:161	ENSG00000187003
HGNC:1610	ENSG00000173585
HGNC:16100	ENSG00000124103
HGNC:16101	ENSG00000213714
HGNC:16102	ENSG00000124098
HGNC:16104	ENSG00000078804
HGNC:16105	ENSG00000132823
HGNC:16106	ENSG00000197183
HGNC:16108	ENSG00000125999
HGNC:16109	ENSG00000125997
HGNC:1611	ENSG00000129048
HGNC:16110	ENSG00000198171
HGNC:16111	ENSG00000149639
HGNC:16112	ENSG00000101342
HGNC:16113	ENSG00000235214
HGNC:16114	ENSG00000124120
HGNC:16115	ENSG00000168703
HGNC:16116	ENSG00000149635
HGNC:16118	ENSG00000131044
HGNC:16119	ENSG00000088356
HGNC:1612	ENSG00000121797
HGNC:16120	ENSG00000229230
HGNC:16121	ENSG00000125998
HGNC:16122	ENSG00000101447
HGNC:16123	ENSG00000183798
HGNC:16125	ENSG00000101353
HGNC:16126	ENSG00000172264
HGNC:16127	ENSG00000288649
HGNC:16128	ENSG00000183260
HGNC:16129	ENSG00000130590
HGNC:1613	ENSG00000173992
HGNC:16130	ENSG00000149651
HGNC:16131	ENSG00000168634
HGNC:16132	ENSG00000271303
HGNC:16133	ENSG00000125875
HGNC:16134	ENSG00000258713
HGNC:16135	ENSG00000197296
HGNC:16136	ENSG00000233838
HGNC:16137	ENSG00000149609
HGNC:16139	ENSG00000180305
HGNC:16140	ENSG00000170191
HGNC:16142	ENSG00000125534
HGNC:16143	ENSG00000149679
HGNC:16144	ENSG00000130701
HGNC:16145	ENSG00000149646
HGNC:16147	ENSG00000125885
HGNC:16148	ENSG00000088766
HGNC:1615	ENSG00000166226
HGNC:16153	ENSG00000101331
HGNC:16154	ENSG00000124104
HGNC:16155	ENSG00000168612
HGNC:16156	ENSG00000124257
HGNC:16157	ENSG00000132801
HGNC:16158	ENSG00000149634
HGNC:16159	ENSG00000174407
HGNC:1616	ENSG00000163468
HGNC:16160	ENSG00000101457
HGNC:16161	ENSG00000168630
HGNC:16162	ENSG00000204070
HGNC:16163	ENSG00000158901
HGNC:16164	ENSG00000243543
HGNC:16165	ENSG00000149636
HGNC:16166	ENSG00000125975
HGNC:16167	ENSG00000124203
HGNC:16168	ENSG00000042062
HGNC:1617	ENSG00000115484
HGNC:16170	ENSG00000196227
HGNC:16171	ENSG00000101421
HGNC:16172	ENSG00000125888
HGNC:16173	ENSG00000101134
HGNC:16174	ENSG00000279610
HGNC:16175	ENSG00000101282
HGNC:16176	ENSG00000124256
HGNC:16177	ENSG00000078898
HGNC:16178	ENSG00000186190
HGNC:16179	ENSG00000186191
HGNC:1618	ENSG00000150753
HGNC:16180	ENSG00000125899
HGNC:16181	ENSG00000100991
HGNC:16182	ENSG00000228593
HGNC:16183	ENSG00000101098
HGNC:16184	ENSG00000125514
HGNC:16185	ENSG00000125995
HGNC:16186	ENSG00000225357
HGNC:16187	ENSG00000101276
HGNC:16188	ENSG00000125898
HGNC:16189	ENSG00000259974
HGNC:16191	ENSG00000101198
HGNC:16192	ENSG00000101194
HGNC:16193	ENSG00000132622
HGNC:16194	ENSG00000228422
HGNC:16195	ENSG00000168746
HGNC:16196	ENSG00000131068
HGNC:16197	ENSG00000172315
HGNC:16198	ENSG00000124196
HGNC:162	ENSG00000148156
HGNC:1620	ENSG00000146731
HGNC:16200	ENSG00000100982
HGNC:16201	ENSG00000227927
HGNC:16203	ENSG00000131050
HGNC:16204	ENSG00000131059
HGNC:16205	ENSG00000125871
HGNC:16206	ENSG00000088782
HGNC:16207	ENSG00000188559
HGNC:16208	ENSG00000125872
HGNC:16209	ENSG00000101413
HGNC:1621	ENSG00000132141
HGNC:16210	ENSG00000149443
HGNC:16211	ENSG00000132631
HGNC:16212	ENSG00000132635
HGNC:16213	ENSG00000101230
HGNC:16214	ENSG00000233686
HGNC:16216	ENSG00000124237
HGNC:16217	ENSG00000124227
HGNC:16218	ENSG00000125903
HGNC:16219	ENSG00000125821
HGNC:1622	ENSG00000135624
HGNC:16221	ENSG00000237687
HGNC:16222	ENSG00000125804
HGNC:16223	ENSG00000149600
HGNC:16224	ENSG00000233354
HGNC:16225	ENSG00000149346
HGNC:16226	ENSG00000124143
HGNC:16227	ENSG00000196476
HGNC:16228	ENSG00000101255
HGNC:16229	ENSG00000125841
HGNC:1623	ENSG00000156261
HGNC:16230	ENSG00000247315
HGNC:16231	ENSG00000054803
HGNC:16232	ENSG00000131055
HGNC:16233	ENSG00000101435
HGNC:16234	ENSG00000124092
HGNC:16235	ENSG00000101152
HGNC:16236	ENSG00000149599
HGNC:16237	ENSG00000213384
HGNC:16239	ENSG00000101181
HGNC:16240	ENSG00000225336
HGNC:16243	ENSG00000101306
HGNC:16244	ENSG00000215440
HGNC:16245	ENSG00000124171
HGNC:16246	ENSG00000226038
HGNC:16247	ENSG00000196209
HGNC:16248	ENSG00000125900
HGNC:16249	ENSG00000101074
HGNC:1625	ENSG00000173578
HGNC:16250	ENSG00000215467
HGNC:16251	ENSG00000214541
HGNC:16252	ENSG00000167098
HGNC:16253	ENSG00000172296
HGNC:16254	ENSG00000125834
HGNC:16255	ENSG00000166948
HGNC:16256	ENSG00000235217
HGNC:16257	ENSG00000101162
HGNC:16258	ENSG00000135632
HGNC:16259	ENSG00000184384
HGNC:16260	ENSG00000141316
HGNC:16261	ENSG00000149742
HGNC:16262	ENSG00000137693
HGNC:16263	ENSG00000149798
HGNC:16264	ENSG00000126602
HGNC:16265	ENSG00000111186
HGNC:16266	ENSG00000135917
HGNC:16267	ENSG00000002745
HGNC:16268	ENSG00000032444
HGNC:16270	ENSG00000100156
HGNC:16271	ENSG00000244588
HGNC:16272	ENSG00000196782
HGNC:16273	ENSG00000169895
HGNC:16274	ENSG00000166265
HGNC:16275	ENSG00000146833
HGNC:16276	ENSG00000132256
HGNC:16277	ENSG00000121236
HGNC:16278	ENSG00000146054
HGNC:1628	ENSG00000170458
HGNC:16280	ENSG00000152503
HGNC:16281	ENSG00000154370
HGNC:16283	ENSG00000106785
HGNC:16284	ENSG00000204610
HGNC:16285	ENSG00000104228
HGNC:16286	ENSG00000155849
HGNC:16287	ENSG00000169599
HGNC:16288	ENSG00000100505
HGNC:16289	ENSG00000204616
HGNC:16290	ENSG00000197323
HGNC:16291	ENSG00000125631
HGNC:16297	ENSG00000100024
HGNC:16298	ENSG00000167470
HGNC:16299	ENSG00000134028
HGNC:163	ENSG00000072110
HGNC:1630	ENSG00000177697
HGNC:16301	ENSG00000230366
HGNC:16302	ENSG00000233316
HGNC:16305	ENSG00000166106
HGNC:16306	ENSG00000275183
HGNC:16309	ENSG00000187116
HGNC:1631	ENSG00000177575
HGNC:16312	ENSG00000242019
HGNC:16313	ENSG00000188508
HGNC:16315	ENSG00000157734
HGNC:16316	ENSG00000255255
HGNC:16317	ENSG00000261084
HGNC:16318	ENSG00000231989
HGNC:16319	ENSG00000241353
HGNC:1632	ENSG00000135535
HGNC:16320	ENSG00000229360
HGNC:16321	ENSG00000241661
HGNC:16324	ENSG00000102055
HGNC:16325	ENSG00000255352
HGNC:16326	ENSG00000236216
HGNC:16327	ENSG00000231765
HGNC:16329	ENSG00000213082
HGNC:1633	ENSG00000177455
HGNC:16330	ENSG00000179967
HGNC:16331	ENSG00000270889
HGNC:16332	ENSG00000213133
HGNC:16334	ENSG00000225622
HGNC:16335	ENSG00000233106
HGNC:16336	ENSG00000227663
HGNC:16337	ENSG00000227401
HGNC:16338	ENSG00000230636
HGNC:16339	ENSG00000234933
HGNC:1634	ENSG00000158477
HGNC:16341	ENSG00000211451
HGNC:16342	ENSG00000213820
HGNC:16343	ENSG00000264257
HGNC:16344	ENSG00000242473
HGNC:16345	ENSG00000274143
HGNC:16347	ENSG00000185274
HGNC:16348	ENSG00000165322
HGNC:1635	ENSG00000158485
HGNC:16350	ENSG00000213050
HGNC:16352	ENSG00000122687
HGNC:16353	ENSG00000102316
HGNC:16354	ENSG00000147576
HGNC:16355	ENSG00000234741
HGNC:16356	ENSG00000182040
HGNC:1636	ENSG00000158481
HGNC:16361	ENSG00000095397
HGNC:16364	ENSG00000136327
HGNC:16366	ENSG00000141946
HGNC:16367	ENSG00000251247
HGNC:16369	ENSG00000116288
HGNC:1637	ENSG00000158473
HGNC:16370	ENSG00000070882
HGNC:16371	ENSG00000256812
HGNC:16372	ENSG00000137414
HGNC:16373	ENSG00000254722
HGNC:16374	ENSG00000224337
HGNC:16375	ENSG00000232730
HGNC:16376	ENSG00000238101
HGNC:16377	ENSG00000218772
HGNC:16378	ENSG00000155719
HGNC:16379	ENSG00000132274
HGNC:1638	ENSG00000158488
HGNC:16380	ENSG00000119401
HGNC:16381	ENSG00000163590
HGNC:16384	ENSG00000130726
HGNC:16385	ENSG00000130305
HGNC:16386	ENSG00000117859
HGNC:16387	ENSG00000006025
HGNC:16388	ENSG00000079156
HGNC:16389	ENSG00000169087
HGNC:1639	ENSG00000116824
HGNC:16390	ENSG00000106100
HGNC:16391	ENSG00000187796
HGNC:16392	ENSG00000021762
HGNC:16393	ENSG00000198286
HGNC:16394	ENSG00000132357
HGNC:16395	ENSG00000144645
HGNC:16396	ENSG00000091039
HGNC:16397	ENSG00000144909
HGNC:16398	ENSG00000141447
HGNC:164	ENSG00000077522
HGNC:16400	ENSG00000162711
HGNC:16403	ENSG00000113761
HGNC:16404	ENSG00000112116
HGNC:16405	ENSG00000071462
HGNC:16406	ENSG00000096093
HGNC:16407	ENSG00000106077
HGNC:16408	ENSG00000136206
HGNC:1641	ENSG00000090659
HGNC:16410	ENSG00000176410
HGNC:16411	ENSG00000135537
HGNC:16412	ENSG00000091106
HGNC:16414	ENSG00000227456
HGNC:16416	ENSG00000185186
HGNC:16417	ENSG00000215424
HGNC:16420	ENSG00000223768
HGNC:16421	ENSG00000110693
HGNC:16422	ENSG00000100065
HGNC:16423	ENSG00000255568
HGNC:16424	ENSG00000184809
HGNC:16425	ENSG00000182586
HGNC:16428	ENSG00000182912
HGNC:16429	ENSG00000121897
HGNC:1643	ENSG00000012124
HGNC:16430	ENSG00000135413
HGNC:16431	ENSG00000093134
HGNC:16432	ENSG00000155096
HGNC:16435	ENSG00000101294
HGNC:16437	ENSG00000149435
HGNC:16438	ENSG00000088836
HGNC:16439	ENSG00000183169
HGNC:16440	ENSG00000167390
HGNC:16441	ENSG00000177202
HGNC:16442	ENSG00000174944
HGNC:16443	ENSG00000188580
HGNC:16445	ENSG00000157379
HGNC:16446	ENSG00000141527
HGNC:16447	ENSG00000197937
HGNC:16448	ENSG00000162174
HGNC:16449	ENSG00000223638
HGNC:1645	ENSG00000272398
HGNC:16451	ENSG00000196337
HGNC:16452	ENSG00000189052
HGNC:16453	ENSG00000213030
HGNC:16454	ENSG00000132911
HGNC:16455	ENSG00000234293
HGNC:16457	ENSG00000156265
HGNC:16458	ENSG00000174680
HGNC:16459	ENSG00000154642
HGNC:1646	ENSG00000236500
HGNC:16460	ENSG00000006607
HGNC:16461	ENSG00000084463
HGNC:16462	ENSG00000165209
HGNC:16463	ENSG00000196504
HGNC:16465	ENSG00000133106
HGNC:16466	ENSG00000107882
HGNC:16467	ENSG00000072818
HGNC:16468	ENSG00000103642
HGNC:16469	ENSG00000114331
HGNC:1647	ENSG00000261333
HGNC:16470	ENSG00000168454
HGNC:16471	ENSG00000180881
HGNC:16472	ENSG00000164175
HGNC:16473	ENSG00000086288
HGNC:16475	ENSG00000103160
HGNC:16476	ENSG00000078902
HGNC:16478	ENSG00000240450
HGNC:16479	ENSG00000239533
HGNC:16480	ENSG00000231141
HGNC:16481	ENSG00000226906
HGNC:16482	ENSG00000215560
HGNC:16483	ENSG00000131538
HGNC:16484	ENSG00000197506
HGNC:16485	ENSG00000188996
HGNC:16486	ENSG00000105963
HGNC:16487	ENSG00000184060
HGNC:16488	ENSG00000175970
HGNC:16489	ENSG00000101844
HGNC:1649	ENSG00000185275
HGNC:16490	ENSG00000074603
HGNC:16491	ENSG00000177595
HGNC:16492	ENSG00000158863
HGNC:16493	ENSG00000108175
HGNC:16494	ENSG00000163746
HGNC:16495	ENSG00000187838
HGNC:16496	ENSG00000164398
HGNC:16497	ENSG00000114698
HGNC:16499	ENSG00000155961
HGNC:165	ENSG00000248746
HGNC:16500	ENSG00000070190
HGNC:16501	ENSG00000131435
HGNC:16502	ENSG00000141314
HGNC:16503	ENSG00000184459
HGNC:16504	ENSG00000167104
HGNC:16505	ENSG00000161544
HGNC:16506	ENSG00000283945
HGNC:16507	ENSG00000163630
HGNC:16508	ENSG00000127328
HGNC:16509	ENSG00000117155
HGNC:16510	ENSG00000103264
HGNC:16511	ENSG00000164402
HGNC:16512	ENSG00000162399
HGNC:16513	ENSG00000165091
HGNC:16516	ENSG00000109787
HGNC:16517	ENSG00000187045
HGNC:16518	ENSG00000187223
HGNC:16519	ENSG00000109113
HGNC:16521	ENSG00000179331
HGNC:16522	ENSG00000165905
HGNC:16523	ENSG00000124839
HGNC:16524	ENSG00000119396
HGNC:16525	ENSG00000222014
HGNC:16526	ENSG00000197142
HGNC:16527	ENSG00000149488
HGNC:16528	ENSG00000104901
HGNC:16529	ENSG00000243453
HGNC:1653	ENSG00000178562
HGNC:16530	ENSG00000234878
HGNC:16531	ENSG00000235698
HGNC:16532	ENSG00000236474
HGNC:16533	ENSG00000225419
HGNC:16534	ENSG00000214612
HGNC:16535	ENSG00000227563
HGNC:16536	ENSG00000233402
HGNC:16537	ENSG00000231241
HGNC:16538	ENSG00000226144
HGNC:16539	ENSG00000215063
HGNC:16540	ENSG00000215553
HGNC:16541	ENSG00000232925
HGNC:16542	ENSG00000227379
HGNC:16543	ENSG00000234187
HGNC:16544	ENSG00000228234
HGNC:16545	ENSG00000235044
HGNC:16546	ENSG00000234075
HGNC:16547	ENSG00000235525
HGNC:16548	ENSG00000226243
HGNC:16549	ENSG00000237929
HGNC:16550	ENSG00000225831
HGNC:16551	ENSG00000231878
HGNC:16552	ENSG00000215448
HGNC:16553	ENSG00000235544
HGNC:16554	ENSG00000233015
HGNC:16555	ENSG00000214835
HGNC:16556	ENSG00000214200
HGNC:16557	ENSG00000237256
HGNC:16558	ENSG00000228601
HGNC:16559	ENSG00000229500
HGNC:1656	ENSG00000169217
HGNC:16560	ENSG00000228820
HGNC:16561	ENSG00000230758
HGNC:16562	ENSG00000228210
HGNC:16563	ENSG00000226948
HGNC:16564	ENSG00000229690
HGNC:16565	ENSG00000235208
HGNC:16566	ENSG00000226094
HGNC:16567	ENSG00000226188
HGNC:16568	ENSG00000237068
HGNC:16569	ENSG00000224497
HGNC:16570	ENSG00000231302
HGNC:16571	ENSG00000232241
HGNC:16572	ENSG00000232333
HGNC:16573	ENSG00000237000
HGNC:16574	ENSG00000231470
HGNC:16575	ENSG00000230837
HGNC:16576	ENSG00000230568
HGNC:16577	ENSG00000236811
HGNC:16579	ENSG00000230935
HGNC:16580	ENSG00000225246
HGNC:16581	ENSG00000226632
HGNC:16582	ENSG00000217809
HGNC:16583	ENSG00000227343
HGNC:16584	ENSG00000225803
HGNC:16585	ENSG00000226229
HGNC:16586	ENSG00000214185
HGNC:16587	ENSG00000185834
HGNC:16588	ENSG00000224274
HGNC:1659	ENSG00000105383
HGNC:16590	ENSG00000213979
HGNC:16593	ENSG00000215546
HGNC:16594	ENSG00000213950
HGNC:16595	ENSG00000226217
HGNC:16596	ENSG00000233711
HGNC:16597	ENSG00000235065
HGNC:16598	ENSG00000214535
HGNC:16599	ENSG00000236527
HGNC:166	ENSG00000130402
HGNC:16600	ENSG00000231715
HGNC:16601	ENSG00000234274
HGNC:16602	ENSG00000228663
HGNC:16603	ENSG00000231307
HGNC:16604	ENSG00000229222
HGNC:16605	ENSG00000227688
HGNC:16606	ENSG00000227693
HGNC:16608	ENSG00000103490
HGNC:16609	ENSG00000106133
HGNC:16610	ENSG00000159455
HGNC:16611	ENSG00000196734
HGNC:16612	ENSG00000244057
HGNC:16613	ENSG00000187170
HGNC:16614	ENSG00000186207
HGNC:16615	ENSG00000163202
HGNC:16617	ENSG00000123095
HGNC:16618	ENSG00000074071
HGNC:1662	ENSG00000174059
HGNC:16620	ENSG00000224309
HGNC:16621	ENSG00000184274
HGNC:16622	ENSG00000178457
HGNC:16626	ENSG00000091428
HGNC:16627	ENSG00000183765
HGNC:16628	ENSG00000138463
HGNC:16629	ENSG00000079337
HGNC:1663	ENSG00000135218
HGNC:16631	ENSG00000134056
HGNC:16632	ENSG00000102738
HGNC:16633	ENSG00000163319
HGNC:16634	ENSG00000090263
HGNC:16635	ENSG00000061794
HGNC:16636	ENSG00000054523
HGNC:16637	ENSG00000109854
HGNC:16638	ENSG00000133226
HGNC:16639	ENSG00000167978
HGNC:1664	ENSG00000073060
HGNC:16641	ENSG00000176358
HGNC:16642	ENSG00000161921
HGNC:16643	ENSG00000163681
HGNC:16644	ENSG00000206013
HGNC:16645	ENSG00000164548
HGNC:16646	ENSG00000122711
HGNC:16647	ENSG00000172215
HGNC:16648	ENSG00000181191
HGNC:16649	ENSG00000207445
HGNC:1665	ENSG00000138760
HGNC:16650	ENSG00000135900
HGNC:16651	ENSG00000278845
HGNC:16652	ENSG00000136522
HGNC:16653	ENSG00000175581
HGNC:16654	ENSG00000136897
HGNC:16655	ENSG00000172590
HGNC:16656	ENSG00000256683
HGNC:16657	ENSG00000121380
HGNC:16658	ENSG00000165943
HGNC:1666	ENSG00000104894
HGNC:16660	ENSG00000146618
HGNC:16661	ENSG00000150627
HGNC:16663	ENSG00000162949
HGNC:16664	ENSG00000214711
HGNC:16665	ENSG00000171388
HGNC:16666	ENSG00000088727
HGNC:16667	ENSG00000112697
HGNC:16668	ENSG00000167644
HGNC:16669	ENSG00000144847
HGNC:1667	ENSG00000004468
HGNC:16671	ENSG00000281473
HGNC:16672	ENSG00000111142
HGNC:16673	ENSG00000143401
HGNC:16674	ENSG00000204979
HGNC:16675	ENSG00000248546
HGNC:16676	ENSG00000139223
HGNC:16677	ENSG00000136938
HGNC:16682	ENSG00000177485
HGNC:16683	ENSG00000264522
HGNC:16684	ENSG00000204822
HGNC:16685	ENSG00000183617
HGNC:16686	ENSG00000162910
HGNC:16687	ENSG00000184708
HGNC:16688	ENSG00000174851
HGNC:16690	ENSG00000164411
HGNC:16691	ENSG00000137822
HGNC:16692	ENSG00000167775
HGNC:16693	ENSG00000250510
HGNC:16694	ENSG00000234287
HGNC:16695	ENSG00000185825
HGNC:16696	ENSG00000100603
HGNC:16697	ENSG00000108018
HGNC:16698	ENSG00000184985
HGNC:16699	ENSG00000156395
HGNC:167	ENSG00000138107
HGNC:16700	ENSG00000169946
HGNC:16701	ENSG00000101608
HGNC:16702	ENSG00000138663
HGNC:16703	ENSG00000091664
HGNC:16704	ENSG00000104888
HGNC:16705	ENSG00000112941
HGNC:16707	ENSG00000198054
HGNC:16708	ENSG00000176973
HGNC:16709	ENSG00000064989
HGNC:16710	ENSG00000166971
HGNC:16711	ENSG00000174130
HGNC:16712	ENSG00000109670
HGNC:16713	ENSG00000188529
HGNC:16714	ENSG00000165495
HGNC:16715	ENSG00000125485
HGNC:16716	ENSG00000132153
HGNC:16717	ENSG00000089876
HGNC:16718	ENSG00000005100
HGNC:16719	ENSG00000134815
HGNC:16721	ENSG00000267631
HGNC:16722	ENSG00000104818
HGNC:16724	ENSG00000240108
HGNC:16725	ENSG00000129295
HGNC:16727	ENSG00000227342
HGNC:16729	ENSG00000240770
HGNC:1673	ENSG00000167286
HGNC:16731	ENSG00000156804
HGNC:16732	ENSG00000124370
HGNC:16733	ENSG00000173231
HGNC:16734	ENSG00000181588
HGNC:16735	ENSG00000240849
HGNC:16736	ENSG00000177932
HGNC:1674	ENSG00000198851
HGNC:16740	ENSG00000066422
HGNC:16742	ENSG00000234107
HGNC:16743	ENSG00000185634
HGNC:16744	ENSG00000148337
HGNC:16746	ENSG00000139793
HGNC:16747	ENSG00000164048
HGNC:1675	ENSG00000160654
HGNC:16752	ENSG00000256124
HGNC:16753	ENSG00000117592
HGNC:16754	ENSG00000131584
HGNC:16756	ENSG00000223488
HGNC:16757	ENSG00000273032
HGNC:16758	ENSG00000111652
HGNC:16759	ENSG00000198131
HGNC:16760	ENSG00000144524
HGNC:16761	ENSG00000187105
HGNC:16762	ENSG00000102935
HGNC:16763	ENSG00000011590
HGNC:16764	ENSG00000186130
HGNC:16765	ENSG00000228184
HGNC:16767	ENSG00000198785
HGNC:16768	ENSG00000116032
HGNC:16769	ENSG00000114745
HGNC:1677	ENSG00000198821
HGNC:16770	ENSG00000137872
HGNC:16771	ENSG00000221880
HGNC:16772	ENSG00000188581
HGNC:16773	ENSG00000198083
HGNC:16775	ENSG00000212725
HGNC:16776	ENSG00000213416
HGNC:16777	ENSG00000221852
HGNC:16778	ENSG00000212901
HGNC:16779	ENSG00000212900
HGNC:1678	ENSG00000010610
HGNC:16781	ENSG00000135838
HGNC:16782	ENSG00000121486
HGNC:16783	ENSG00000134371
HGNC:16784	ENSG00000135842
HGNC:16785	ENSG00000116668
HGNC:16787	ENSG00000116406
HGNC:16788	ENSG00000157060
HGNC:16789	ENSG00000157064
HGNC:16790	ENSG00000198756
HGNC:16791	ENSG00000198860
HGNC:16792	ENSG00000116698
HGNC:16793	ENSG00000164520
HGNC:16795	ENSG00000203722
HGNC:16797	ENSG00000218358
HGNC:16798	ENSG00000155918
HGNC:16799	ENSG00000216444
HGNC:168	ENSG00000115073
HGNC:16800	ENSG00000169876
HGNC:16801	ENSG00000233265
HGNC:16802	ENSG00000237042
HGNC:16803	ENSG00000009335
HGNC:16804	ENSG00000198373
HGNC:16805	ENSG00000278224
HGNC:16806	ENSG00000104517
HGNC:16807	ENSG00000198742
HGNC:16808	ENSG00000159459
HGNC:16809	ENSG00000108854
HGNC:1681	ENSG00000026508
HGNC:16810	ENSG00000135824
HGNC:16811	ENSG00000108423
HGNC:16812	ENSG00000163050
HGNC:16813	ENSG00000182676
HGNC:16814	ENSG00000126733
HGNC:16815	ENSG00000173868
HGNC:16816	ENSG00000116254
HGNC:16817	ENSG00000100056
HGNC:16818	ENSG00000130021
HGNC:1682	ENSG00000196776
HGNC:16820	ENSG00000074660
HGNC:16821	ENSG00000087269
HGNC:16822	ENSG00000125386
HGNC:16823	ENSG00000178307
HGNC:16824	ENSG00000255398
HGNC:16825	ENSG00000102043
HGNC:16826	ENSG00000102804
HGNC:16827	ENSG00000151465
HGNC:16828	ENSG00000093183
HGNC:16829	ENSG00000114767
HGNC:1683	ENSG00000117091
HGNC:16830	ENSG00000008517
HGNC:16831	ENSG00000005379
HGNC:16832	ENSG00000128524
HGNC:16833	ENSG00000170677
HGNC:16834	ENSG00000134986
HGNC:16835	ENSG00000149930
HGNC:16836	ENSG00000135966
HGNC:16837	ENSG00000112799
HGNC:16838	ENSG00000198816
HGNC:16839	ENSG00000130775
HGNC:16840	ENSG00000124641
HGNC:16841	ENSG00000189067
HGNC:16842	ENSG00000175274
HGNC:16843	ENSG00000150175
HGNC:16844	ENSG00000146592
HGNC:16846	ENSG00000146457
HGNC:16847	ENSG00000268902
HGNC:16848	ENSG00000204345
HGNC:16849	ENSG00000123562
HGNC:1685	ENSG00000110448
HGNC:16850	ENSG00000198730
HGNC:16851	ENSG00000136828
HGNC:16852	ENSG00000171150
HGNC:16853	ENSG00000117408
HGNC:16854	ENSG00000109756
HGNC:16855	ENSG00000065308
HGNC:16856	ENSG00000135476
HGNC:16857	ENSG00000129911
HGNC:16858	ENSG00000148429
HGNC:16859	ENSG00000198929
HGNC:1686	ENSG00000143119
HGNC:16860	ENSG00000075856
HGNC:16861	ENSG00000131788
HGNC:16862	ENSG00000136237
HGNC:16863	ENSG00000029363
HGNC:16864	ENSG00000126787
HGNC:16865	ENSG00000168490
HGNC:16867	ENSG00000103549
HGNC:16869	ENSG00000184867
HGNC:16870	ENSG00000165304
HGNC:16871	ENSG00000203772
HGNC:16872	ENSG00000157593
HGNC:16873	ENSG00000112367
HGNC:16874	ENSG00000185518
HGNC:16875	ENSG00000011028
HGNC:16876	ENSG00000172379
HGNC:16877	ENSG00000116688
HGNC:16878	ENSG00000198265
HGNC:16879	ENSG00000100918
HGNC:1688	ENSG00000116815
HGNC:16880	ENSG00000269791
HGNC:16881	ENSG00000158122
HGNC:16882	ENSG00000138622
HGNC:16884	ENSG00000095370
HGNC:16885	ENSG00000125731
HGNC:16887	ENSG00000162366
HGNC:16888	ENSG00000073737
HGNC:16889	ENSG00000115233
HGNC:1689	ENSG00000085063
HGNC:16890	ENSG00000144677
HGNC:16891	ENSG00000173334
HGNC:16892	ENSG00000153283
HGNC:16893	ENSG00000105355
HGNC:16894	ENSG00000109736
HGNC:16895	ENSG00000128606
HGNC:16896	ENSG00000136933
HGNC:16897	ENSG00000132541
HGNC:16898	ENSG00000100842
HGNC:169	ENSG00000138071
HGNC:1690	ENSG00000073754
HGNC:16900	ENSG00000119953
HGNC:16901	ENSG00000072195
HGNC:16902	ENSG00000103507
HGNC:16903	ENSG00000145901
HGNC:16904	ENSG00000096006
HGNC:16905	ENSG00000239474
HGNC:16906	ENSG00000197448
HGNC:16909	ENSG00000080986
HGNC:1691	ENSG00000013725
HGNC:16910	ENSG00000104324
HGNC:16911	ENSG00000233718
HGNC:16912	ENSG00000126749
HGNC:16913	ENSG00000178585
HGNC:16914	ENSG00000170382
HGNC:16915	ENSG00000143575
HGNC:16916	ENSG00000132514
HGNC:16917	ENSG00000132128
HGNC:16918	ENSG00000135316
HGNC:16919	ENSG00000108828
HGNC:1692	ENSG00000135404
HGNC:16920	ENSG00000185043
HGNC:16921	ENSG00000135439
HGNC:16922	ENSG00000157985
HGNC:16923	ENSG00000133612
HGNC:16924	ENSG00000047365
HGNC:16925	ENSG00000186635
HGNC:16926	ENSG00000239886
HGNC:16927	ENSG00000204873
HGNC:16928	ENSG00000171396
HGNC:1693	ENSG00000129226
HGNC:16930	ENSG00000085872
HGNC:16931	ENSG00000149428
HGNC:16932	ENSG00000078114
HGNC:16933	ENSG00000145780
HGNC:16934	ENSG00000141965
HGNC:16935	ENSG00000197548
HGNC:16936	ENSG00000120256
HGNC:16937	ENSG00000144746
HGNC:16938	ENSG00000137965
HGNC:16939	ENSG00000164609
HGNC:1694	ENSG00000110848
HGNC:16940	ENSG00000062282
HGNC:16941	ENSG00000079689
HGNC:16942	ENSG00000134398
HGNC:16943	ENSG00000163171
HGNC:16944	ENSG00000134453
HGNC:16945	ENSG00000172239
HGNC:16946	ENSG00000141696
HGNC:16947	ENSG00000107566
HGNC:16948	ENSG00000074842
HGNC:16949	ENSG00000184083
HGNC:1695	ENSG00000173762
HGNC:16950	ENSG00000124356
HGNC:16951	ENSG00000116679
HGNC:16952	ENSG00000265972
HGNC:16953	ENSG00000133110
HGNC:16954	ENSG00000100276
HGNC:16955	ENSG00000185340
HGNC:16956	ENSG00000111247
HGNC:16959	ENSG00000106636
HGNC:1696	ENSG00000137101
HGNC:16960	ENSG00000138136
HGNC:16961	ENSG00000150637
HGNC:16962	ENSG00000138028
HGNC:16963	ENSG00000155876
HGNC:16964	ENSG00000104671
HGNC:16966	ENSG00000015171
HGNC:16967	ENSG00000128989
HGNC:16968	ENSG00000172995
HGNC:16969	ENSG00000120694
HGNC:1697	ENSG00000019582
HGNC:16970	ENSG00000137218
HGNC:16971	ENSG00000166225
HGNC:16972	ENSG00000236256
HGNC:16973	ENSG00000106341
HGNC:16974	ENSG00000080603
HGNC:16976	ENSG00000163141
HGNC:16977	ENSG00000126264
HGNC:16978	ENSG00000181562
HGNC:16979	ENSG00000134365
HGNC:1698	ENSG00000105369
HGNC:16980	ENSG00000116785
HGNC:16981	ENSG00000248848
HGNC:16982	ENSG00000147324
HGNC:16983	ENSG00000184221
HGNC:16984	ENSG00000108309
HGNC:16985	ENSG00000157326
HGNC:16986	ENSG00000169223
HGNC:16987	ENSG00000165416
HGNC:16988	ENSG00000263465
HGNC:16989	ENSG00000185787
HGNC:1699	ENSG00000007312
HGNC:16990	ENSG00000110696
HGNC:16991	ENSG00000136026
HGNC:16992	ENSG00000171492
HGNC:16993	ENSG00000106803
HGNC:16994	ENSG00000135506
HGNC:16995	ENSG00000135355
HGNC:16996	ENSG00000086598
HGNC:16997	ENSG00000213190
HGNC:16998	ENSG00000170348
HGNC:16999	ENSG00000172409
HGNC:17	ENSG00000114771
HGNC:170	ENSG00000115091
HGNC:1700	ENSG00000121594
HGNC:17001	ENSG00000139278
HGNC:17002	ENSG00000105229
HGNC:17003	ENSG00000243244
HGNC:17004	ENSG00000123124
HGNC:17005	ENSG00000136110
HGNC:17007	ENSG00000276023
HGNC:17008	ENSG00000163781
HGNC:17009	ENSG00000100106
HGNC:1701	ENSG00000110651
HGNC:17010	ENSG00000136243
HGNC:17011	ENSG00000105323
HGNC:17012	ENSG00000213066
HGNC:17013	ENSG00000117281
HGNC:17014	ENSG00000128283
HGNC:17015	ENSG00000136045
HGNC:17016	ENSG00000136504
HGNC:17017	ENSG00000164167
HGNC:17018	ENSG00000107651
HGNC:17019	ENSG00000139174
HGNC:17020	ENSG00000090376
HGNC:17021	ENSG00000148219
HGNC:17022	ENSG00000110756
HGNC:17023	ENSG00000170881
HGNC:17024	ENSG00000136147
HGNC:17025	ENSG00000124749
HGNC:17026	ENSG00000182165
HGNC:17027	ENSG00000112394
HGNC:17028	ENSG00000159210
HGNC:17029	ENSG00000122882
HGNC:1703	ENSG00000112149
HGNC:17030	ENSG00000198522
HGNC:17031	ENSG00000114124
HGNC:17032	ENSG00000155659
HGNC:17034	ENSG00000114383
HGNC:17035	ENSG00000120699
HGNC:17036	ENSG00000164106
HGNC:17037	ENSG00000029639
HGNC:17038	ENSG00000074416
HGNC:17039	ENSG00000182087
HGNC:1704	ENSG00000066294
HGNC:17040	ENSG00000108349
HGNC:17041	ENSG00000164070
HGNC:17042	ENSG00000179950
HGNC:17043	ENSG00000170113
HGNC:17044	ENSG00000140157
HGNC:17045	ENSG00000140807
HGNC:17046	ENSG00000145506
HGNC:17049	ENSG00000234324
HGNC:1705	ENSG00000114013
HGNC:17050	ENSG00000037241
HGNC:17052	ENSG00000138674
HGNC:17053	ENSG00000143850
HGNC:17054	ENSG00000198825
HGNC:17055	ENSG00000175727
HGNC:17056	ENSG00000089169
HGNC:17057	ENSG00000105483
HGNC:17058	ENSG00000100036
HGNC:17059	ENSG00000211456
HGNC:1706	ENSG00000153563
HGNC:17060	ENSG00000075945
HGNC:17061	ENSG00000148450
HGNC:17062	ENSG00000130956
HGNC:17063	ENSG00000115839
HGNC:17064	ENSG00000118985
HGNC:17066	ENSG00000100813
HGNC:17067	ENSG00000135472
HGNC:17068	ENSG00000129116
HGNC:17069	ENSG00000187239
HGNC:1707	ENSG00000172116
HGNC:17070	ENSG00000133789
HGNC:17071	ENSG00000107077
HGNC:17072	ENSG00000082805
HGNC:17073	ENSG00000145819
HGNC:17074	ENSG00000004139
HGNC:17075	ENSG00000055208
HGNC:17077	ENSG00000175215
HGNC:17078	ENSG00000163539
HGNC:17079	ENSG00000125447
HGNC:1708	ENSG00000254126
HGNC:17080	ENSG00000204113
HGNC:17081	ENSG00000263266
HGNC:17082	ENSG00000100427
HGNC:17083	ENSG00000179041
HGNC:17084	ENSG00000054654
HGNC:17085	ENSG00000144036
HGNC:17086	ENSG00000177613
HGNC:17087	ENSG00000160223
HGNC:17088	ENSG00000074054
HGNC:17089	ENSG00000131018
HGNC:1709	ENSG00000010278
HGNC:17090	ENSG00000104880
HGNC:17091	ENSG00000162736
HGNC:17092	ENSG00000239559
HGNC:17093	ENSG00000241993
HGNC:17094	ENSG00000163923
HGNC:17095	ENSG00000011376
HGNC:17097	ENSG00000130713
HGNC:17098	ENSG00000100697
HGNC:17099	ENSG00000198685
HGNC:171	ENSG00000115170
HGNC:17101	ENSG00000178691
HGNC:17102	ENSG00000180448
HGNC:17103	ENSG00000064419
HGNC:17104	ENSG00000064309
HGNC:17105	ENSG00000127325
HGNC:17106	ENSG00000142959
HGNC:17107	ENSG00000039987
HGNC:17108	ENSG00000145536
HGNC:17109	ENSG00000140470
HGNC:1711	ENSG00000123146
HGNC:17110	ENSG00000140873
HGNC:17111	ENSG00000145808
HGNC:17113	ENSG00000166135
HGNC:17116	ENSG00000175294
HGNC:17117	ENSG00000080189
HGNC:17118	ENSG00000105982
HGNC:17119	ENSG00000111536
HGNC:1712	ENSG00000158825
HGNC:17121	ENSG00000242692
HGNC:17123	ENSG00000065923
HGNC:17124	ENSG00000224426
HGNC:17125	ENSG00000269556
HGNC:17127	ENSG00000165794
HGNC:17128	ENSG00000141873
HGNC:17129	ENSG00000147804
HGNC:1713	ENSG00000140326
HGNC:17131	ENSG00000209482
HGNC:17132	ENSG00000209480
HGNC:17133	ENSG00000079263
HGNC:17134	ENSG00000172785
HGNC:17135	ENSG00000171136
HGNC:17136	ENSG00000108592
HGNC:17138	ENSG00000226935
HGNC:17142	ENSG00000123240
HGNC:17144	ENSG00000125458
HGNC:17145	ENSG00000143553
HGNC:17146	ENSG00000102931
HGNC:17147	ENSG00000179604
HGNC:17148	ENSG00000123415
HGNC:17149	ENSG00000019102
HGNC:17150	ENSG00000153048
HGNC:17151	ENSG00000091651
HGNC:17152	ENSG00000123130
HGNC:17153	ENSG00000160753
HGNC:17155	ENSG00000011454
HGNC:17156	ENSG00000154589
HGNC:17157	ENSG00000038358
HGNC:17158	ENSG00000105223
HGNC:17160	ENSG00000132254
HGNC:17162	ENSG00000106355
HGNC:17163	ENSG00000103066
HGNC:17164	ENSG00000099968
HGNC:17165	ENSG00000100109
HGNC:17166	ENSG00000179431
HGNC:17167	ENSG00000204176
HGNC:17168	ENSG00000118873
HGNC:17169	ENSG00000123131
HGNC:1717	ENSG00000122545
HGNC:17170	ENSG00000167112
HGNC:17171	ENSG00000138131
HGNC:17173	ENSG00000144857
HGNC:17174	ENSG00000124357
HGNC:17175	ENSG00000138193
HGNC:17176	ENSG00000013583
HGNC:17177	ENSG00000176390
HGNC:17178	ENSG00000173157
HGNC:17179	ENSG00000106993
HGNC:1718	ENSG00000079335
HGNC:17180	ENSG00000164122
HGNC:17181	ENSG00000148331
HGNC:17182	ENSG00000183475
HGNC:17183	ENSG00000177981
HGNC:17184	ENSG00000102048
HGNC:17185	ENSG00000146926
HGNC:17186	ENSG00000165192
HGNC:17187	ENSG00000130558
HGNC:17189	ENSG00000105088
HGNC:1719	ENSG00000081377
HGNC:17190	ENSG00000102837
HGNC:17192	ENSG00000150455
HGNC:17193	ENSG00000185390
HGNC:17194	ENSG00000186010
HGNC:17195	ENSG00000111644
HGNC:17196	ENSG00000127311
HGNC:17197	ENSG00000178338
HGNC:17198	ENSG00000131873
HGNC:17199	ENSG00000204538
HGNC:172	ENSG00000135503
HGNC:1720	ENSG00000130177
HGNC:17200	ENSG00000173114
HGNC:17202	ENSG00000204540
HGNC:17203	ENSG00000204528
HGNC:17205	ENSG00000129925
HGNC:17206	ENSG00000215712
HGNC:17207	ENSG00000240704
HGNC:17208	ENSG00000185963
HGNC:17209	ENSG00000163482
HGNC:17210	ENSG00000150990
HGNC:17211	ENSG00000140829
HGNC:17213	ENSG00000118004
HGNC:17216	ENSG00000233056
HGNC:17217	ENSG00000160305
HGNC:17218	ENSG00000168122
HGNC:17219	ENSG00000229231
HGNC:1722	ENSG00000170312
HGNC:17220	ENSG00000225267
HGNC:17222	ENSG00000224598
HGNC:17223	ENSG00000111962
HGNC:17224	ENSG00000090565
HGNC:17226	ENSG00000273311
HGNC:17228	ENSG00000197275
HGNC:17229	ENSG00000213085
HGNC:1723	ENSG00000117399
HGNC:17230	ENSG00000204880
HGNC:17231	ENSG00000187272
HGNC:17233	ENSG00000062598
HGNC:17234	ENSG00000148513
HGNC:17236	ENSG00000198618
HGNC:17238	ENSG00000215369
HGNC:17239	ENSG00000230198
HGNC:1724	ENSG00000094880
HGNC:17241	ENSG00000221926
HGNC:17245	ENSG00000165078
HGNC:17247	ENSG00000182814
HGNC:1725	ENSG00000164045
HGNC:17252	ENSG00000240058
HGNC:17253	ENSG00000255883
HGNC:17255	ENSG00000184445
HGNC:17256	ENSG00000133627
HGNC:17257	ENSG00000124664
HGNC:17258	ENSG00000135049
HGNC:17259	ENSG00000130520
HGNC:1726	ENSG00000101224
HGNC:17260	ENSG00000145779
HGNC:17261	ENSG00000115540
HGNC:17262	ENSG00000174744
HGNC:17263	ENSG00000152931
HGNC:17264	ENSG00000068654
HGNC:17265	ENSG00000154175
HGNC:17267	ENSG00000139797
HGNC:17268	ENSG00000153044
HGNC:17269	ENSG00000161896
HGNC:1727	ENSG00000158402
HGNC:17270	ENSG00000115687
HGNC:17271	ENSG00000133818
HGNC:17272	ENSG00000151849
HGNC:17273	ENSG00000163808
HGNC:17274	ENSG00000137699
HGNC:17276	ENSG00000117419
HGNC:17277	ENSG00000056097
HGNC:17278	ENSG00000146278
HGNC:17279	ENSG00000171199
HGNC:1728	ENSG00000004897
HGNC:17280	ENSG00000135299
HGNC:17281	ENSG00000165678
HGNC:17282	ENSG00000079841
HGNC:17283	ENSG00000176406
HGNC:17284	ENSG00000128513
HGNC:17286	ENSG00000171311
HGNC:17287	ENSG00000152455
HGNC:17288	ENSG00000110243
HGNC:17289	ENSG00000102890
HGNC:1729	ENSG00000248333
HGNC:17290	ENSG00000104998
HGNC:17291	ENSG00000099203
HGNC:17292	ENSG00000129353
HGNC:17293	ENSG00000105287
HGNC:17294	ENSG00000136848
HGNC:17295	ENSG00000176092
HGNC:17296	ENSG00000048392
HGNC:17297	ENSG00000170633
HGNC:17298	ENSG00000104221
HGNC:17299	ENSG00000132958
HGNC:173	ENSG00000121989
HGNC:1730	ENSG00000008128
HGNC:17300	ENSG00000137413
HGNC:17301	ENSG00000102109
HGNC:17302	ENSG00000172260
HGNC:17303	ENSG00000165632
HGNC:17304	ENSG00000135801
HGNC:17305	ENSG00000162227
HGNC:17306	ENSG00000187325
HGNC:17307	ENSG00000095564
HGNC:17310	ENSG00000126768
HGNC:17311	ENSG00000078043
HGNC:17312	ENSG00000265354
HGNC:17313	ENSG00000068745
HGNC:17315	ENSG00000134375
HGNC:17316	ENSG00000104980
HGNC:17317	ENSG00000177370
HGNC:17318	ENSG00000133105
HGNC:17321	ENSG00000170374
HGNC:17325	ENSG00000250799
HGNC:17326	ENSG00000171201
HGNC:17327	ENSG00000095787
HGNC:17328	ENSG00000047579
HGNC:17329	ENSG00000101082
HGNC:1733	ENSG00000065883
HGNC:17330	ENSG00000182810
HGNC:17333	ENSG00000150628
HGNC:17334	ENSG00000240480
HGNC:17336	ENSG00000240356
HGNC:17337	ENSG00000267206
HGNC:1734	ENSG00000099804
HGNC:17340	ENSG00000174231
HGNC:17341	ENSG00000072756
HGNC:17342	ENSG00000165288
HGNC:17343	ENSG00000128383
HGNC:17344	ENSG00000142207
HGNC:17345	ENSG00000181867
HGNC:17346	ENSG00000112739
HGNC:17347	ENSG00000174243
HGNC:17348	ENSG00000117360
HGNC:17349	ENSG00000136875
HGNC:1735	ENSG00000105401
HGNC:17350	ENSG00000168438
HGNC:17351	ENSG00000165630
HGNC:17352	ENSG00000179750
HGNC:17353	ENSG00000244509
HGNC:17354	ENSG00000243811
HGNC:17356	ENSG00000128394
HGNC:17357	ENSG00000239713
HGNC:17358	ENSG00000196511
HGNC:17359	ENSG00000138750
HGNC:1736	ENSG00000070831
HGNC:17360	ENSG00000144749
HGNC:17361	ENSG00000196843
HGNC:17362	ENSG00000150347
HGNC:17363	ENSG00000015153
HGNC:17364	ENSG00000006634
HGNC:17365	ENSG00000200530
HGNC:17366	ENSG00000008311
HGNC:17367	ENSG00000114446
HGNC:17368	ENSG00000146243
HGNC:17369	ENSG00000146109
HGNC:1737	ENSG00000143776
HGNC:17371	ENSG00000112214
HGNC:17372	ENSG00000131966
HGNC:17376	ENSG00000147853
HGNC:17377	ENSG00000151360
HGNC:17378	ENSG00000103174
HGNC:17379	ENSG00000077420
HGNC:1738	ENSG00000198752
HGNC:17380	ENSG00000196510
HGNC:17381	ENSG00000160999
HGNC:17382	ENSG00000196935
HGNC:17383	ENSG00000134489
HGNC:17384	ENSG00000157450
HGNC:17389	ENSG00000172594
HGNC:1739	ENSG00000093009
HGNC:17393	ENSG00000136536
HGNC:17395	ENSG00000255541
HGNC:17397	ENSG00000175334
HGNC:17399	ENSG00000134909
HGNC:174	ENSG00000114739
HGNC:17402	ENSG00000197021
HGNC:17407	ENSG00000102053
HGNC:17408	ENSG00000167617
HGNC:17409	ENSG00000161298
HGNC:17410	ENSG00000132702
HGNC:17412	ENSG00000175505
HGNC:17416	ENSG00000164199
HGNC:17418	ENSG00000182798
HGNC:17419	ENSG00000253626
HGNC:1742	ENSG00000198589
HGNC:17422	ENSG00000171310
HGNC:17423	ENSG00000136213
HGNC:17425	ENSG00000148734
HGNC:17427	ENSG00000205683
HGNC:17428	ENSG00000108352
HGNC:17429	ENSG00000143375
HGNC:1743	ENSG00000096401
HGNC:17432	ENSG00000134216
HGNC:17433	ENSG00000187446
HGNC:17435	ENSG00000146828
HGNC:17438	ENSG00000109684
HGNC:1744	ENSG00000094804
HGNC:17440	ENSG00000143207
HGNC:17441	ENSG00000089902
HGNC:17442	ENSG00000148386
HGNC:17443	ENSG00000136270
HGNC:17445	ENSG00000227081
HGNC:17447	ENSG00000171603
HGNC:17448	ENSG00000158258
HGNC:17449	ENSG00000146233
HGNC:1745	ENSG00000097046
HGNC:17450	ENSG00000021461
HGNC:17451	ENSG00000173198
HGNC:17452	ENSG00000214435
HGNC:17453	ENSG00000155428
HGNC:17460	ENSG00000215414
HGNC:17466	ENSG00000134802
HGNC:17468	ENSG00000163110
HGNC:17470	ENSG00000182585
HGNC:17474	ENSG00000149564
HGNC:17478	ENSG00000227437
HGNC:17479	ENSG00000163743
HGNC:1748	ENSG00000039068
HGNC:17481	ENSG00000198961
HGNC:17482	ENSG00000183484
HGNC:17485	ENSG00000092020
HGNC:1749	ENSG00000040731
HGNC:17490	ENSG00000267156
HGNC:17493	ENSG00000112312
HGNC:17494	ENSG00000198835
HGNC:17495	ENSG00000176402
HGNC:17496	ENSG00000165113
HGNC:17497	ENSG00000162441
HGNC:17499	ENSG00000129158
HGNC:175	ENSG00000139567
HGNC:1750	ENSG00000140937
HGNC:17500	ENSG00000115806
HGNC:17505	ENSG00000267496
HGNC:17509	ENSG00000136929
HGNC:1751	ENSG00000154162
HGNC:17512	ENSG00000152413
HGNC:17513	ENSG00000103942
HGNC:17514	ENSG00000051128
HGNC:17515	ENSG00000160219
HGNC:1752	ENSG00000249230
HGNC:17521	ENSG00000161642
HGNC:1753	ENSG00000140945
HGNC:17537	ENSG00000256394
HGNC:17539	ENSG00000168348
HGNC:1754	ENSG00000129910
HGNC:17542	ENSG00000196364
HGNC:17546	ENSG00000140044
HGNC:1755	ENSG00000166589
HGNC:17550	ENSG00000183762
HGNC:17553	ENSG00000143994
HGNC:17556	ENSG00000175221
HGNC:17557	ENSG00000205629
HGNC:17558	ENSG00000168806
HGNC:1756	ENSG00000079112
HGNC:17562	ENSG00000181817
HGNC:17563	ENSG00000165819
HGNC:17565	ENSG00000141503
HGNC:17567	ENSG00000186047
HGNC:1757	ENSG00000145526
HGNC:17572	ENSG00000086289
HGNC:17574	ENSG00000136383
HGNC:17575	ENSG00000065526
HGNC:17579	ENSG00000131748
HGNC:1758	ENSG00000071991
HGNC:17581	ENSG00000149089
HGNC:17582	ENSG00000156650
HGNC:17585	ENSG00000135253
HGNC:17586	ENSG00000137409
HGNC:17587	ENSG00000109919
HGNC:17589	ENSG00000149716
HGNC:1759	ENSG00000170558
HGNC:17590	ENSG00000139637
HGNC:17591	ENSG00000253958
HGNC:17592	ENSG00000131507
HGNC:17597	ENSG00000020129
HGNC:17598	ENSG00000198833
HGNC:1760	ENSG00000101542
HGNC:17601	ENSG00000162706
HGNC:17609	ENSG00000266094
HGNC:17613	ENSG00000103429
HGNC:17615	ENSG00000115289
HGNC:17616	ENSG00000144730
HGNC:17617	ENSG00000179817
HGNC:17619	ENSG00000072864
HGNC:1762	ENSG00000062038
HGNC:17620	ENSG00000166579
HGNC:17621	ENSG00000122824
HGNC:17623	ENSG00000013374
HGNC:17624	ENSG00000225082
HGNC:17625	ENSG00000251192
HGNC:1763	ENSG00000179242
HGNC:17631	ENSG00000137054
HGNC:17633	ENSG00000229644
HGNC:17634	ENSG00000108256
HGNC:17635	ENSG00000120217
HGNC:17637	ENSG00000112378
HGNC:17638	ENSG00000188013
HGNC:1764	ENSG00000179776
HGNC:17640	ENSG00000250972
HGNC:17641	ENSG00000118655
HGNC:17642	ENSG00000152457
HGNC:17643	ENSG00000047932
HGNC:17644	ENSG00000197181
HGNC:17646	ENSG00000151092
HGNC:17648	ENSG00000121577
HGNC:17649	ENSG00000132429
HGNC:1765	ENSG00000113361
HGNC:17650	ENSG00000154447
HGNC:17652	ENSG00000102312
HGNC:17655	ENSG00000180875
HGNC:1766	ENSG00000081138
HGNC:17660	ENSG00000198924
HGNC:17661	ENSG00000144837
HGNC:17662	ENSG00000117569
HGNC:17663	ENSG00000107959
HGNC:17664	ENSG00000177707
HGNC:1767	ENSG00000150394
HGNC:17675	ENSG00000124571
HGNC:17676	ENSG00000154710
HGNC:17677	ENSG00000029725
HGNC:17679	ENSG00000108961
HGNC:1768	ENSG00000113100
HGNC:17680	ENSG00000146587
HGNC:17684	ENSG00000104442
HGNC:17686	ENSG00000107036
HGNC:17687	ENSG00000120158
HGNC:17688	ENSG00000148688
HGNC:17689	ENSG00000167272
HGNC:1769	ENSG00000103502
HGNC:17692	ENSG00000065371
HGNC:17693	ENSG00000162496
HGNC:17697	ENSG00000104835
HGNC:17699	ENSG00000188322
HGNC:177	ENSG00000243989
HGNC:1770	ENSG00000185324
HGNC:17700	ENSG00000151882
HGNC:17702	ENSG00000065665
HGNC:17704	ENSG00000121440
HGNC:17705	ENSG00000183291
HGNC:17707	ENSG00000228223
HGNC:1771	ENSG00000123374
HGNC:17710	ENSG00000137078
HGNC:17712	ENSG00000184990
HGNC:17715	ENSG00000176244
HGNC:17717	ENSG00000198648
HGNC:17718	ENSG00000140612
HGNC:17719	ENSG00000197622
HGNC:1772	ENSG00000250506
HGNC:17720	ENSG00000126821
HGNC:17721	ENSG00000088854
HGNC:17722	ENSG00000198369
HGNC:17726	ENSG00000105428
HGNC:17727	ENSG00000217539
HGNC:17728	ENSG00000118557
HGNC:17729	ENSG00000115652
HGNC:1773	ENSG00000135446
HGNC:17731	ENSG00000104859
HGNC:17732	ENSG00000172403
HGNC:17733	ENSG00000054690
HGNC:17734	ENSG00000146399
HGNC:17735	ENSG00000137216
HGNC:17736	ENSG00000119729
HGNC:17737	ENSG00000250733
HGNC:1774	ENSG00000164885
HGNC:17741	ENSG00000122872
HGNC:17742	ENSG00000265934
HGNC:17748	ENSG00000165617
HGNC:1775	ENSG00000176749
HGNC:17751	ENSG00000146215
HGNC:17752	ENSG00000140391
HGNC:17753	ENSG00000168785
HGNC:17754	ENSG00000136114
HGNC:17755	ENSG00000159958
HGNC:17756	ENSG00000131080
HGNC:17757	ENSG00000000005
HGNC:17759	ENSG00000148459
HGNC:1776	ENSG00000171450
HGNC:17760	ENSG00000124731
HGNC:17761	ENSG00000095970
HGNC:17762	ENSG00000259838
HGNC:17765	ENSG00000134758
HGNC:17767	ENSG00000271231
HGNC:17768	ENSG00000111802
HGNC:1777	ENSG00000105810
HGNC:17770	ENSG00000174373
HGNC:17772	ENSG00000100348
HGNC:17776	ENSG00000233261
HGNC:17777	ENSG00000185019
HGNC:17778	ENSG00000224659
HGNC:1778	ENSG00000134058
HGNC:17780	ENSG00000169067
HGNC:17781	ENSG00000178473
HGNC:17785	ENSG00000183463
HGNC:17787	ENSG00000111052
HGNC:17788	ENSG00000104863
HGNC:17789	ENSG00000148943
HGNC:1779	ENSG00000132964
HGNC:17791	ENSG00000204634
HGNC:17792	ENSG00000151532
HGNC:17793	ENSG00000100568
HGNC:17794	ENSG00000116574
HGNC:17795	ENSG00000151748
HGNC:17796	ENSG00000132953
HGNC:17797	ENSG00000091436
HGNC:17798	ENSG00000119596
HGNC:1780	ENSG00000136807
HGNC:17800	ENSG00000116120
HGNC:17801	ENSG00000196867
HGNC:17802	ENSG00000231445
HGNC:17804	ENSG00000179761
HGNC:17805	ENSG00000231672
HGNC:17806	ENSG00000187954
HGNC:17807	ENSG00000154645
HGNC:17808	ENSG00000130749
HGNC:17809	ENSG00000070366
HGNC:1781	ENSG00000100490
HGNC:17810	ENSG00000126016
HGNC:17811	ENSG00000166025
HGNC:17812	ENSG00000114019
HGNC:17813	ENSG00000162729
HGNC:17814	ENSG00000119906
HGNC:17817	ENSG00000137959
HGNC:17818	ENSG00000185013
HGNC:17819	ENSG00000116981
HGNC:1782	ENSG00000138769
HGNC:17820	ENSG00000122643
HGNC:17821	ENSG00000123136
HGNC:17822	ENSG00000148334
HGNC:17823	ENSG00000171159
HGNC:17824	ENSG00000133328
HGNC:17825	ENSG00000176485
HGNC:17826	ENSG00000196981
HGNC:17827	ENSG00000101638
HGNC:17829	ENSG00000125734
HGNC:17830	ENSG00000148358
HGNC:17834	ENSG00000227939
HGNC:17835	ENSG00000239557
HGNC:17836	ENSG00000138400
HGNC:17837	ENSG00000224287
HGNC:17838	ENSG00000155438
HGNC:17839	ENSG00000176386
HGNC:1784	ENSG00000124762
HGNC:17840	ENSG00000125611
HGNC:17841	ENSG00000185681
HGNC:17842	ENSG00000100083
HGNC:17843	ENSG00000137574
HGNC:17844	ENSG00000135686
HGNC:17845	ENSG00000173597
HGNC:17846	ENSG00000136840
HGNC:17847	ENSG00000112079
HGNC:17848	ENSG00000211455
HGNC:17849	ENSG00000020181
HGNC:1785	ENSG00000111276
HGNC:17850	ENSG00000172273
HGNC:17851	ENSG00000076043
HGNC:17852	ENSG00000111666
HGNC:17853	ENSG00000005700
HGNC:17854	ENSG00000151461
HGNC:17855	ENSG00000138604
HGNC:17856	ENSG00000131373
HGNC:17857	ENSG00000185880
HGNC:17858	ENSG00000160360
HGNC:17859	ENSG00000095319
HGNC:1786	ENSG00000129757
HGNC:17860	ENSG00000142864
HGNC:17861	ENSG00000204104
HGNC:17862	ENSG00000161956
HGNC:17865	ENSG00000114023
HGNC:17866	ENSG00000113249
HGNC:17867	ENSG00000156642
HGNC:17868	ENSG00000105327
HGNC:17869	ENSG00000072364
HGNC:1787	ENSG00000147889
HGNC:17870	ENSG00000119509
HGNC:17871	ENSG00000077009
HGNC:17872	ENSG00000146476
HGNC:17874	ENSG00000170860
HGNC:17875	ENSG00000135722
HGNC:17877	ENSG00000173614
HGNC:17879	ENSG00000120334
HGNC:1788	ENSG00000147883
HGNC:17880	ENSG00000164715
HGNC:17881	ENSG00000152954
HGNC:17882	ENSG00000153914
HGNC:17883	ENSG00000161692
HGNC:17884	ENSG00000173699
HGNC:17885	ENSG00000157214
HGNC:17886	ENSG00000170748
HGNC:17887	ENSG00000104808
HGNC:17888	ENSG00000241258
HGNC:17889	ENSG00000169188
HGNC:1789	ENSG00000123080
HGNC:17890	ENSG00000163106
HGNC:17893	ENSG00000148985
HGNC:17894	ENSG00000075292
HGNC:17895	ENSG00000108106
HGNC:17896	ENSG00000110107
HGNC:17897	ENSG00000120800
HGNC:17898	ENSG00000168256
HGNC:17899	ENSG00000197885
HGNC:179	ENSG00000119640
HGNC:1790	ENSG00000129355
HGNC:17902	ENSG00000170619
HGNC:17903	ENSG00000136146
HGNC:17904	ENSG00000113360
HGNC:17905	ENSG00000135723
HGNC:17906	ENSG00000107625
HGNC:17907	ENSG00000136682
HGNC:17908	ENSG00000169155
HGNC:17909	ENSG00000111266
HGNC:1791	ENSG00000100526
HGNC:17910	ENSG00000283706
HGNC:17911	ENSG00000100601
HGNC:17914	ENSG00000223979
HGNC:17916	ENSG00000159714
HGNC:17920	ENSG00000177427
HGNC:17921	ENSG00000176994
HGNC:17922	ENSG00000214022
HGNC:17923	ENSG00000134317
HGNC:17925	ENSG00000115112
HGNC:17927	ENSG00000079387
HGNC:17928	ENSG00000131470
HGNC:17929	ENSG00000109576
HGNC:17930	ENSG00000172733
HGNC:17931	ENSG00000167565
HGNC:17932	ENSG00000197019
HGNC:17933	ENSG00000103510
HGNC:17934	ENSG00000100078
HGNC:17935	ENSG00000116031
HGNC:17936	ENSG00000114631
HGNC:17937	ENSG00000138161
HGNC:17938	ENSG00000130643
HGNC:17939	ENSG00000162426
HGNC:17940	ENSG00000104177
HGNC:17941	ENSG00000182667
HGNC:17943	ENSG00000072849
HGNC:17944	ENSG00000107371
HGNC:17945	ENSG00000071677
HGNC:17946	ENSG00000142546
HGNC:17947	ENSG00000159445
HGNC:17948	ENSG00000006047
HGNC:17949	ENSG00000137221
HGNC:1795	ENSG00000129596
HGNC:17950	ENSG00000165714
HGNC:17955	ENSG00000134248
HGNC:17956	ENSG00000065268
HGNC:17958	ENSG00000141858
HGNC:17959	ENSG00000240828
HGNC:17960	ENSG00000243742
HGNC:17961	ENSG00000144481
HGNC:17962	ENSG00000170255
HGNC:17964	ENSG00000072042
HGNC:17966	ENSG00000173588
HGNC:17967	ENSG00000198001
HGNC:17968	ENSG00000118017
HGNC:17969	ENSG00000183185
HGNC:17970	ENSG00000120727
HGNC:17971	ENSG00000130349
HGNC:17972	ENSG00000124785
HGNC:17973	ENSG00000176928
HGNC:17975	ENSG00000132563
HGNC:17976	ENSG00000165496
HGNC:17978	ENSG00000176022
HGNC:1798	ENSG00000288642
HGNC:17980	ENSG00000179826
HGNC:17981	ENSG00000137996
HGNC:17983	ENSG00000183695
HGNC:17984	ENSG00000235297
HGNC:17985	ENSG00000154133
HGNC:17986	ENSG00000204904
HGNC:17989	ENSG00000197891
HGNC:1799	ENSG00000140743
HGNC:17990	ENSG00000118733
HGNC:17991	ENSG00000272701
HGNC:17992	ENSG00000083067
HGNC:17993	ENSG00000130529
HGNC:17994	ENSG00000092439
HGNC:17995	ENSG00000119121
HGNC:17996	ENSG00000161653
HGNC:17997	ENSG00000181027
HGNC:17998	ENSG00000213178
HGNC:17999	ENSG00000160447
HGNC:18	ENSG00000127837
HGNC:180	ENSG00000170634
HGNC:1800	ENSG00000163624
HGNC:18000	ENSG00000100410
HGNC:18001	ENSG00000130204
HGNC:18002	ENSG00000100216
HGNC:18003	ENSG00000177468
HGNC:18004	ENSG00000267676
HGNC:18005	ENSG00000196329
HGNC:18006	ENSG00000010322
HGNC:18007	ENSG00000122694
HGNC:18008	ENSG00000167693
HGNC:1801	ENSG00000101290
HGNC:18010	ENSG00000196505
HGNC:18011	ENSG00000196368
HGNC:18012	ENSG00000177144
HGNC:18013	ENSG00000271121
HGNC:18015	ENSG00000056736
HGNC:18016	ENSG00000069248
HGNC:18017	ENSG00000030066
HGNC:18018	ENSG00000108406
HGNC:18019	ENSG00000156639
HGNC:1802	ENSG00000204539
HGNC:18020	ENSG00000111215
HGNC:18021	ENSG00000141524
HGNC:18022	ENSG00000164938
HGNC:18023	ENSG00000257780
HGNC:18024	ENSG00000186628
HGNC:18025	ENSG00000168275
HGNC:18026	ENSG00000095383
HGNC:18027	ENSG00000105849
HGNC:18028	ENSG00000092094
HGNC:18035	ENSG00000125746
HGNC:18036	ENSG00000186998
HGNC:18037	ENSG00000189079
HGNC:18038	ENSG00000160963
HGNC:18039	ENSG00000117139
HGNC:1804	ENSG00000169442
HGNC:18040	ENSG00000049618
HGNC:18041	ENSG00000138756
HGNC:18042	ENSG00000138767
HGNC:18043	ENSG00000065328
HGNC:18044	ENSG00000188338
HGNC:18046	ENSG00000180259
HGNC:18047	ENSG00000119915
HGNC:18048	ENSG00000226049
HGNC:18049	ENSG00000166743
HGNC:1805	ENSG00000113722
HGNC:18052	ENSG00000137075
HGNC:18053	ENSG00000158683
HGNC:18054	ENSG00000149735
HGNC:18055	ENSG00000179600
HGNC:18056	ENSG00000122728
HGNC:18057	ENSG00000184999
HGNC:18058	ENSG00000164211
HGNC:1806	ENSG00000165556
HGNC:18060	ENSG00000004848
HGNC:18061	ENSG00000123179
HGNC:18062	ENSG00000166123
HGNC:18063	ENSG00000084090
HGNC:18064	ENSG00000204618
HGNC:18065	ENSG00000172345
HGNC:18066	ENSG00000174448
HGNC:18067	ENSG00000146411
HGNC:18068	ENSG00000110446
HGNC:18069	ENSG00000144035
HGNC:18070	ENSG00000017483
HGNC:18071	ENSG00000158636
HGNC:18072	ENSG00000144840
HGNC:18073	ENSG00000126947
HGNC:18075	ENSG00000169877
HGNC:18076	ENSG00000182196
HGNC:18077	ENSG00000182768
HGNC:18078	ENSG00000178951
HGNC:18079	ENSG00000160094
HGNC:1808	ENSG00000131264
HGNC:18080	ENSG00000064225
HGNC:18081	ENSG00000156076
HGNC:18082	ENSG00000187688
HGNC:18083	ENSG00000111199
HGNC:18084	ENSG00000167723
HGNC:18085	ENSG00000244045
HGNC:18086	ENSG00000186572
HGNC:18087	ENSG00000186562
HGNC:18088	ENSG00000186579
HGNC:18089	ENSG00000229907
HGNC:1809	ENSG00000172288
HGNC:18090	ENSG00000242296
HGNC:18091	ENSG00000203970
HGNC:18093	ENSG00000180872
HGNC:18094	ENSG00000214642
HGNC:18095	ENSG00000177684
HGNC:18096	ENSG00000215547
HGNC:18097	ENSG00000215545
HGNC:18098	ENSG00000212717
HGNC:18099	ENSG00000180483
HGNC:1810	ENSG00000182415
HGNC:18101	ENSG00000204548
HGNC:18102	ENSG00000204547
HGNC:18103	ENSG00000180424
HGNC:18104	ENSG00000180383
HGNC:18105	ENSG00000178591
HGNC:18106	ENSG00000185982
HGNC:18107	ENSG00000232948
HGNC:18108	ENSG00000186146
HGNC:1811	ENSG00000153046
HGNC:18111	ENSG00000152492
HGNC:18113	ENSG00000175764
HGNC:18114	ENSG00000112232
HGNC:18115	ENSG00000176782
HGNC:18116	ENSG00000121774
HGNC:18117	ENSG00000131773
HGNC:18118	ENSG00000048649
HGNC:18119	ENSG00000145375
HGNC:18120	ENSG00000168065
HGNC:18121	ENSG00000235718
HGNC:18122	ENSG00000164736
HGNC:18123	ENSG00000123612
HGNC:18124	ENSG00000169313
HGNC:18125	ENSG00000250565
HGNC:18126	ENSG00000183579
HGNC:18127	ENSG00000128159
HGNC:18128	ENSG00000100429
HGNC:18129	ENSG00000157017
HGNC:18130	ENSG00000139351
HGNC:18131	ENSG00000143195
HGNC:18132	ENSG00000085552
HGNC:18133	ENSG00000135090
HGNC:18135	ENSG00000183242
HGNC:18136	ENSG00000198843
HGNC:18137	ENSG00000182022
HGNC:18138	ENSG00000100129
HGNC:1814	ENSG00000079385
HGNC:18140	ENSG00000140519
HGNC:18141	ENSG00000146038
HGNC:18142	ENSG00000100592
HGNC:18143	ENSG00000146122
HGNC:18144	ENSG00000171451
HGNC:18145	ENSG00000156531
HGNC:18147	ENSG00000198454
HGNC:18149	ENSG00000128274
HGNC:1815	ENSG00000170956
HGNC:18150	ENSG00000133454
HGNC:18151	ENSG00000101888
HGNC:18152	ENSG00000006327
HGNC:18153	ENSG00000240505
HGNC:18154	ENSG00000265491
HGNC:18155	ENSG00000184470
HGNC:18156	ENSG00000162390
HGNC:18157	ENSG00000100324
HGNC:18158	ENSG00000177504
HGNC:18159	ENSG00000169059
HGNC:1816	ENSG00000105352
HGNC:18160	ENSG00000010030
HGNC:18161	ENSG00000132330
HGNC:18162	ENSG00000178809
HGNC:18163	ENSG00000184995
HGNC:18165	ENSG00000127952
HGNC:18166	ENSG00000242948
HGNC:18167	ENSG00000105926
HGNC:18168	ENSG00000188687
HGNC:18169	ENSG00000141756
HGNC:1817	ENSG00000105388
HGNC:18170	ENSG00000162368
HGNC:18171	ENSG00000122223
HGNC:18173	ENSG00000164307
HGNC:18174	ENSG00000134602
HGNC:18175	ENSG00000132423
HGNC:18177	ENSG00000137960
HGNC:18178	ENSG00000160948
HGNC:18179	ENSG00000139719
HGNC:1818	ENSG00000086548
HGNC:18180	ENSG00000178372
HGNC:18181	ENSG00000148082
HGNC:18182	ENSG00000186815
HGNC:18183	ENSG00000179855
HGNC:18184	ENSG00000043093
HGNC:18185	ENSG00000116285
HGNC:18186	ENSG00000184194
HGNC:18187	ENSG00000110013
HGNC:18188	ENSG00000143183
HGNC:18189	ENSG00000178896
HGNC:1819	ENSG00000007306
HGNC:18190	ENSG00000179930
HGNC:18191	ENSG00000150712
HGNC:18192	ENSG00000258406
HGNC:18193	ENSG00000136271
HGNC:18194	ENSG00000138311
HGNC:18196	ENSG00000171056
HGNC:18197	ENSG00000165521
HGNC:1820	ENSG00000124469
HGNC:18200	ENSG00000177303
HGNC:18206	ENSG00000121005
HGNC:18208	ENSG00000259558
HGNC:1821	ENSG00000233681
HGNC:18210	ENSG00000124003
HGNC:18211	ENSG00000104886
HGNC:18212	ENSG00000116983
HGNC:18213	ENSG00000277519
HGNC:18215	ENSG00000038210
HGNC:18216	ENSG00000171227
HGNC:18219	ENSG00000174807
HGNC:1822	ENSG00000241104
HGNC:18220	ENSG00000239650
HGNC:18222	ENSG00000078328
HGNC:18224	ENSG00000019995
HGNC:18225	ENSG00000185894
HGNC:18226	ENSG00000250420
HGNC:18229	ENSG00000100302
HGNC:1823	ENSG00000236123
HGNC:18231	ENSG00000074276
HGNC:18232	ENSG00000119411
HGNC:18233	ENSG00000153064
HGNC:18234	ENSG00000075643
HGNC:18235	ENSG00000049283
HGNC:18237	ENSG00000102181
HGNC:18238	ENSG00000132698
HGNC:18239	ENSG00000140750
HGNC:1824	ENSG00000230558
HGNC:18240	ENSG00000233892
HGNC:18241	ENSG00000198890
HGNC:18242	ENSG00000136044
HGNC:18243	ENSG00000136144
HGNC:18246	ENSG00000165475
HGNC:18247	ENSG00000122692
HGNC:18248	ENSG00000134759
HGNC:18249	ENSG00000134504
HGNC:1825	ENSG00000239736
HGNC:18250	ENSG00000130024
HGNC:18251	ENSG00000211450
HGNC:18253	ENSG00000175193
HGNC:18254	ENSG00000144485
HGNC:18257	ENSG00000275954
HGNC:18258	ENSG00000028203
HGNC:18259	ENSG00000179914
HGNC:1826	ENSG00000230681
HGNC:18260	ENSG00000139832
HGNC:18261	ENSG00000182446
HGNC:18262	ENSG00000171109
HGNC:18263	ENSG00000080371
HGNC:18264	ENSG00000143882
HGNC:18265	ENSG00000151418
HGNC:18266	ENSG00000147614
HGNC:18267	ENSG00000157827
HGNC:18268	ENSG00000139636
HGNC:18269	ENSG00000011114
HGNC:1827	ENSG00000231561
HGNC:18270	ENSG00000054392
HGNC:18271	ENSG00000154380
HGNC:18272	ENSG00000165055
HGNC:18273	ENSG00000124496
HGNC:18274	ENSG00000152207
HGNC:18275	ENSG00000114626
HGNC:18276	ENSG00000058262
HGNC:18277	ENSG00000132432
HGNC:18278	ENSG00000070950
HGNC:18279	ENSG00000108651
HGNC:1828	ENSG00000238092
HGNC:18280	ENSG00000113269
HGNC:18281	ENSG00000115425
HGNC:18282	ENSG00000168078
HGNC:18283	ENSG00000172476
HGNC:18284	ENSG00000141542
HGNC:18285	ENSG00000197562
HGNC:18286	ENSG00000173976
HGNC:18287	ENSG00000176428
HGNC:18289	ENSG00000225969
HGNC:1829	ENSG00000227349
HGNC:18290	ENSG00000111726
HGNC:18291	ENSG00000178028
HGNC:18292	ENSG00000136698
HGNC:18293	ENSG00000147127
HGNC:18294	ENSG00000033011
HGNC:18296	ENSG00000163605
HGNC:18297	ENSG00000121716
HGNC:18298	ENSG00000277858
HGNC:1830	ENSG00000236932
HGNC:18301	ENSG00000173262
HGNC:18302	ENSG00000112159
HGNC:18303	ENSG00000047249
HGNC:18304	ENSG00000103187
HGNC:18305	ENSG00000182220
HGNC:18306	ENSG00000171126
HGNC:18308	ENSG00000185973
HGNC:18309	ENSG00000132122
HGNC:1831	ENSG00000230529
HGNC:18311	ENSG00000023318
HGNC:18312	ENSG00000179165
HGNC:18313	ENSG00000104140
HGNC:18314	ENSG00000172602
HGNC:18315	ENSG00000108830
HGNC:18316	ENSG00000178175
HGNC:18317	ENSG00000145029
HGNC:18318	ENSG00000171456
HGNC:18319	ENSG00000175785
HGNC:18320	ENSG00000165244
HGNC:18322	ENSG00000237623
HGNC:18323	ENSG00000224157
HGNC:18324	ENSG00000099377
HGNC:18325	ENSG00000215568
HGNC:18326	ENSG00000175155
HGNC:18327	ENSG00000090238
HGNC:18328	ENSG00000166793
HGNC:18329	ENSG00000119801
HGNC:1833	ENSG00000245848
HGNC:18331	ENSG00000140993
HGNC:18332	ENSG00000164296
HGNC:18333	ENSG00000180346
HGNC:18334	ENSG00000173825
HGNC:18335	ENSG00000169989
HGNC:18336	ENSG00000179886
HGNC:18337	ENSG00000142619
HGNC:18339	ENSG00000215378
HGNC:1834	ENSG00000172216
HGNC:18340	ENSG00000157796
HGNC:18341	ENSG00000117115
HGNC:18344	ENSG00000137133
HGNC:18345	ENSG00000112773
HGNC:18348	ENSG00000127666
HGNC:18349	ENSG00000100867
HGNC:1835	ENSG00000221869
HGNC:18351	ENSG00000234965
HGNC:18352	ENSG00000100162
HGNC:18355	ENSG00000125246
HGNC:18356	ENSG00000167769
HGNC:18357	ENSG00000137727
HGNC:18358	ENSG00000163702
HGNC:18359	ENSG00000165953
HGNC:1836	ENSG00000092067
HGNC:18360	ENSG00000176095
HGNC:18361	ENSG00000227214
HGNC:18362	ENSG00000081148
HGNC:18363	ENSG00000182393
HGNC:18364	ENSG00000183709
HGNC:18365	ENSG00000197110
HGNC:18367	ENSG00000142623
HGNC:18368	ENSG00000159339
HGNC:1837	ENSG00000153879
HGNC:18370	ENSG00000174903
HGNC:18371	ENSG00000139182
HGNC:18373	ENSG00000197024
HGNC:18374	ENSG00000172987
HGNC:18376	ENSG00000258544
HGNC:18379	ENSG00000187231
HGNC:18380	ENSG00000082153
HGNC:18381	ENSG00000173227
HGNC:18383	ENSG00000225383
HGNC:18384	ENSG00000161055
HGNC:18386	ENSG00000196260
HGNC:18387	ENSG00000229415
HGNC:1839	ENSG00000093072
HGNC:18391	ENSG00000164265
HGNC:18394	ENSG00000188076
HGNC:18395	ENSG00000168515
HGNC:18396	ENSG00000124935
HGNC:18398	ENSG00000163104
HGNC:18399	ENSG00000169084
HGNC:1840	ENSG00000099954
HGNC:18401	ENSG00000181852
HGNC:18402	ENSG00000162191
HGNC:18403	ENSG00000183304
HGNC:18404	ENSG00000177138
HGNC:18405	ENSG00000187268
HGNC:18406	ENSG00000263417
HGNC:18407	ENSG00000116771
HGNC:1841	ENSG00000241832
HGNC:18410	ENSG00000188994
HGNC:18411	ENSG00000185669
HGNC:18412	ENSG00000186908
HGNC:18413	ENSG00000177054
HGNC:18414	ENSG00000145040
HGNC:18415	ENSG00000130787
HGNC:18416	ENSG00000198855
HGNC:18417	ENSG00000187516
HGNC:18418	ENSG00000242028
HGNC:1842	ENSG00000185837
HGNC:18420	ENSG00000181555
HGNC:18421	ENSG00000126070
HGNC:18423	ENSG00000100150
HGNC:18424	ENSG00000134698
HGNC:18429	ENSG00000106853
HGNC:1843	ENSG00000069998
HGNC:18430	ENSG00000162723
HGNC:18431	ENSG00000119673
HGNC:18432	ENSG00000150527
HGNC:18435	ENSG00000127586
HGNC:18437	ENSG00000135077
HGNC:18439	ENSG00000163701
HGNC:1844	ENSG00000183307
HGNC:18441	ENSG00000007341
HGNC:18442	ENSG00000179751
HGNC:18443	ENSG00000184571
HGNC:18444	ENSG00000134627
HGNC:18445	ENSG00000129007
HGNC:18448	ENSG00000140398
HGNC:18449	ENSG00000002549
HGNC:1845	ENSG00000237438
HGNC:18450	ENSG00000243478
HGNC:18451	ENSG00000180398
HGNC:18452	ENSG00000186187
HGNC:18453	ENSG00000163382
HGNC:18454	ENSG00000143125
HGNC:18455	ENSG00000163421
HGNC:18456	ENSG00000215179
HGNC:18458	ENSG00000010318
HGNC:18459	ENSG00000153786
HGNC:1846	ENSG00000229027
HGNC:18461	ENSG00000215533
HGNC:18463	ENSG00000178804
HGNC:18464	ENSG00000215045
HGNC:18466	ENSG00000171865
HGNC:18467	ENSG00000231531
HGNC:18468	ENSG00000111911
HGNC:18469	ENSG00000104219
HGNC:1847	ENSG00000231004
HGNC:18470	ENSG00000163812
HGNC:18471	ENSG00000136247
HGNC:18472	ENSG00000156599
HGNC:18473	ENSG00000131002
HGNC:18474	ENSG00000099904
HGNC:18475	ENSG00000188706
HGNC:18476	ENSG00000185088
HGNC:18477	ENSG00000053372
HGNC:18479	ENSG00000137876
HGNC:1848	ENSG00000170835
HGNC:18481	ENSG00000185344
HGNC:18483	ENSG00000163898
HGNC:18484	ENSG00000167065
HGNC:18485	ENSG00000171861
HGNC:18486	ENSG00000133401
HGNC:18487	ENSG00000232150
HGNC:18488	ENSG00000147753
HGNC:18489	ENSG00000183385
HGNC:1849	ENSG00000170827
HGNC:18491	ENSG00000229236
HGNC:18492	ENSG00000180910
HGNC:18493	ENSG00000237048
HGNC:18494	ENSG00000184991
HGNC:18495	ENSG00000176728
HGNC:18497	ENSG00000227629
HGNC:18498	ENSG00000229238
HGNC:18499	ENSG00000232583
HGNC:1850	ENSG00000075275
HGNC:18500	ENSG00000237917
HGNC:18501	ENSG00000280969
HGNC:18502	ENSG00000092377
HGNC:18503	ENSG00000197580
HGNC:18504	ENSG00000132185
HGNC:18505	ENSG00000108375
HGNC:18506	ENSG00000160856
HGNC:18507	ENSG00000163518
HGNC:18508	ENSG00000143297
HGNC:18509	ENSG00000163534
HGNC:1851	ENSG00000115163
HGNC:18510	ENSG00000173612
HGNC:18511	ENSG00000229847
HGNC:18512	ENSG00000147592
HGNC:18513	ENSG00000178764
HGNC:18514	ENSG00000133104
HGNC:18515	ENSG00000147027
HGNC:18517	ENSG00000168140
HGNC:18518	ENSG00000104889
HGNC:18519	ENSG00000196873
HGNC:1852	ENSG00000125817
HGNC:18520	ENSG00000204778
HGNC:18521	ENSG00000184492
HGNC:18522	ENSG00000204779
HGNC:18523	ENSG00000187559
HGNC:18524	ENSG00000159556
HGNC:18525	ENSG00000205795
HGNC:18527	ENSG00000167916
HGNC:18530	ENSG00000213492
HGNC:18531	ENSG00000033122
HGNC:18532	ENSG00000230522
HGNC:18533	ENSG00000090686
HGNC:18536	ENSG00000163312
HGNC:18537	ENSG00000102471
HGNC:18538	ENSG00000137804
HGNC:18539	ENSG00000099365
HGNC:1854	ENSG00000145241
HGNC:18540	ENSG00000169169
HGNC:18541	ENSG00000005483
HGNC:18546	ENSG00000228695
HGNC:18547	ENSG00000158985
HGNC:18549	ENSG00000164935
HGNC:1855	ENSG00000226982
HGNC:18550	ENSG00000134049
HGNC:18551	ENSG00000128185
HGNC:18552	ENSG00000257773
HGNC:18553	ENSG00000102934
HGNC:18554	ENSG00000123739
HGNC:18555	ENSG00000138308
HGNC:18556	ENSG00000212789
HGNC:18557	ENSG00000225259
HGNC:18558	ENSG00000237821
HGNC:18559	ENSG00000162851
HGNC:1856	ENSG00000138778
HGNC:18561	ENSG00000188428
HGNC:18562	ENSG00000163497
HGNC:18563	ENSG00000131864
HGNC:18565	ENSG00000164591
HGNC:18568	ENSG00000172468
HGNC:18569	ENSG00000176679
HGNC:1857	ENSG00000117724
HGNC:18570	ENSG00000153779
HGNC:18571	ENSG00000250868
HGNC:18572	ENSG00000119471
HGNC:18576	ENSG00000152669
HGNC:18578	ENSG00000086712
HGNC:18579	ENSG00000260818
HGNC:1858	ENSG00000119397
HGNC:18581	ENSG00000145721
HGNC:18582	ENSG00000117114
HGNC:18583	ENSG00000111110
HGNC:18584	ENSG00000185436
HGNC:18585	ENSG00000153944
HGNC:18586	ENSG00000102904
HGNC:18587	ENSG00000164828
HGNC:18588	ENSG00000106013
HGNC:18589	ENSG00000128346
HGNC:1859	ENSG00000126001
HGNC:18590	ENSG00000100344
HGNC:18591	ENSG00000119638
HGNC:18592	ENSG00000163491
HGNC:18593	ENSG00000114670
HGNC:18594	ENSG00000100395
HGNC:18595	ENSG00000169635
HGNC:18596	ENSG00000100121
HGNC:18597	ENSG00000169548
HGNC:18598	ENSG00000126216
HGNC:18599	ENSG00000130640
HGNC:186	ENSG00000196839
HGNC:18600	ENSG00000275835
HGNC:18601	ENSG00000040608
HGNC:18602	ENSG00000163792
HGNC:18603	ENSG00000188517
HGNC:18606	ENSG00000198754
HGNC:18607	ENSG00000141424
HGNC:18608	ENSG00000154237
HGNC:18609	ENSG00000188283
HGNC:18610	ENSG00000171435
HGNC:18611	ENSG00000213033
HGNC:18612	ENSG00000230165
HGNC:18613	ENSG00000230948
HGNC:18614	ENSG00000213194
HGNC:18615	ENSG00000224775
HGNC:18618	ENSG00000188906
HGNC:18619	ENSG00000136152
HGNC:1862	ENSG00000147869
HGNC:18620	ENSG00000103051
HGNC:18621	ENSG00000133103
HGNC:18622	ENSG00000168434
HGNC:18623	ENSG00000213380
HGNC:18624	ENSG00000134285
HGNC:18625	ENSG00000106080
HGNC:18626	ENSG00000100360
HGNC:18627	ENSG00000196570
HGNC:18628	ENSG00000010327
HGNC:18629	ENSG00000136011
HGNC:1863	ENSG00000198848
HGNC:18630	ENSG00000234797
HGNC:18631	ENSG00000100583
HGNC:18632	ENSG00000165115
HGNC:18633	ENSG00000100580
HGNC:18634	ENSG00000156687
HGNC:18636	ENSG00000121446
HGNC:18637	ENSG00000243910
HGNC:18638	ENSG00000134207
HGNC:18639	ENSG00000072134
HGNC:1864	ENSG00000172831
HGNC:18640	ENSG00000157978
HGNC:18641	ENSG00000064607
HGNC:18643	ENSG00000105705
HGNC:18644	ENSG00000145332
HGNC:18646	ENSG00000149084
HGNC:18647	ENSG00000130347
HGNC:18648	ENSG00000142002
HGNC:18649	ENSG00000144366
HGNC:1865	ENSG00000172828
HGNC:18650	ENSG00000123352
HGNC:18651	ENSG00000180264
HGNC:18652	ENSG00000143952
HGNC:18653	ENSG00000172578
HGNC:18654	ENSG00000176225
HGNC:18655	ENSG00000100012
HGNC:18656	ENSG00000124784
HGNC:18657	ENSG00000085831
HGNC:18658	ENSG00000155561
HGNC:1866	ENSG00000177143
HGNC:18661	ENSG00000118997
HGNC:18662	ENSG00000134438
HGNC:18664	ENSG00000196937
HGNC:18665	ENSG00000198643
HGNC:18666	ENSG00000185946
HGNC:18667	ENSG00000165688
HGNC:18668	ENSG00000160685
HGNC:18669	ENSG00000072415
HGNC:1867	ENSG00000147400
HGNC:18672	ENSG00000136861
HGNC:18673	ENSG00000108465
HGNC:18674	ENSG00000183258
HGNC:18676	ENSG00000198231
HGNC:18677	ENSG00000080007
HGNC:1868	ENSG00000153140
HGNC:18681	ENSG00000145833
HGNC:18682	ENSG00000213782
HGNC:18683	ENSG00000141543
HGNC:18684	ENSG00000105671
HGNC:18685	ENSG00000170509
HGNC:18688	ENSG00000148204
HGNC:18689	ENSG00000232908
HGNC:1869	ENSG00000087237
HGNC:18690	ENSG00000235570
HGNC:18695	ENSG00000147488
HGNC:18696	ENSG00000179862
HGNC:18697	ENSG00000112249
HGNC:18698	ENSG00000109832
HGNC:187	ENSG00000229186
HGNC:18700	ENSG00000152670
HGNC:18703	ENSG00000158234
HGNC:18704	ENSG00000102030
HGNC:18705	ENSG00000102891
HGNC:18706	ENSG00000068400
HGNC:18707	ENSG00000161835
HGNC:18708	ENSG00000155974
HGNC:18709	ENSG00000147082
HGNC:18710	ENSG00000153012
HGNC:18711	ENSG00000168481
HGNC:18712	ENSG00000153902
HGNC:18713	ENSG00000106415
HGNC:18714	ENSG00000272886
HGNC:18715	ENSG00000231458
HGNC:18717	ENSG00000140526
HGNC:18718	ENSG00000158201
HGNC:18719	ENSG00000178762
HGNC:18720	ENSG00000216436
HGNC:18722	ENSG00000220581
HGNC:18723	ENSG00000216762
HGNC:18724	ENSG00000214374
HGNC:18725	ENSG00000186007
HGNC:18726	ENSG00000170448
HGNC:18729	ENSG00000164508
HGNC:1873	ENSG00000153774
HGNC:18730	ENSG00000146047
HGNC:18731	ENSG00000197646
HGNC:18732	ENSG00000198642
HGNC:18734	ENSG00000039123
HGNC:18735	ENSG00000225725
HGNC:18736	ENSG00000204614
HGNC:18737	ENSG00000186918
HGNC:18738	ENSG00000072422
HGNC:1874	ENSG00000172757
HGNC:18740	ENSG00000234122
HGNC:18742	ENSG00000183837
HGNC:18743	ENSG00000198883
HGNC:18744	ENSG00000171595
HGNC:18745	ENSG00000144635
HGNC:18746	ENSG00000126233
HGNC:18747	ENSG00000152910
HGNC:18748	ENSG00000155052
HGNC:18749	ENSG00000174791
HGNC:1875	ENSG00000165410
HGNC:18750	ENSG00000132669
HGNC:18751	ENSG00000100599
HGNC:18752	ENSG00000119487
HGNC:18753	ENSG00000161243
HGNC:18754	ENSG00000269190
HGNC:18755	ENSG00000115350
HGNC:18756	ENSG00000008853
HGNC:18757	ENSG00000164292
HGNC:18758	ENSG00000138686
HGNC:1876	ENSG00000003402
HGNC:18760	ENSG00000197136
HGNC:18761	ENSG00000123643
HGNC:18762	ENSG00000186335
HGNC:1877	ENSG00000213830
HGNC:18771	ENSG00000237425
HGNC:18772	ENSG00000224843
HGNC:18777	ENSG00000226314
HGNC:18779	ENSG00000124613
HGNC:1878	ENSG00000213478
HGNC:18781	ENSG00000185986
HGNC:18782	ENSG00000108091
HGNC:18783	ENSG00000197976
HGNC:18785	ENSG00000160214
HGNC:18786	ENSG00000071859
HGNC:18788	ENSG00000213809
HGNC:18789	ENSG00000145945
HGNC:1879	ENSG00000228056
HGNC:18790	ENSG00000168824
HGNC:18791	ENSG00000204644
HGNC:18792	ENSG00000241549
HGNC:18794	ENSG00000142449
HGNC:18795	ENSG00000213886
HGNC:18796	ENSG00000225797
HGNC:18797	ENSG00000131650
HGNC:18798	ENSG00000070214
HGNC:18799	ENSG00000125375
HGNC:188	ENSG00000137845
HGNC:1880	ENSG00000213026
HGNC:18800	ENSG00000143157
HGNC:18801	ENSG00000143442
HGNC:18802	ENSG00000171953
HGNC:18803	ENSG00000123472
HGNC:18804	ENSG00000242387
HGNC:18805	ENSG00000218281
HGNC:18806	ENSG00000171735
HGNC:18807	ENSG00000108509
HGNC:18808	ENSG00000136261
HGNC:18809	ENSG00000123416
HGNC:18810	ENSG00000166762
HGNC:18811	ENSG00000156966
HGNC:18816	ENSG00000126259
HGNC:18817	ENSG00000166189
HGNC:18818	ENSG00000186812
HGNC:18821	ENSG00000188992
HGNC:18823	ENSG00000116857
HGNC:18824	ENSG00000186496
HGNC:18825	ENSG00000164300
HGNC:18826	ENSG00000112874
HGNC:18827	ENSG00000166321
HGNC:18828	ENSG00000137806
HGNC:18829	ENSG00000161594
HGNC:18830	ENSG00000171872
HGNC:18831	ENSG00000164932
HGNC:18832	ENSG00000160908
HGNC:18835	ENSG00000214188
HGNC:18838	ENSG00000104881
HGNC:18839	ENSG00000256762
HGNC:1884	ENSG00000001626
HGNC:18840	ENSG00000290323
HGNC:18841	ENSG00000228240
HGNC:18842	ENSG00000233699
HGNC:18843	ENSG00000232419
HGNC:18844	ENSG00000232808
HGNC:18845	ENSG00000228890
HGNC:18846	ENSG00000224075
HGNC:18847	ENSG00000239225
HGNC:18848	ENSG00000234803
HGNC:18849	ENSG00000197038
HGNC:1885	ENSG00000135346
HGNC:18851	ENSG00000237118
HGNC:18852	ENSG00000233622
HGNC:18853	ENSG00000268529
HGNC:18854	ENSG00000143578
HGNC:18855	ENSG00000060566
HGNC:18856	ENSG00000157613
HGNC:18857	ENSG00000186204
HGNC:18858	ENSG00000143315
HGNC:18859	ENSG00000063176
HGNC:1886	ENSG00000104827
HGNC:18860	ENSG00000188611
HGNC:18861	ENSG00000164794
HGNC:18862	ENSG00000173826
HGNC:18863	ENSG00000184611
HGNC:18864	ENSG00000183960
HGNC:18865	ENSG00000107147
HGNC:18866	ENSG00000162687
HGNC:18867	ENSG00000215262
HGNC:18868	ENSG00000166435
HGNC:18869	ENSG00000179168
HGNC:18870	ENSG00000130997
HGNC:18871	ENSG00000151611
HGNC:18873	ENSG00000115267
HGNC:18874	ENSG00000213658
HGNC:18875	ENSG00000255374
HGNC:18876	ENSG00000261936
HGNC:18877	ENSG00000226761
HGNC:1888	ENSG00000163320
HGNC:18882	ENSG00000212126
HGNC:18883	ENSG00000221855
HGNC:18884	ENSG00000042088
HGNC:18885	ENSG00000221937
HGNC:18886	ENSG00000236398
HGNC:18888	ENSG00000186136
HGNC:18889	ENSG00000060140
HGNC:18890	ENSG00000212899
HGNC:18891	ENSG00000213417
HGNC:18893	ENSG00000198553
HGNC:18894	ENSG00000162999
HGNC:18896	ENSG00000226479
HGNC:18898	ENSG00000240871
HGNC:18899	ENSG00000198271
HGNC:189	ENSG00000073670
HGNC:18900	ENSG00000244537
HGNC:18901	ENSG00000189334
HGNC:18902	ENSG00000241595
HGNC:18903	ENSG00000214161
HGNC:18904	ENSG00000204887
HGNC:18905	ENSG00000214518
HGNC:18906	ENSG00000212724
HGNC:18907	ENSG00000198443
HGNC:18908	ENSG00000196156
HGNC:18909	ENSG00000198090
HGNC:18910	ENSG00000212722
HGNC:18911	ENSG00000212721
HGNC:18912	ENSG00000240542
HGNC:18914	ENSG00000212659
HGNC:18915	ENSG00000180386
HGNC:18916	ENSG00000212657
HGNC:18917	ENSG00000186860
HGNC:18918	ENSG00000229351
HGNC:18919	ENSG00000226776
HGNC:18920	ENSG00000237230
HGNC:18921	ENSG00000241241
HGNC:18922	ENSG00000182591
HGNC:18923	ENSG00000182816
HGNC:18924	ENSG00000198390
HGNC:18925	ENSG00000240432
HGNC:18926	ENSG00000186971
HGNC:18927	ENSG00000186970
HGNC:18928	ENSG00000186980
HGNC:18929	ENSG00000233640
HGNC:18930	ENSG00000250973
HGNC:18931	ENSG00000184724
HGNC:18932	ENSG00000186930
HGNC:18933	ENSG00000212938
HGNC:18934	ENSG00000274749
HGNC:18935	ENSG00000183640
HGNC:18936	ENSG00000184351
HGNC:18937	ENSG00000186965
HGNC:18938	ENSG00000244025
HGNC:18939	ENSG00000186967
HGNC:18940	ENSG00000186977
HGNC:18941	ENSG00000186925
HGNC:18942	ENSG00000244362
HGNC:18943	ENSG00000244624
HGNC:18944	ENSG00000184032
HGNC:18945	ENSG00000187005
HGNC:18946	ENSG00000187026
HGNC:18947	ENSG00000186924
HGNC:18948	ENSG00000233036
HGNC:18949	ENSG00000227840
HGNC:18950	ENSG00000237841
HGNC:18951	ENSG00000235312
HGNC:18952	ENSG00000236612
HGNC:18954	ENSG00000236400
HGNC:18955	ENSG00000213463
HGNC:18956	ENSG00000154328
HGNC:18957	ENSG00000187391
HGNC:18958	ENSG00000171777
HGNC:18961	ENSG00000170967
HGNC:18965	ENSG00000277778
HGNC:18966	ENSG00000139631
HGNC:18967	ENSG00000134109
HGNC:18969	ENSG00000164509
HGNC:18971	ENSG00000152056
HGNC:18974	ENSG00000229816
HGNC:18975	ENSG00000240048
HGNC:18977	ENSG00000237263
HGNC:18978	ENSG00000226389
HGNC:18979	ENSG00000254185
HGNC:18980	ENSG00000206144
HGNC:18981	ENSG00000175087
HGNC:18982	ENSG00000220875
HGNC:18983	ENSG00000174576
HGNC:18984	ENSG00000029153
HGNC:18985	ENSG00000169738
HGNC:18986	ENSG00000070610
HGNC:18987	ENSG00000259431
HGNC:18988	ENSG00000198846
HGNC:18989	ENSG00000173567
HGNC:18990	ENSG00000153292
HGNC:18991	ENSG00000164393
HGNC:18992	ENSG00000156920
HGNC:18994	ENSG00000160469
HGNC:18995	ENSG00000230044
HGNC:18996	ENSG00000105053
HGNC:18997	ENSG00000147613
HGNC:18999	ENSG00000058729
HGNC:19	ENSG00000129673
HGNC:190	ENSG00000148848
HGNC:19000	ENSG00000168077
HGNC:19002	ENSG00000170390
HGNC:19003	ENSG00000010803
HGNC:19004	ENSG00000204403
HGNC:19005	ENSG00000163673
HGNC:19006	ENSG00000163349
HGNC:19007	ENSG00000160396
HGNC:19008	ENSG00000178502
HGNC:19009	ENSG00000103351
HGNC:19010	ENSG00000159618
HGNC:19011	ENSG00000153294
HGNC:19012	ENSG00000145244
HGNC:19013	ENSG00000146063
HGNC:19014	ENSG00000155890
HGNC:19015	ENSG00000144015
HGNC:19016	ENSG00000166326
HGNC:19017	ENSG00000146755
HGNC:19018	ENSG00000134253
HGNC:19019	ENSG00000163462
HGNC:19020	ENSG00000132481
HGNC:19021	ENSG00000150244
HGNC:19022	ENSG00000165868
HGNC:19023	ENSG00000124900
HGNC:19024	ENSG00000183718
HGNC:19025	ENSG00000225581
HGNC:19026	ENSG00000197587
HGNC:19027	ENSG00000136802
HGNC:19028	ENSG00000169871
HGNC:19030	ENSG00000069122
HGNC:19031	ENSG00000274611
HGNC:19032	ENSG00000143793
HGNC:19034	ENSG00000105613
HGNC:19035	ENSG00000086015
HGNC:19036	ENSG00000099308
HGNC:19037	ENSG00000069020
HGNC:19038	ENSG00000063761
HGNC:19039	ENSG00000133597
HGNC:19040	ENSG00000225036
HGNC:19041	ENSG00000123815
HGNC:19042	ENSG00000120539
HGNC:19043	ENSG00000183432
HGNC:19044	ENSG00000249715
HGNC:19046	ENSG00000137571
HGNC:19048	ENSG00000066279
HGNC:19049	ENSG00000244301
HGNC:19052	ENSG00000263829
HGNC:19054	ENSG00000205549
HGNC:19055	ENSG00000223496
HGNC:19056	ENSG00000184650
HGNC:19057	ENSG00000124177
HGNC:19060	ENSG00000147262
HGNC:19061	ENSG00000186188
HGNC:19066	ENSG00000204366
HGNC:19068	ENSG00000165171
HGNC:19069	ENSG00000249948
HGNC:1907	ENSG00000138135
HGNC:19070	ENSG00000079134
HGNC:19071	ENSG00000183684
HGNC:19072	ENSG00000051596
HGNC:19073	ENSG00000125676
HGNC:19074	ENSG00000100296
HGNC:19075	ENSG00000145365
HGNC:19076	ENSG00000204439
HGNC:19077	ENSG00000204475
HGNC:19078	ENSG00000204387
HGNC:19079	ENSG00000021300
HGNC:1908	ENSG00000197969
HGNC:19080	ENSG00000117643
HGNC:19081	ENSG00000149115
HGNC:19082	ENSG00000102452
HGNC:19083	ENSG00000173207
HGNC:19084	ENSG00000160593
HGNC:19085	ENSG00000175826
HGNC:19086	ENSG00000163517
HGNC:19087	ENSG00000108001
HGNC:19088	ENSG00000116539
HGNC:19089	ENSG00000145740
HGNC:1909	ENSG00000136457
HGNC:19090	ENSG00000221818
HGNC:19092	ENSG00000146005
HGNC:19093	ENSG00000156011
HGNC:19094	ENSG00000104951
HGNC:19095	ENSG00000179562
HGNC:19096	ENSG00000125637
HGNC:19097	ENSG00000157110
HGNC:19098	ENSG00000166831
HGNC:1910	ENSG00000167670
HGNC:19100	ENSG00000162594
HGNC:19102	ENSG00000107201
HGNC:19103	ENSG00000256682
HGNC:19104	ENSG00000131697
HGNC:19106	ENSG00000212125
HGNC:19107	ENSG00000256981
HGNC:19108	ENSG00000212124
HGNC:19109	ENSG00000255837
HGNC:1911	ENSG00000159259
HGNC:19112	ENSG00000256188
HGNC:19113	ENSG00000256436
HGNC:19117	ENSG00000154783
HGNC:19118	ENSG00000168884
HGNC:19119	ENSG00000256870
HGNC:1912	ENSG00000070748
HGNC:19120	ENSG00000233313
HGNC:19121	ENSG00000233440
HGNC:19122	ENSG00000216753
HGNC:19123	ENSG00000213551
HGNC:19124	ENSG00000145216
HGNC:19125	ENSG00000139132
HGNC:19127	ENSG00000176490
HGNC:19129	ENSG00000135069
HGNC:1913	ENSG00000180198
HGNC:19133	ENSG00000171004
HGNC:19134	ENSG00000185352
HGNC:19136	ENSG00000205097
HGNC:19137	ENSG00000103855
HGNC:19138	ENSG00000010626
HGNC:19139	ENSG00000085998
HGNC:1914	ENSG00000136161
HGNC:19140	ENSG00000146216
HGNC:19141	ENSG00000128881
HGNC:19142	ENSG00000171478
HGNC:19143	ENSG00000170832
HGNC:19146	ENSG00000223705
HGNC:19147	ENSG00000183153
HGNC:1915	ENSG00000153922
HGNC:19152	ENSG00000112530
HGNC:19154	ENSG00000159248
HGNC:19155	ENSG00000131233
HGNC:19156	ENSG00000170011
HGNC:19157	ENSG00000197272
HGNC:19158	ENSG00000188818
HGNC:19159	ENSG00000160446
HGNC:1916	ENSG00000131778
HGNC:19160	ENSG00000023041
HGNC:19161	ENSG00000130052
HGNC:19162	ENSG00000159433
HGNC:19163	ENSG00000216331
HGNC:19164	ENSG00000133121
HGNC:19165	ENSG00000136111
HGNC:19166	ENSG00000131374
HGNC:19167	ENSG00000117245
HGNC:19168	ENSG00000142910
HGNC:19169	ENSG00000010270
HGNC:1917	ENSG00000173575
HGNC:19172	ENSG00000089505
HGNC:19173	ENSG00000140932
HGNC:19174	ENSG00000140931
HGNC:19175	ENSG00000183723
HGNC:19176	ENSG00000166091
HGNC:19177	ENSG00000091317
HGNC:19178	ENSG00000153551
HGNC:19179	ENSG00000170293
HGNC:1918	ENSG00000170004
HGNC:19180	ENSG00000146083
HGNC:19181	ENSG00000118193
HGNC:19182	ENSG00000111961
HGNC:19183	ENSG00000143630
HGNC:19184	ENSG00000144589
HGNC:19185	ENSG00000138759
HGNC:19189	ENSG00000130158
HGNC:1919	ENSG00000111642
HGNC:19190	ENSG00000116641
HGNC:19191	ENSG00000107099
HGNC:19192	ENSG00000128512
HGNC:19193	ENSG00000186910
HGNC:19194	ENSG00000143341
HGNC:19195	ENSG00000163995
HGNC:19196	ENSG00000164651
HGNC:19197	ENSG00000163530
HGNC:19199	ENSG00000187569
HGNC:19200	ENSG00000121570
HGNC:19201	ENSG00000203909
HGNC:19205	ENSG00000109689
HGNC:19212	ENSG00000251333
HGNC:19213	ENSG00000166780
HGNC:19214	ENSG00000160410
HGNC:19215	ENSG00000181617
HGNC:19216	ENSG00000109208
HGNC:19217	ENSG00000115970
HGNC:19218	ENSG00000139151
HGNC:19221	ENSG00000109046
HGNC:19222	ENSG00000176871
HGNC:19223	ENSG00000181552
HGNC:19224	ENSG00000234060
HGNC:19225	ENSG00000164096
HGNC:19230	ENSG00000254860
HGNC:19231	ENSG00000219435
HGNC:19232	ENSG00000189377
HGNC:19233	ENSG00000196968
HGNC:19234	ENSG00000172728
HGNC:19235	ENSG00000275700
HGNC:19236	ENSG00000115762
HGNC:19237	ENSG00000095380
HGNC:19238	ENSG00000100558
HGNC:19239	ENSG00000132718
HGNC:19240	ENSG00000268758
HGNC:19241	ENSG00000144820
HGNC:19245	ENSG00000178996
HGNC:19246	ENSG00000166848
HGNC:19248	ENSG00000140367
HGNC:1925	ENSG00000149554
HGNC:19250	ENSG00000215347
HGNC:19251	ENSG00000214076
HGNC:19252	ENSG00000237406
HGNC:19253	ENSG00000100239
HGNC:19254	ENSG00000145287
HGNC:19255	ENSG00000189129
HGNC:19256	ENSG00000100422
HGNC:19257	ENSG00000232305
HGNC:19258	ENSG00000229492
HGNC:19259	ENSG00000236670
HGNC:19260	ENSG00000213906
HGNC:19261	ENSG00000135297
HGNC:19262	ENSG00000100767
HGNC:19263	ENSG00000114988
HGNC:19264	ENSG00000149043
HGNC:19265	ENSG00000170743
HGNC:19266	ENSG00000110975
HGNC:19267	ENSG00000112139
HGNC:19268	ENSG00000160087
HGNC:19269	ENSG00000173464
HGNC:19271	ENSG00000257853
HGNC:19272	ENSG00000277367
HGNC:19273	ENSG00000277209
HGNC:19274	ENSG00000136319
HGNC:19275	ENSG00000182545
HGNC:19277	ENSG00000173431
HGNC:19278	ENSG00000165799
HGNC:19279	ENSG00000258863
HGNC:1928	ENSG00000053254
HGNC:19280	ENSG00000165792
HGNC:19283	ENSG00000259155
HGNC:19285	ENSG00000000457
HGNC:19286	ENSG00000136021
HGNC:19287	ENSG00000205111
HGNC:19288	ENSG00000153086
HGNC:1929	ENSG00000100604
HGNC:19290	ENSG00000121904
HGNC:19291	ENSG00000164796
HGNC:19292	ENSG00000220248
HGNC:19293	ENSG00000179636
HGNC:19295	ENSG00000142235
HGNC:19296	ENSG00000080224
HGNC:19297	ENSG00000061938
HGNC:19299	ENSG00000165782
HGNC:193	ENSG00000143537
HGNC:1930	ENSG00000089199
HGNC:19300	ENSG00000178750
HGNC:19304	ENSG00000156304
HGNC:19305	ENSG00000152683
HGNC:19306	ENSG00000162695
HGNC:19307	ENSG00000146555
HGNC:19308	ENSG00000069188
HGNC:19309	ENSG00000107104
HGNC:19310	ENSG00000198355
HGNC:19311	ENSG00000151322
HGNC:19312	ENSG00000129518
HGNC:19315	ENSG00000050730
HGNC:19316	ENSG00000117385
HGNC:19317	ENSG00000090530
HGNC:19318	ENSG00000110811
HGNC:19319	ENSG00000167851
HGNC:1932	ENSG00000133048
HGNC:19320	ENSG00000167850
HGNC:19321	ENSG00000148826
HGNC:19322	ENSG00000175175
HGNC:19323	ENSG00000165023
HGNC:19325	ENSG00000238125
HGNC:19326	ENSG00000217261
HGNC:19327	ENSG00000235759
HGNC:19328	ENSG00000240122
HGNC:19329	ENSG00000236323
HGNC:1933	ENSG00000064886
HGNC:19330	ENSG00000224465
HGNC:19331	ENSG00000139428
HGNC:19332	ENSG00000224144
HGNC:19334	ENSG00000169570
HGNC:19336	ENSG00000146414
HGNC:19337	ENSG00000236409
HGNC:19338	ENSG00000155111
HGNC:19339	ENSG00000185189
HGNC:1934	ENSG00000204116
HGNC:19340	ENSG00000183305
HGNC:19341	ENSG00000183049
HGNC:19342	ENSG00000117069
HGNC:19343	ENSG00000184005
HGNC:19344	ENSG00000184014
HGNC:19347	ENSG00000111249
HGNC:19348	ENSG00000177951
HGNC:19349	ENSG00000139116
HGNC:1935	ENSG00000109220
HGNC:19350	ENSG00000134901
HGNC:19351	ENSG00000122870
HGNC:19353	ENSG00000169375
HGNC:19354	ENSG00000127511
HGNC:19355	ENSG00000070495
HGNC:19356	ENSG00000005243
HGNC:19357	ENSG00000278311
HGNC:19358	ENSG00000182858
HGNC:19359	ENSG00000165985
HGNC:1936	ENSG00000133063
HGNC:19360	ENSG00000117153
HGNC:19364	ENSG00000182010
HGNC:19365	ENSG00000120137
HGNC:19366	ENSG00000157881
HGNC:19367	ENSG00000138640
HGNC:19368	ENSG00000157423
HGNC:19369	ENSG00000134283
HGNC:1937	ENSG00000110721
HGNC:19370	ENSG00000248019
HGNC:19371	ENSG00000148541
HGNC:19372	ENSG00000204671
HGNC:19373	ENSG00000115129
HGNC:19374	ENSG00000186416
HGNC:19375	ENSG00000125648
HGNC:1938	ENSG00000100288
HGNC:19380	ENSG00000276027
HGNC:19382	ENSG00000120833
HGNC:19383	ENSG00000185338
HGNC:19384	ENSG00000226823
HGNC:19388	ENSG00000100034
HGNC:1939	ENSG00000134121
HGNC:19391	ENSG00000184557
HGNC:19392	ENSG00000180008
HGNC:19393	ENSG00000237398
HGNC:19394	ENSG00000235301
HGNC:19395	ENSG00000225851
HGNC:19398	ENSG00000137338
HGNC:19399	ENSG00000185220
HGNC:1940	ENSG00000188419
HGNC:19401	ENSG00000182405
HGNC:19404	ENSG00000196408
HGNC:19405	ENSG00000177614
HGNC:19406	ENSG00000224372
HGNC:19408	ENSG00000162951
HGNC:19409	ENSG00000146006
HGNC:1941	ENSG00000203668
HGNC:19410	ENSG00000198739
HGNC:19411	ENSG00000176204
HGNC:19412	ENSG00000004838
HGNC:19414	ENSG00000177990
HGNC:19416	ENSG00000214073
HGNC:19417	ENSG00000176222
HGNC:19419	ENSG00000249853
HGNC:19420	ENSG00000133115
HGNC:19421	ENSG00000168395
HGNC:19422	ENSG00000171148
HGNC:19423	ENSG00000111653
HGNC:19425	ENSG00000198700
HGNC:19426	ENSG00000196497
HGNC:19427	ENSG00000204188
HGNC:19428	ENSG00000237214
HGNC:19429	ENSG00000133065
HGNC:1943	ENSG00000128656
HGNC:19431	ENSG00000100528
HGNC:19433	ENSG00000176312
HGNC:19437	ENSG00000100814
HGNC:19439	ENSG00000186795
HGNC:1944	ENSG00000106069
HGNC:19440	ENSG00000126524
HGNC:19441	ENSG00000170854
HGNC:1949	ENSG00000090539
HGNC:195	ENSG00000151694
HGNC:1950	ENSG00000168539
HGNC:1951	ENSG00000181072
HGNC:1952	ENSG00000133019
HGNC:1953	ENSG00000180720
HGNC:1954	ENSG00000184984
HGNC:1955	ENSG00000138435
HGNC:19557	ENSG00000205897
HGNC:1956	ENSG00000120903
HGNC:19561	ENSG00000238152
HGNC:19562	ENSG00000221933
HGNC:19569	ENSG00000187080
HGNC:1957	ENSG00000080644
HGNC:19573	ENSG00000184022
HGNC:19574	ENSG00000279301
HGNC:19575	ENSG00000189181
HGNC:19576	ENSG00000162727
HGNC:19578	ENSG00000196071
HGNC:19579	ENSG00000205494
HGNC:1958	ENSG00000101204
HGNC:19580	ENSG00000171944
HGNC:19582	ENSG00000185903
HGNC:19583	ENSG00000176269
HGNC:19587	ENSG00000198787
HGNC:19589	ENSG00000177586
HGNC:1959	ENSG00000169684
HGNC:19592	ENSG00000177201
HGNC:19594	ENSG00000177186
HGNC:19596	ENSG00000176748
HGNC:19597	ENSG00000176742
HGNC:19599	ENSG00000167355
HGNC:196	ENSG00000168619
HGNC:1960	ENSG00000175344
HGNC:19600	ENSG00000176239
HGNC:19606	ENSG00000255416
HGNC:19607	ENSG00000174970
HGNC:1961	ENSG00000170175
HGNC:19611	ENSG00000172199
HGNC:19612	ENSG00000174957
HGNC:19613	ENSG00000230213
HGNC:19616	ENSG00000198283
HGNC:19618	ENSG00000235855
HGNC:19619	ENSG00000234611
HGNC:1962	ENSG00000160716
HGNC:19620	ENSG00000171561
HGNC:19622	ENSG00000255298
HGNC:19625	ENSG00000276316
HGNC:19627	ENSG00000198678
HGNC:19628	ENSG00000284723
HGNC:19629	ENSG00000258024
HGNC:1963	ENSG00000147432
HGNC:19630	ENSG00000226413
HGNC:19631	ENSG00000272937
HGNC:19632	ENSG00000179626
HGNC:19635	ENSG00000258438
HGNC:19636	ENSG00000284742
HGNC:19637	ENSG00000248442
HGNC:19638	ENSG00000251686
HGNC:19639	ENSG00000249197
HGNC:1964	ENSG00000117971
HGNC:19642	ENSG00000214487
HGNC:19647	ENSG00000272595
HGNC:19648	ENSG00000269800
HGNC:1965	ENSG00000135902
HGNC:19650	ENSG00000115526
HGNC:19651	ENSG00000112305
HGNC:19652	ENSG00000171483
HGNC:19653	ENSG00000187754
HGNC:19654	ENSG00000157965
HGNC:19655	ENSG00000204648
HGNC:19656	ENSG00000163982
HGNC:19657	ENSG00000183034
HGNC:19658	ENSG00000182938
HGNC:19659	ENSG00000186334
HGNC:1966	ENSG00000108556
HGNC:19660	ENSG00000180773
HGNC:19661	ENSG00000116783
HGNC:19662	ENSG00000182793
HGNC:19663	ENSG00000172380
HGNC:19664	ENSG00000167414
HGNC:19665	ENSG00000164506
HGNC:19666	ENSG00000168952
HGNC:19667	ENSG00000140153
HGNC:19669	ENSG00000243855
HGNC:1967	ENSG00000196811
HGNC:19670	ENSG00000258648
HGNC:19672	ENSG00000258401
HGNC:19673	ENSG00000242417
HGNC:19674	ENSG00000214903
HGNC:19675	ENSG00000244053
HGNC:19676	ENSG00000258392
HGNC:19677	ENSG00000136449
HGNC:19678	ENSG00000116750
HGNC:19679	ENSG00000115977
HGNC:1968	ENSG00000143669
HGNC:19680	ENSG00000179921
HGNC:19681	ENSG00000079393
HGNC:19682	ENSG00000177602
HGNC:19683	ENSG00000152332
HGNC:19684	ENSG00000214102
HGNC:19685	ENSG00000086475
HGNC:19686	ENSG00000179918
HGNC:19687	ENSG00000128829
HGNC:19688	ENSG00000143217
HGNC:19689	ENSG00000198570
HGNC:1969	ENSG00000175264
HGNC:19690	ENSG00000224924
HGNC:19691	ENSG00000116353
HGNC:19692	ENSG00000148572
HGNC:19693	ENSG00000167113
HGNC:19694	ENSG00000166263
HGNC:19695	ENSG00000137440
HGNC:19696	ENSG00000109519
HGNC:19697	ENSG00000168418
HGNC:19698	ENSG00000168263
HGNC:19699	ENSG00000145632
HGNC:197	ENSG00000135074
HGNC:1970	ENSG00000175040
HGNC:19700	ENSG00000142675
HGNC:19701	ENSG00000149970
HGNC:19702	ENSG00000196313
HGNC:19703	ENSG00000140474
HGNC:19705	ENSG00000187151
HGNC:19706	ENSG00000143382
HGNC:19708	ENSG00000166816
HGNC:19709	ENSG00000226677
HGNC:1971	ENSG00000122863
HGNC:19710	ENSG00000182218
HGNC:19711	ENSG00000154309
HGNC:19712	ENSG00000140323
HGNC:19714	ENSG00000100523
HGNC:19715	ENSG00000092853
HGNC:19716	ENSG00000111305
HGNC:19717	ENSG00000244234
HGNC:19718	ENSG00000171509
HGNC:19719	ENSG00000133067
HGNC:1972	ENSG00000140835
HGNC:19720	ENSG00000226496
HGNC:19721	ENSG00000171302
HGNC:19722	ENSG00000175302
HGNC:19723	ENSG00000237664
HGNC:19725	ENSG00000275874
HGNC:19727	ENSG00000236384
HGNC:1973	ENSG00000135702
HGNC:19730	ENSG00000188660
HGNC:19731	ENSG00000187630
HGNC:19732	ENSG00000225766
HGNC:19733	ENSG00000169180
HGNC:19734	ENSG00000259144
HGNC:19735	ENSG00000178567
HGNC:19736	ENSG00000172538
HGNC:19737	ENSG00000111077
HGNC:19739	ENSG00000139865
HGNC:1974	ENSG00000213341
HGNC:19740	ENSG00000100731
HGNC:19741	ENSG00000179454
HGNC:19742	ENSG00000165501
HGNC:19743	ENSG00000009830
HGNC:19744	ENSG00000196220
HGNC:19745	ENSG00000198018
HGNC:19747	ENSG00000173040
HGNC:19748	ENSG00000177465
HGNC:1975	ENSG00000119614
HGNC:19750	ENSG00000068724
HGNC:19751	ENSG00000266028
HGNC:19752	ENSG00000109920
HGNC:19753	ENSG00000119632
HGNC:19754	ENSG00000165948
HGNC:1976	ENSG00000176194
HGNC:19760	ENSG00000176783
HGNC:19761	ENSG00000204130
HGNC:19762	ENSG00000179588
HGNC:19763	ENSG00000198881
HGNC:19764	ENSG00000197921
HGNC:19765	ENSG00000196372
HGNC:19766	ENSG00000239388
HGNC:19767	ENSG00000146809
HGNC:19768	ENSG00000161664
HGNC:19769	ENSG00000154007
HGNC:1977	ENSG00000136305
HGNC:19770	ENSG00000182177
HGNC:19771	ENSG00000207444
HGNC:19772	ENSG00000258613
HGNC:19776	ENSG00000240179
HGNC:19777	ENSG00000214759
HGNC:19779	ENSG00000180662
HGNC:19780	ENSG00000258618
HGNC:19781	ENSG00000240210
HGNC:19782	ENSG00000242941
HGNC:19783	ENSG00000242293
HGNC:19785	ENSG00000242071
HGNC:19786	ENSG00000176043
HGNC:19790	ENSG00000177776
HGNC:19792	ENSG00000242952
HGNC:19794	ENSG00000241081
HGNC:19795	ENSG00000239272
HGNC:19796	ENSG00000271705
HGNC:19798	ENSG00000241891
HGNC:19799	ENSG00000230997
HGNC:198	ENSG00000104755
HGNC:1980	ENSG00000138615
HGNC:19800	ENSG00000242571
HGNC:19802	ENSG00000241499
HGNC:19803	ENSG00000240914
HGNC:19804	ENSG00000240051
HGNC:19805	ENSG00000232573
HGNC:19808	ENSG00000230988
HGNC:19809	ENSG00000213176
HGNC:19810	ENSG00000259535
HGNC:19811	ENSG00000240624
HGNC:19812	ENSG00000242837
HGNC:19813	ENSG00000244691
HGNC:19814	ENSG00000196183
HGNC:19815	ENSG00000230157
HGNC:19816	ENSG00000270371
HGNC:19817	ENSG00000283016
HGNC:19818	ENSG00000095203
HGNC:19819	ENSG00000115109
HGNC:1982	ENSG00000099622
HGNC:19820	ENSG00000258491
HGNC:19821	ENSG00000258988
HGNC:19822	ENSG00000235812
HGNC:19823	ENSG00000270433
HGNC:19824	ENSG00000117614
HGNC:19825	ENSG00000139908
HGNC:19826	ENSG00000196943
HGNC:19827	ENSG00000257842
HGNC:19828	ENSG00000186960
HGNC:19829	ENSG00000151327
HGNC:1983	ENSG00000141076
HGNC:19831	ENSG00000259091
HGNC:19832	ENSG00000176435
HGNC:19833	ENSG00000165355
HGNC:19834	ENSG00000179476
HGNC:19835	ENSG00000139915
HGNC:19836	ENSG00000197776
HGNC:19837	ENSG00000131969
HGNC:19838	ENSG00000258955
HGNC:19839	ENSG00000139926
HGNC:1984	ENSG00000114737
HGNC:19840	ENSG00000168175
HGNC:19841	ENSG00000182521
HGNC:19842	ENSG00000186615
HGNC:19843	ENSG00000258791
HGNC:19844	ENSG00000139977
HGNC:19845	ENSG00000151812
HGNC:19846	ENSG00000139971
HGNC:19847	ENSG00000151838
HGNC:19848	ENSG00000131951
HGNC:19849	ENSG00000179008
HGNC:1985	ENSG00000122966
HGNC:19853	ENSG00000156030
HGNC:19854	ENSG00000156050
HGNC:19855	ENSG00000119636
HGNC:19856	ENSG00000205659
HGNC:19857	ENSG00000165898
HGNC:19858	ENSG00000165914
HGNC:19859	ENSG00000165929
HGNC:1986	ENSG00000125931
HGNC:19860	ENSG00000175699
HGNC:19861	ENSG00000176438
HGNC:19863	ENSG00000139974
HGNC:19864	ENSG00000137709
HGNC:19865	ENSG00000270503
HGNC:19866	ENSG00000011258
HGNC:19867	ENSG00000180663
HGNC:19868	ENSG00000125170
HGNC:19869	ENSG00000244486
HGNC:1987	ENSG00000164442
HGNC:19870	ENSG00000197617
HGNC:19871	ENSG00000228567
HGNC:19872	ENSG00000196131
HGNC:19873	ENSG00000164574
HGNC:19874	ENSG00000112983
HGNC:19875	ENSG00000178234
HGNC:19876	ENSG00000120616
HGNC:19877	ENSG00000119514
HGNC:19880	ENSG00000138080
HGNC:19881	ENSG00000132205
HGNC:19883	ENSG00000168826
HGNC:19884	ENSG00000134709
HGNC:19885	ENSG00000095066
HGNC:19888	ENSG00000173269
HGNC:19889	ENSG00000073536
HGNC:1989	ENSG00000105254
HGNC:19891	ENSG00000172367
HGNC:19893	ENSG00000111452
HGNC:19894	ENSG00000170043
HGNC:19895	ENSG00000154451
HGNC:19896	ENSG00000253488
HGNC:19897	ENSG00000184887
HGNC:19898	ENSG00000154080
HGNC:19899	ENSG00000066827
HGNC:199	ENSG00000134007
HGNC:1990	ENSG00000136108
HGNC:19900	ENSG00000236698
HGNC:19901	ENSG00000083750
HGNC:19902	ENSG00000116954
HGNC:19903	ENSG00000025039
HGNC:19904	ENSG00000215421
HGNC:19905	ENSG00000177947
HGNC:19906	ENSG00000078589
HGNC:19907	ENSG00000107341
HGNC:19909	ENSG00000164967
HGNC:1991	ENSG00000166165
HGNC:19910	ENSG00000165271
HGNC:19911	ENSG00000198876
HGNC:19914	ENSG00000227383
HGNC:19916	ENSG00000186638
HGNC:19917	ENSG00000229207
HGNC:19918	ENSG00000164976
HGNC:19919	ENSG00000164972
HGNC:19920	ENSG00000164970
HGNC:19921	ENSG00000258894
HGNC:19922	ENSG00000197358
HGNC:19923	ENSG00000259043
HGNC:19924	ENSG00000258282
HGNC:19925	ENSG00000258350
HGNC:19926	ENSG00000259090
HGNC:19927	ENSG00000259100
HGNC:19928	ENSG00000259022
HGNC:19929	ENSG00000259019
HGNC:1993	ENSG00000260889
HGNC:19931	ENSG00000259051
HGNC:19932	ENSG00000259045
HGNC:19934	ENSG00000258300
HGNC:19935	ENSG00000258591
HGNC:19937	ENSG00000258934
HGNC:19938	ENSG00000259148
HGNC:1994	ENSG00000104879
HGNC:19940	ENSG00000178301
HGNC:19941	ENSG00000184945
HGNC:19942	ENSG00000054116
HGNC:19943	ENSG00000196655
HGNC:19946	ENSG00000130559
HGNC:19949	ENSG00000172336
HGNC:1995	ENSG00000237289
HGNC:19950	ENSG00000278023
HGNC:19952	ENSG00000231213
HGNC:19953	ENSG00000163082
HGNC:19954	ENSG00000177542
HGNC:19955	ENSG00000226777
HGNC:19956	ENSG00000100647
HGNC:19957	ENSG00000196663
HGNC:19958	ENSG00000100890
HGNC:19959	ENSG00000198718
HGNC:1996	ENSG00000131730
HGNC:19960	ENSG00000100578
HGNC:19961	ENSG00000013523
HGNC:19962	ENSG00000126775
HGNC:19963	ENSG00000119685
HGNC:19964	ENSG00000071246
HGNC:19965	ENSG00000087301
HGNC:19966	ENSG00000133958
HGNC:19967	ENSG00000015133
HGNC:19968	ENSG00000177432
HGNC:19969	ENSG00000282164
HGNC:19970	ENSG00000133997
HGNC:19971	ENSG00000159479
HGNC:19972	ENSG00000165959
HGNC:19973	ENSG00000158106
HGNC:19974	ENSG00000131941
HGNC:19975	ENSG00000121039
HGNC:19977	ENSG00000139988
HGNC:19978	ENSG00000160439
HGNC:19979	ENSG00000240857
HGNC:19980	ENSG00000100522
HGNC:19982	ENSG00000146955
HGNC:19983	ENSG00000172780
HGNC:19985	ENSG00000113387
HGNC:19986	ENSG00000172115
HGNC:19987	ENSG00000183317
HGNC:19988	ENSG00000153107
HGNC:19989	ENSG00000176248
HGNC:1999	ENSG00000254331
HGNC:19990	ENSG00000053900
HGNC:19991	ENSG00000181619
HGNC:19992	ENSG00000124818
HGNC:19995	ENSG00000180269
HGNC:19997	ENSG00000187037
HGNC:19998	ENSG00000105576
HGNC:20	ENSG00000090861
HGNC:200	ENSG00000139985
HGNC:2000	ENSG00000123975
HGNC:20001	ENSG00000169174
HGNC:20002	ENSG00000258685
HGNC:20003	ENSG00000258568
HGNC:20004	ENSG00000258788
HGNC:20005	ENSG00000258981
HGNC:20006	ENSG00000258626
HGNC:20007	ENSG00000259165
HGNC:20008	ENSG00000258841
HGNC:20009	ENSG00000258778
HGNC:2001	ENSG00000166923
HGNC:20010	ENSG00000258501
HGNC:20011	ENSG00000259032
HGNC:20012	ENSG00000258421
HGNC:20013	ENSG00000270878
HGNC:20014	ENSG00000180189
HGNC:20015	ENSG00000259318
HGNC:20016	ENSG00000258452
HGNC:20017	ENSG00000258900
HGNC:20018	ENSG00000239269
HGNC:20019	ENSG00000258445
HGNC:20020	ENSG00000270975
HGNC:20022	ENSG00000258629
HGNC:20023	ENSG00000258972
HGNC:20024	ENSG00000259167
HGNC:20025	ENSG00000259010
HGNC:20026	ENSG00000270788
HGNC:20027	ENSG00000258996
HGNC:20028	ENSG00000258477
HGNC:20029	ENSG00000258563
HGNC:20030	ENSG00000259078
HGNC:20032	ENSG00000258893
HGNC:20033	ENSG00000258577
HGNC:20034	ENSG00000258485
HGNC:20035	ENSG00000271484
HGNC:20036	ENSG00000270343
HGNC:20038	ENSG00000278053
HGNC:20039	ENSG00000112186
HGNC:20040	ENSG00000131236
HGNC:20041	ENSG00000175213
HGNC:20043	ENSG00000082516
HGNC:20044	ENSG00000152147
HGNC:20045	ENSG00000142252
HGNC:20046	ENSG00000258524
HGNC:20047	ENSG00000258408
HGNC:20049	ENSG00000258565
HGNC:20050	ENSG00000259050
HGNC:20051	ENSG00000223506
HGNC:20052	ENSG00000258645
HGNC:20053	ENSG00000258650
HGNC:20054	ENSG00000259059
HGNC:20055	ENSG00000258571
HGNC:20056	ENSG00000243023
HGNC:20059	ENSG00000077254
HGNC:20060	ENSG00000103404
HGNC:20061	ENSG00000118369
HGNC:20062	ENSG00000055483
HGNC:20063	ENSG00000135913
HGNC:20064	ENSG00000136014
HGNC:20065	ENSG00000135093
HGNC:20066	ENSG00000115464
HGNC:20067	ENSG00000170185
HGNC:20068	ENSG00000106346
HGNC:20069	ENSG00000085982
HGNC:20070	ENSG00000161133
HGNC:20071	ENSG00000168883
HGNC:20072	ENSG00000154914
HGNC:20073	ENSG00000143376
HGNC:20074	ENSG00000135473
HGNC:20075	ENSG00000109189
HGNC:20076	ENSG00000170242
HGNC:20078	ENSG00000164663
HGNC:20079	ENSG00000170236
HGNC:20080	ENSG00000123552
HGNC:20081	ENSG00000137142
HGNC:20082	ENSG00000185163
HGNC:20083	ENSG00000184735
HGNC:20084	ENSG00000123064
HGNC:20085	ENSG00000111364
HGNC:20086	ENSG00000163214
HGNC:20087	ENSG00000165533
HGNC:20088	ENSG00000257008
HGNC:20090	ENSG00000136770
HGNC:20091	ENSG00000140057
HGNC:20092	ENSG00000171681
HGNC:20093	ENSG00000185100
HGNC:20095	ENSG00000271423
HGNC:20096	ENSG00000156381
HGNC:20097	ENSG00000165807
HGNC:20099	ENSG00000258289
HGNC:201	ENSG00000008277
HGNC:20100	ENSG00000196553
HGNC:20101	ENSG00000172717
HGNC:20102	ENSG00000259158
HGNC:20105	ENSG00000119686
HGNC:20106	ENSG00000177108
HGNC:20111	ENSG00000246223
HGNC:20113	ENSG00000168350
HGNC:20115	ENSG00000140107
HGNC:20116	ENSG00000197119
HGNC:20117	ENSG00000196273
HGNC:20118	ENSG00000259023
HGNC:20119	ENSG00000258512
HGNC:20120	ENSG00000205436
HGNC:20121	ENSG00000259717
HGNC:20122	ENSG00000156414
HGNC:20123	ENSG00000166183
HGNC:20125	ENSG00000185567
HGNC:20126	ENSG00000140104
HGNC:20127	ENSG00000185347
HGNC:20129	ENSG00000273888
HGNC:2013	ENSG00000177879
HGNC:20130	ENSG00000198133
HGNC:20131	ENSG00000259062
HGNC:20132	ENSG00000258730
HGNC:20133	ENSG00000258584
HGNC:20134	ENSG00000182512
HGNC:20137	ENSG00000258986
HGNC:20139	ENSG00000243904
HGNC:2014	ENSG00000105205
HGNC:20140	ENSG00000259161
HGNC:20141	ENSG00000183828
HGNC:20142	ENSG00000259151
HGNC:20143	ENSG00000258990
HGNC:20144	ENSG00000119725
HGNC:20145	ENSG00000101850
HGNC:20146	ENSG00000139899
HGNC:20147	ENSG00000065615
HGNC:20148	ENSG00000175985
HGNC:20149	ENSG00000140043
HGNC:2015	ENSG00000016490
HGNC:20150	ENSG00000139998
HGNC:20151	ENSG00000179520
HGNC:20152	ENSG00000136367
HGNC:20153	ENSG00000100888
HGNC:20154	ENSG00000100439
HGNC:20155	ENSG00000100461
HGNC:20156	ENSG00000092051
HGNC:20157	ENSG00000092148
HGNC:20159	ENSG00000200785
HGNC:2016	ENSG00000137975
HGNC:20160	ENSG00000258870
HGNC:20161	ENSG00000092203
HGNC:20162	ENSG00000100802
HGNC:20163	ENSG00000092036
HGNC:20164	ENSG00000290292
HGNC:20165	ENSG00000205978
HGNC:20166	ENSG00000100441
HGNC:20168	ENSG00000276210
HGNC:20169	ENSG00000270816
HGNC:2017	ENSG00000153923
HGNC:20173	ENSG00000163444
HGNC:20174	ENSG00000064102
HGNC:20175	ENSG00000111711
HGNC:20176	ENSG00000231542
HGNC:20178	ENSG00000176182
HGNC:2018	ENSG00000016602
HGNC:20182	ENSG00000029364
HGNC:20184	ENSG00000050130
HGNC:20185	ENSG00000070269
HGNC:20186	ENSG00000119720
HGNC:20187	ENSG00000066739
HGNC:20188	ENSG00000165506
HGNC:20189	ENSG00000100557
HGNC:2019	ENSG00000188037
HGNC:20190	ENSG00000129534
HGNC:20191	ENSG00000279636
HGNC:20192	ENSG00000053770
HGNC:20193	ENSG00000162669
HGNC:20194	ENSG00000171453
HGNC:20195	ENSG00000233792
HGNC:20196	ENSG00000232940
HGNC:20197	ENSG00000181830
HGNC:202	ENSG00000114948
HGNC:2020	ENSG00000114859
HGNC:20200	ENSG00000234620
HGNC:20201	ENSG00000178974
HGNC:20202	ENSG00000151062
HGNC:20203	ENSG00000163072
HGNC:20205	ENSG00000249673
HGNC:20207	ENSG00000187676
HGNC:20208	ENSG00000104883
HGNC:20209	ENSG00000242808
HGNC:2021	ENSG00000109572
HGNC:20210	ENSG00000089916
HGNC:20213	ENSG00000133983
HGNC:20217	ENSG00000081177
HGNC:20218	ENSG00000153485
HGNC:20219	ENSG00000100796
HGNC:2022	ENSG00000073464
HGNC:20220	ENSG00000119616
HGNC:20222	ENSG00000198208
HGNC:20223	ENSG00000133980
HGNC:20224	ENSG00000139990
HGNC:20225	ENSG00000011332
HGNC:20226	ENSG00000066735
HGNC:20229	ENSG00000119599
HGNC:2023	ENSG00000171365
HGNC:20230	ENSG00000234124
HGNC:20231	ENSG00000165516
HGNC:20232	ENSG00000170162
HGNC:20233	ENSG00000119723
HGNC:20234	ENSG00000196405
HGNC:20237	ENSG00000130545
HGNC:20239	ENSG00000115226
HGNC:2024	ENSG00000011021
HGNC:20240	ENSG00000160097
HGNC:20242	ENSG00000259046
HGNC:20243	ENSG00000073067
HGNC:20244	ENSG00000186377
HGNC:20245	ENSG00000241095
HGNC:20246	ENSG00000129472
HGNC:20247	ENSG00000146834
HGNC:20248	ENSG00000139890
HGNC:20249	ENSG00000166068
HGNC:2025	ENSG00000103249
HGNC:20250	ENSG00000129474
HGNC:20251	ENSG00000233588
HGNC:20252	ENSG00000258531
HGNC:20253	ENSG00000174500
HGNC:20254	ENSG00000102858
HGNC:20255	ENSG00000163935
HGNC:20256	ENSG00000198879
HGNC:20257	ENSG00000276400
HGNC:20258	ENSG00000100897
HGNC:20259	ENSG00000126804
HGNC:2026	ENSG00000186510
HGNC:20260	ENSG00000121542
HGNC:20261	ENSG00000139496
HGNC:20262	ENSG00000165480
HGNC:20263	ENSG00000136169
HGNC:20264	ENSG00000198812
HGNC:20265	ENSG00000088448
HGNC:20266	ENSG00000120697
HGNC:20267	ENSG00000133985
HGNC:2027	ENSG00000184908
HGNC:20270	ENSG00000179933
HGNC:20271	ENSG00000129460
HGNC:20272	ENSG00000186648
HGNC:20273	ENSG00000100908
HGNC:20274	ENSG00000254505
HGNC:20275	ENSG00000100445
HGNC:20276	ENSG00000129493
HGNC:20277	ENSG00000129480
HGNC:20278	ENSG00000151413
HGNC:20279	ENSG00000258655
HGNC:20280	ENSG00000258783
HGNC:20281	ENSG00000258948
HGNC:20282	ENSG00000258828
HGNC:20283	ENSG00000258951
HGNC:20284	ENSG00000197555
HGNC:20286	ENSG00000043514
HGNC:20289	ENSG00000180138
HGNC:20290	ENSG00000102547
HGNC:20291	ENSG00000120685
HGNC:20292	ENSG00000135932
HGNC:20293	ENSG00000139826
HGNC:20294	ENSG00000132952
HGNC:20295	ENSG00000165300
HGNC:20296	ENSG00000102531
HGNC:20297	ENSG00000178235
HGNC:20298	ENSG00000133114
HGNC:20299	ENSG00000102543
HGNC:203	ENSG00000214607
HGNC:20300	ENSG00000104147
HGNC:20301	ENSG00000163393
HGNC:20302	ENSG00000004809
HGNC:20303	ENSG00000164756
HGNC:20304	ENSG00000214688
HGNC:20305	ENSG00000198569
HGNC:20308	ENSG00000152193
HGNC:20309	ENSG00000136141
HGNC:20310	ENSG00000139835
HGNC:20311	ENSG00000198824
HGNC:20312	ENSG00000136100
HGNC:20313	ENSG00000205038
HGNC:20314	ENSG00000185246
HGNC:20315	ENSG00000152348
HGNC:20316	ENSG00000149743
HGNC:20318	ENSG00000198732
HGNC:2032	ENSG00000163347
HGNC:20320	ENSG00000121390
HGNC:20321	ENSG00000253797
HGNC:20322	ENSG00000139800
HGNC:20323	ENSG00000112562
HGNC:20324	ENSG00000088451
HGNC:20325	ENSG00000120675
HGNC:20327	ENSG00000139746
HGNC:20328	ENSG00000150401
HGNC:20329	ENSG00000150403
HGNC:2033	ENSG00000134873
HGNC:20330	ENSG00000132963
HGNC:20331	ENSG00000185989
HGNC:20332	ENSG00000169062
HGNC:20334	ENSG00000238275
HGNC:20335	ENSG00000153130
HGNC:20336	ENSG00000228966
HGNC:20337	ENSG00000256385
HGNC:20338	ENSG00000092140
HGNC:20339	ENSG00000258896
HGNC:2034	ENSG00000157224
HGNC:20340	ENSG00000163637
HGNC:20341	ENSG00000175048
HGNC:20342	ENSG00000102383
HGNC:20343	ENSG00000100744
HGNC:20344	ENSG00000012963
HGNC:20345	ENSG00000022976
HGNC:20346	ENSG00000227051
HGNC:20347	ENSG00000151445
HGNC:20348	ENSG00000258498
HGNC:20349	ENSG00000126773
HGNC:2035	ENSG00000159261
HGNC:20351	ENSG00000089723
HGNC:20352	ENSG00000100483
HGNC:20354	ENSG00000119703
HGNC:20356	ENSG00000170270
HGNC:20357	ENSG00000140025
HGNC:20358	ENSG00000258913
HGNC:20359	ENSG00000100629
HGNC:2036	ENSG00000106404
HGNC:20360	ENSG00000165379
HGNC:20361	ENSG00000165389
HGNC:20362	ENSG00000099814
HGNC:20363	ENSG00000119682
HGNC:20364	ENSG00000126822
HGNC:20365	ENSG00000198894
HGNC:20366	ENSG00000180730
HGNC:20367	ENSG00000073910
HGNC:20368	ENSG00000123200
HGNC:20369	ENSG00000102760
HGNC:2037	ENSG00000113946
HGNC:20370	ENSG00000153495
HGNC:20371	ENSG00000174886
HGNC:20372	ENSG00000147123
HGNC:20373	ENSG00000090487
HGNC:20374	ENSG00000169840
HGNC:20376	ENSG00000144455
HGNC:2038	ENSG00000156282
HGNC:20380	ENSG00000180205
HGNC:20387	ENSG00000154059
HGNC:20388	ENSG00000163515
HGNC:20389	ENSG00000104918
HGNC:2039	ENSG00000066405
HGNC:20390	ENSG00000137767
HGNC:20391	ENSG00000137573
HGNC:20392	ENSG00000196562
HGNC:20393	ENSG00000174963
HGNC:20396	ENSG00000085514
HGNC:20397	ENSG00000166669
HGNC:20398	ENSG00000166676
HGNC:20399	ENSG00000171928
HGNC:2040	ENSG00000164007
HGNC:20400	ENSG00000218283
HGNC:20402	ENSG00000255040
HGNC:20403	ENSG00000250147
HGNC:20406	ENSG00000170465
HGNC:20407	ENSG00000269058
HGNC:2041	ENSG00000165376
HGNC:20410	ENSG00000144045
HGNC:20411	ENSG00000189182
HGNC:20412	ENSG00000171431
HGNC:20415	ENSG00000129103
HGNC:20417	ENSG00000188831
HGNC:20418	ENSG00000083642
HGNC:20419	ENSG00000160959
HGNC:2042	ENSG00000171217
HGNC:20420	ENSG00000102445
HGNC:20421	ENSG00000139517
HGNC:20422	ENSG00000186184
HGNC:20423	ENSG00000042317
HGNC:20427	ENSG00000151332
HGNC:20429	ENSG00000196109
HGNC:20431	ENSG00000227695
HGNC:20434	ENSG00000161911
HGNC:20436	ENSG00000182223
HGNC:20437	ENSG00000173209
HGNC:20438	ENSG00000215277
HGNC:20439	ENSG00000125351
HGNC:2044	ENSG00000177300
HGNC:20440	ENSG00000143353
HGNC:20441	ENSG00000188643
HGNC:20442	ENSG00000156860
HGNC:20443	ENSG00000170873
HGNC:20444	ENSG00000204406
HGNC:20445	ENSG00000166987
HGNC:20448	ENSG00000248485
HGNC:20449	ENSG00000276747
HGNC:2045	ENSG00000165215
HGNC:20450	ENSG00000188909
HGNC:20451	ENSG00000085449
HGNC:20452	ENSG00000125629
HGNC:20453	ENSG00000174562
HGNC:20454	ENSG00000125630
HGNC:20455	ENSG00000072609
HGNC:20456	ENSG00000131653
HGNC:20457	ENSG00000151692
HGNC:20458	ENSG00000127377
HGNC:2046	ENSG00000189143
HGNC:20460	ENSG00000148288
HGNC:20461	ENSG00000143156
HGNC:20465	ENSG00000198887
HGNC:20466	ENSG00000163029
HGNC:20469	ENSG00000183566
HGNC:2047	ENSG00000184113
HGNC:20470	ENSG00000130332
HGNC:20471	ENSG00000128534
HGNC:20472	ENSG00000175324
HGNC:20473	ENSG00000136492
HGNC:20474	ENSG00000167895
HGNC:20476	ENSG00000189037
HGNC:20477	ENSG00000175121
HGNC:20478	ENSG00000180083
HGNC:20479	ENSG00000182931
HGNC:2048	ENSG00000184697
HGNC:20480	ENSG00000162654
HGNC:20482	ENSG00000139668
HGNC:20484	ENSG00000204960
HGNC:20485	ENSG00000152484
HGNC:20486	ENSG00000134882
HGNC:20487	ENSG00000165555
HGNC:20488	ENSG00000126790
HGNC:20489	ENSG00000140006
HGNC:2049	ENSG00000181885
HGNC:20491	ENSG00000140067
HGNC:20492	ENSG00000256053
HGNC:20493	ENSG00000183576
HGNC:20494	ENSG00000189139
HGNC:20495	ENSG00000119705
HGNC:20498	ENSG00000133943
HGNC:20499	ENSG00000087299
HGNC:2050	ENSG00000156284
HGNC:20500	ENSG00000133962
HGNC:20502	ENSG00000139540
HGNC:20503	ENSG00000203811
HGNC:20505	ENSG00000203852
HGNC:20507	ENSG00000181218
HGNC:20508	ENSG00000184270
HGNC:20509	ENSG00000100722
HGNC:2051	ENSG00000213937
HGNC:20510	ENSG00000197837
HGNC:20511	ENSG00000184986
HGNC:20512	ENSG00000100916
HGNC:20513	ENSG00000239827
HGNC:20514	ENSG00000196890
HGNC:20515	ENSG00000181201
HGNC:20516	ENSG00000261716
HGNC:20517	ENSG00000220323
HGNC:2052	ENSG00000166509
HGNC:20521	ENSG00000215454
HGNC:20523	ENSG00000188155
HGNC:20525	ENSG00000187766
HGNC:20528	ENSG00000243489
HGNC:20529	ENSG00000187175
HGNC:2053	ENSG00000110852
HGNC:20530	ENSG00000221864
HGNC:20531	ENSG00000205439
HGNC:20532	ENSG00000212933
HGNC:20533	ENSG00000189169
HGNC:2054	ENSG00000258227
HGNC:20560	ENSG00000223345
HGNC:20561	ENSG00000007384
HGNC:20564	ENSG00000076770
HGNC:20565	ENSG00000198796
HGNC:20566	ENSG00000159164
HGNC:20567	ENSG00000172113
HGNC:20568	ENSG00000067167
HGNC:20569	ENSG00000163660
HGNC:20570	ENSG00000221978
HGNC:20573	ENSG00000154143
HGNC:20575	ENSG00000162365
HGNC:20576	ENSG00000119004
HGNC:20577	ENSG00000187553
HGNC:20580	ENSG00000186104
HGNC:20581	ENSG00000003137
HGNC:20582	ENSG00000155016
HGNC:20583	ENSG00000186160
HGNC:20584	ENSG00000205060
HGNC:20588	ENSG00000116005
HGNC:20589	ENSG00000176407
HGNC:20590	ENSG00000250428
HGNC:20593	ENSG00000166887
HGNC:20594	ENSG00000172889
HGNC:20595	ENSG00000132938
HGNC:20596	ENSG00000102710
HGNC:20597	ENSG00000120686
HGNC:20598	ENSG00000102910
HGNC:20599	ENSG00000158764
HGNC:206	ENSG00000042980
HGNC:2060	ENSG00000153132
HGNC:20601	ENSG00000213901
HGNC:20602	ENSG00000276067
HGNC:20603	ENSG00000117682
HGNC:20604	ENSG00000083520
HGNC:20605	ENSG00000178038
HGNC:20606	ENSG00000032742
HGNC:20607	ENSG00000151778
HGNC:20608	ENSG00000245573
HGNC:20609	ENSG00000106305
HGNC:20610	ENSG00000081913
HGNC:20611	ENSG00000188467
HGNC:20612	ENSG00000083544
HGNC:20614	ENSG00000162782
HGNC:20615	ENSG00000203523
HGNC:20616	ENSG00000270923
HGNC:20619	ENSG00000135596
HGNC:2062	ENSG00000213719
HGNC:20620	ENSG00000183578
HGNC:20625	ENSG00000170959
HGNC:20626	ENSG00000171316
HGNC:20627	ENSG00000133488
HGNC:20628	ENSG00000086200
HGNC:20629	ENSG00000242852
HGNC:2063	ENSG00000155962
HGNC:20630	ENSG00000133250
HGNC:20632	ENSG00000238000
HGNC:20633	ENSG00000258907
HGNC:20635	ENSG00000068878
HGNC:20636	ENSG00000170954
HGNC:20637	ENSG00000157851
HGNC:20639	ENSG00000185899
HGNC:2064	ENSG00000169583
HGNC:20640	ENSG00000234066
HGNC:20641	ENSG00000256019
HGNC:20642	ENSG00000256274
HGNC:20644	ENSG00000134955
HGNC:20645	ENSG00000083817
HGNC:20646	ENSG00000173480
HGNC:20647	ENSG00000196724
HGNC:20648	ENSG00000105136
HGNC:20649	ENSG00000197050
HGNC:2065	ENSG00000159212
HGNC:20651	ENSG00000157800
HGNC:20652	ENSG00000113621
HGNC:20653	ENSG00000181804
HGNC:20654	ENSG00000234571
HGNC:20655	ENSG00000158987
HGNC:20656	ENSG00000113583
HGNC:20657	ENSG00000117472
HGNC:20659	ENSG00000134198
HGNC:20660	ENSG00000157570
HGNC:20661	ENSG00000144741
HGNC:20662	ENSG00000085491
HGNC:20663	ENSG00000148339
HGNC:20664	ENSG00000105968
HGNC:20665	ENSG00000166257
HGNC:20667	ENSG00000197763
HGNC:20668	ENSG00000204511
HGNC:20669	ENSG00000183856
HGNC:2067	ENSG00000107438
HGNC:20670	ENSG00000233608
HGNC:20672	ENSG00000172943
HGNC:20673	ENSG00000188655
HGNC:20675	ENSG00000150656
HGNC:20678	ENSG00000186075
HGNC:20679	ENSG00000185101
HGNC:2068	ENSG00000013441
HGNC:20681	ENSG00000144426
HGNC:20685	ENSG00000155066
HGNC:20686	ENSG00000166049
HGNC:20687	ENSG00000266992
HGNC:2069	ENSG00000176444
HGNC:20690	ENSG00000204947
HGNC:20691	ENSG00000198496
HGNC:20692	ENSG00000139287
HGNC:20693	ENSG00000122584
HGNC:20694	ENSG00000147059
HGNC:20696	ENSG00000134014
HGNC:207	ENSG00000168594
HGNC:2070	ENSG00000232553
HGNC:20704	ENSG00000124702
HGNC:20707	ENSG00000197430
HGNC:20708	ENSG00000113108
HGNC:20709	ENSG00000137776
HGNC:2071	ENSG00000179335
HGNC:20710	ENSG00000177494
HGNC:20711	ENSG00000132846
HGNC:20712	ENSG00000204160
HGNC:20713	ENSG00000163958
HGNC:20714	ENSG00000171307
HGNC:20715	ENSG00000165175
HGNC:20716	ENSG00000174996
HGNC:20717	ENSG00000104892
HGNC:20718	ENSG00000169918
HGNC:20721	ENSG00000100426
HGNC:20722	ENSG00000271198
HGNC:20723	ENSG00000205579
HGNC:20724	ENSG00000258605
HGNC:20725	ENSG00000130818
HGNC:20726	ENSG00000092108
HGNC:20728	ENSG00000197818
HGNC:20729	ENSG00000164049
HGNC:2073	ENSG00000166340
HGNC:20730	ENSG00000135931
HGNC:20731	ENSG00000114450
HGNC:20733	ENSG00000256968
HGNC:20738	ENSG00000162298
HGNC:20739	ENSG00000151151
HGNC:2074	ENSG00000188603
HGNC:20741	ENSG00000268751
HGNC:20742	ENSG00000146267
HGNC:20743	ENSG00000162981
HGNC:20746	ENSG00000130766
HGNC:20748	ENSG00000115392
HGNC:20749	ENSG00000180776
HGNC:20750	ENSG00000175893
HGNC:20751	ENSG00000163625
HGNC:20753	ENSG00000176087
HGNC:20754	ENSG00000069018
HGNC:20756	ENSG00000039319
HGNC:20757	ENSG00000175895
HGNC:20758	ENSG00000166140
HGNC:20759	ENSG00000131381
HGNC:2076	ENSG00000102805
HGNC:20760	ENSG00000100711
HGNC:20761	ENSG00000072121
HGNC:20763	ENSG00000185722
HGNC:20764	ENSG00000166289
HGNC:20765	ENSG00000152086
HGNC:20766	ENSG00000167552
HGNC:20767	ENSG00000154553
HGNC:20768	ENSG00000167553
HGNC:2077	ENSG00000128973
HGNC:20770	ENSG00000213170
HGNC:20771	ENSG00000188229
HGNC:20772	ENSG00000258947
HGNC:20773	ENSG00000261456
HGNC:20774	ENSG00000104833
HGNC:20775	ENSG00000074935
HGNC:20776	ENSG00000176014
HGNC:20778	ENSG00000196230
HGNC:20779	ENSG00000138653
HGNC:20782	ENSG00000275591
HGNC:20785	ENSG00000155367
HGNC:20788	ENSG00000129667
HGNC:20789	ENSG00000130734
HGNC:2079	ENSG00000182372
HGNC:20790	ENSG00000168397
HGNC:20792	ENSG00000138459
HGNC:20793	ENSG00000107551
HGNC:20794	ENSG00000186871
HGNC:20795	ENSG00000180745
HGNC:20796	ENSG00000169435
HGNC:20797	ENSG00000071967
HGNC:20798	ENSG00000121073
HGNC:20799	ENSG00000130958
HGNC:208	ENSG00000134249
HGNC:2080	ENSG00000074201
HGNC:20800	ENSG00000116704
HGNC:20801	ENSG00000188459
HGNC:20803	ENSG00000127526
HGNC:20804	ENSG00000131116
HGNC:20807	ENSG00000256229
HGNC:20808	ENSG00000118620
HGNC:20809	ENSG00000196705
HGNC:2081	ENSG00000213335
HGNC:20810	ENSG00000256087
HGNC:20811	ENSG00000197647
HGNC:20812	ENSG00000140987
HGNC:20813	ENSG00000196812
HGNC:20814	ENSG00000125945
HGNC:20815	ENSG00000115548
HGNC:20816	ENSG00000109118
HGNC:20817	ENSG00000197013
HGNC:20818	ENSG00000172061
HGNC:20819	ENSG00000152705
HGNC:2082	ENSG00000134852
HGNC:20820	ENSG00000162341
HGNC:20821	ENSG00000171502
HGNC:20822	ENSG00000162618
HGNC:20823	ENSG00000175497
HGNC:20824	ENSG00000181754
HGNC:20834	ENSG00000100314
HGNC:20837	ENSG00000148832
HGNC:2084	ENSG00000125656
HGNC:20842	ENSG00000137166
HGNC:20844	ENSG00000175697
HGNC:20846	ENSG00000197915
HGNC:2085	ENSG00000137392
HGNC:20851	ENSG00000137942
HGNC:20852	ENSG00000127580
HGNC:20853	ENSG00000145860
HGNC:20854	ENSG00000173451
HGNC:20855	ENSG00000041988
HGNC:20856	ENSG00000131931
HGNC:20857	ENSG00000111704
HGNC:20858	ENSG00000104635
HGNC:20859	ENSG00000165915
HGNC:2086	ENSG00000229749
HGNC:20860	ENSG00000148482
HGNC:20861	ENSG00000196950
HGNC:20862	ENSG00000138821
HGNC:20863	ENSG00000215790
HGNC:20864	ENSG00000175782
HGNC:20865	ENSG00000237951
HGNC:20866	ENSG00000146374
HGNC:20867	ENSG00000152034
HGNC:20868	ENSG00000181472
HGNC:20869	ENSG00000163217
HGNC:2087	ENSG00000104853
HGNC:20870	ENSG00000197498
HGNC:20871	ENSG00000151917
HGNC:20872	ENSG00000155115
HGNC:20873	ENSG00000171291
HGNC:20874	ENSG00000171295
HGNC:20875	ENSG00000197044
HGNC:20876	ENSG00000124535
HGNC:20877	ENSG00000198342
HGNC:20878	ENSG00000180855
HGNC:20879	ENSG00000167971
HGNC:2088	ENSG00000166855
HGNC:20880	ENSG00000158669
HGNC:20881	ENSG00000137434
HGNC:20882	ENSG00000111845
HGNC:20883	ENSG00000153982
HGNC:20884	ENSG00000120278
HGNC:20885	ENSG00000026652
HGNC:20886	ENSG00000155189
HGNC:20887	ENSG00000121964
HGNC:20889	ENSG00000198799
HGNC:20892	ENSG00000187922
HGNC:20893	ENSG00000183337
HGNC:20898	ENSG00000165434
HGNC:209	ENSG00000197475
HGNC:2090	ENSG00000122705
HGNC:20900	ENSG00000089195
HGNC:20907	ENSG00000144597
HGNC:20908	ENSG00000134874
HGNC:2091	ENSG00000175416
HGNC:20910	ENSG00000183077
HGNC:20914	ENSG00000189114
HGNC:20917	ENSG00000073331
HGNC:20919	ENSG00000266853
HGNC:2092	ENSG00000141367
HGNC:20920	ENSG00000188921
HGNC:20922	ENSG00000132207
HGNC:20923	ENSG00000242599
HGNC:2093	ENSG00000070371
HGNC:20932	ENSG00000077514
HGNC:20937	ENSG00000221947
HGNC:20944	ENSG00000112701
HGNC:20945	ENSG00000161381
HGNC:20947	ENSG00000173726
HGNC:2095	ENSG00000120885
HGNC:20951	ENSG00000164379
HGNC:20952	ENSG00000111843
HGNC:20953	ENSG00000229921
HGNC:20954	ENSG00000009844
HGNC:20956	ENSG00000112419
HGNC:20957	ENSG00000154079
HGNC:20958	ENSG00000146433
HGNC:20959	ENSG00000213079
HGNC:2096	ENSG00000079101
HGNC:20960	ENSG00000184530
HGNC:20961	ENSG00000064999
HGNC:20962	ENSG00000144848
HGNC:20964	ENSG00000142279
HGNC:20967	ENSG00000160877
HGNC:20968	ENSG00000170468
HGNC:2097	ENSG00000092009
HGNC:20972	ENSG00000258527
HGNC:20973	ENSG00000072071
HGNC:20974	ENSG00000150471
HGNC:20977	ENSG00000237110
HGNC:20978	ENSG00000146383
HGNC:2098	ENSG00000168405
HGNC:20980	ENSG00000175928
HGNC:20982	ENSG00000143499
HGNC:20983	ENSG00000123119
HGNC:20984	ENSG00000196072
HGNC:20985	ENSG00000102243
HGNC:20986	ENSG00000115593
HGNC:20987	ENSG00000144504
HGNC:20989	ENSG00000163864
HGNC:20990	ENSG00000112137
HGNC:20991	ENSG00000111879
HGNC:20992	ENSG00000124787
HGNC:20993	ENSG00000111832
HGNC:20994	ENSG00000176371
HGNC:20995	ENSG00000111875
HGNC:20996	ENSG00000105011
HGNC:20997	ENSG00000141497
HGNC:20998	ENSG00000112308
HGNC:20999	ENSG00000112304
HGNC:21	ENSG00000181409
HGNC:210	ENSG00000260089
HGNC:21000	ENSG00000166343
HGNC:21006	ENSG00000231516
HGNC:21007	ENSG00000224438
HGNC:21011	ENSG00000144410
HGNC:21013	ENSG00000120594
HGNC:21014	ENSG00000169604
HGNC:21015	ENSG00000118407
HGNC:21016	ENSG00000146166
HGNC:21017	ENSG00000181355
HGNC:21018	ENSG00000185219
HGNC:21019	ENSG00000189195
HGNC:21020	ENSG00000130348
HGNC:21021	ENSG00000135540
HGNC:21022	ENSG00000124608
HGNC:21023	ENSG00000137207
HGNC:21024	ENSG00000044090
HGNC:21025	ENSG00000112167
HGNC:21026	ENSG00000203875
HGNC:21027	ENSG00000170209
HGNC:21029	ENSG00000183621
HGNC:21030	ENSG00000075884
HGNC:21031	ENSG00000146049
HGNC:21033	ENSG00000085382
HGNC:21034	ENSG00000123545
HGNC:21035	ENSG00000146376
HGNC:21036	ENSG00000083838
HGNC:21037	ENSG00000121413
HGNC:21039	ENSG00000173275
HGNC:21040	ENSG00000225921
HGNC:21041	ENSG00000112406
HGNC:21042	ENSG00000153989
HGNC:21043	ENSG00000091622
HGNC:21044	ENSG00000090975
HGNC:21045	ENSG00000154217
HGNC:21050	ENSG00000145996
HGNC:21051	ENSG00000112031
HGNC:21052	ENSG00000112078
HGNC:21053	ENSG00000173214
HGNC:21054	ENSG00000130363
HGNC:21055	ENSG00000120254
HGNC:21056	ENSG00000130023
HGNC:21057	ENSG00000172426
HGNC:21059	ENSG00000124688
HGNC:21061	ENSG00000122335
HGNC:21062	ENSG00000145982
HGNC:21063	ENSG00000079931
HGNC:21064	ENSG00000176473
HGNC:21065	ENSG00000153291
HGNC:21066	ENSG00000145979
HGNC:21067	ENSG00000186532
HGNC:21068	ENSG00000255587
HGNC:21069	ENSG00000228285
HGNC:21070	ENSG00000137522
HGNC:21071	ENSG00000009765
HGNC:21072	ENSG00000172469
HGNC:21073	ENSG00000239264
HGNC:21074	ENSG00000055211
HGNC:21075	ENSG00000164484
HGNC:21076	ENSG00000096092
HGNC:21077	ENSG00000137200
HGNC:21078	ENSG00000111906
HGNC:21079	ENSG00000254440
HGNC:21080	ENSG00000066651
HGNC:21081	ENSG00000111912
HGNC:21082	ENSG00000025796
HGNC:21083	ENSG00000169976
HGNC:21084	ENSG00000082269
HGNC:21086	ENSG00000101752
HGNC:21087	ENSG00000186265
HGNC:21088	ENSG00000145284
HGNC:21090	ENSG00000173626
HGNC:21091	ENSG00000112200
HGNC:21092	ENSG00000112195
HGNC:21094	ENSG00000164451
HGNC:21095	ENSG00000112273
HGNC:21096	ENSG00000145990
HGNC:21097	ENSG00000050393
HGNC:21098	ENSG00000024862
HGNC:21099	ENSG00000157343
HGNC:21100	ENSG00000112531
HGNC:21101	ENSG00000112514
HGNC:21102	ENSG00000198818
HGNC:21106	ENSG00000137266
HGNC:21107	ENSG00000135315
HGNC:21108	ENSG00000180822
HGNC:21109	ENSG00000112584
HGNC:21110	ENSG00000232654
HGNC:21111	ENSG00000112624
HGNC:21113	ENSG00000171462
HGNC:21114	ENSG00000198663
HGNC:21115	ENSG00000146410
HGNC:21117	ENSG00000230350
HGNC:21118	ENSG00000203734
HGNC:21122	ENSG00000278582
HGNC:21134	ENSG00000250833
HGNC:21142	ENSG00000225415
HGNC:21143	ENSG00000112365
HGNC:21144	ENSG00000111817
HGNC:21145	ENSG00000142552
HGNC:21146	ENSG00000165724
HGNC:21147	ENSG00000133874
HGNC:21148	ENSG00000164068
HGNC:21149	ENSG00000204576
HGNC:21150	ENSG00000101695
HGNC:21151	ENSG00000070423
HGNC:21152	ENSG00000175556
HGNC:21153	ENSG00000133135
HGNC:21154	ENSG00000188050
HGNC:21155	ENSG00000007944
HGNC:21156	ENSG00000156374
HGNC:21157	ENSG00000272047
HGNC:21158	ENSG00000181481
HGNC:21159	ENSG00000110315
HGNC:21161	ENSG00000167333
HGNC:21162	ENSG00000176979
HGNC:21163	ENSG00000137337
HGNC:21165	ENSG00000123728
HGNC:21166	ENSG00000167550
HGNC:21167	ENSG00000067840
HGNC:21168	ENSG00000126858
HGNC:21169	ENSG00000140983
HGNC:21172	ENSG00000189007
HGNC:21173	ENSG00000135521
HGNC:21174	ENSG00000118491
HGNC:21175	ENSG00000178199
HGNC:21176	ENSG00000155906
HGNC:21177	ENSG00000120262
HGNC:21179	ENSG00000203711
HGNC:21180	ENSG00000203727
HGNC:21181	ENSG00000177688
HGNC:21182	ENSG00000120253
HGNC:21184	ENSG00000164694
HGNC:21185	ENSG00000146453
HGNC:21186	ENSG00000137343
HGNC:21188	ENSG00000189023
HGNC:21191	ENSG00000182346
HGNC:21192	ENSG00000066185
HGNC:21193	ENSG00000187987
HGNC:21194	ENSG00000083097
HGNC:21195	ENSG00000204709
HGNC:21196	ENSG00000261548
HGNC:21197	ENSG00000103089
HGNC:21198	ENSG00000103145
HGNC:21199	ENSG00000163346
HGNC:212	ENSG00000196115
HGNC:21200	ENSG00000178187
HGNC:21202	ENSG00000164627
HGNC:21203	ENSG00000124602
HGNC:21204	ENSG00000074706
HGNC:21205	ENSG00000169783
HGNC:21206	ENSG00000220008
HGNC:21207	ENSG00000174482
HGNC:21208	ENSG00000162923
HGNC:21209	ENSG00000205143
HGNC:2121	ENSG00000174600
HGNC:21210	ENSG00000213071
HGNC:21211	ENSG00000120440
HGNC:21212	ENSG00000118492
HGNC:21213	ENSG00000112379
HGNC:21214	ENSG00000111863
HGNC:21215	ENSG00000196821
HGNC:21216	ENSG00000065060
HGNC:21218	ENSG00000112667
HGNC:21219	ENSG00000112144
HGNC:21220	ENSG00000154548
HGNC:21221	ENSG00000186231
HGNC:21222	ENSG00000132424
HGNC:21223	ENSG00000203808
HGNC:21224	ENSG00000153975
HGNC:21225	ENSG00000105879
HGNC:21226	ENSG00000156564
HGNC:21228	ENSG00000183826
HGNC:21230	ENSG00000146386
HGNC:21231	ENSG00000164488
HGNC:21232	ENSG00000135324
HGNC:21233	ENSG00000112539
HGNC:21234	ENSG00000235272
HGNC:21235	ENSG00000146521
HGNC:21236	ENSG00000198221
HGNC:21237	ENSG00000137288
HGNC:21238	ENSG00000172738
HGNC:21239	ENSG00000198937
HGNC:21240	ENSG00000153303
HGNC:21241	ENSG00000176998
HGNC:21243	ENSG00000204625
HGNC:21244	ENSG00000161904
HGNC:21245	ENSG00000164530
HGNC:21246	ENSG00000180316
HGNC:21247	ENSG00000185127
HGNC:21248	ENSG00000184465
HGNC:21249	ENSG00000229214
HGNC:21250	ENSG00000196748
HGNC:21251	ENSG00000204140
HGNC:21252	ENSG00000214810
HGNC:21253	ENSG00000197753
HGNC:21254	ENSG00000166984
HGNC:21256	ENSG00000112212
HGNC:21257	ENSG00000124596
HGNC:21258	ENSG00000237107
HGNC:21259	ENSG00000110888
HGNC:21260	ENSG00000197588
HGNC:21261	ENSG00000235165
HGNC:21263	ENSG00000072182
HGNC:21265	ENSG00000139178
HGNC:21268	ENSG00000076513
HGNC:21269	ENSG00000171487
HGNC:21270	ENSG00000105447
HGNC:21285	ENSG00000143199
HGNC:21286	ENSG00000232851
HGNC:21288	ENSG00000188112
HGNC:21289	ENSG00000024048
HGNC:21290	ENSG00000171611
HGNC:21292	ENSG00000117016
HGNC:21293	ENSG00000148357
HGNC:21294	ENSG00000180901
HGNC:21295	ENSG00000131037
HGNC:21296	ENSG00000177106
HGNC:21297	ENSG00000198758
HGNC:21298	ENSG00000081760
HGNC:21299	ENSG00000058453
HGNC:213	ENSG00000271968
HGNC:21300	ENSG00000241370
HGNC:21301	ENSG00000204564
HGNC:21302	ENSG00000213859
HGNC:21303	ENSG00000153531
HGNC:21304	ENSG00000116863
HGNC:21305	ENSG00000136636
HGNC:21306	ENSG00000125652
HGNC:21307	ENSG00000175065
HGNC:21308	ENSG00000012660
HGNC:21314	ENSG00000172428
HGNC:21315	ENSG00000178233
HGNC:21316	ENSG00000167522
HGNC:21317	ENSG00000141627
HGNC:21326	ENSG00000188779
HGNC:21328	ENSG00000204099
HGNC:21329	ENSG00000185924
HGNC:21332	ENSG00000165752
HGNC:21335	ENSG00000071189
HGNC:21336	ENSG00000118518
HGNC:21338	ENSG00000167157
HGNC:21339	ENSG00000180113
HGNC:21342	ENSG00000231782
HGNC:21343	ENSG00000181322
HGNC:21345	ENSG00000244694
HGNC:21347	ENSG00000031691
HGNC:21348	ENSG00000151725
HGNC:21349	ENSG00000203972
HGNC:2135	ENSG00000133812
HGNC:21350	ENSG00000110435
HGNC:21351	ENSG00000197261
HGNC:21352	ENSG00000060303
HGNC:21353	ENSG00000124743
HGNC:21354	ENSG00000243414
HGNC:21355	ENSG00000146147
HGNC:21356	ENSG00000167549
HGNC:21357	ENSG00000168143
HGNC:21359	ENSG00000146151
HGNC:21360	ENSG00000168116
HGNC:21361	ENSG00000168994
HGNC:21362	ENSG00000145975
HGNC:21364	ENSG00000229068
HGNC:21365	ENSG00000214113
HGNC:21366	ENSG00000135314
HGNC:21367	ENSG00000164430
HGNC:21368	ENSG00000168566
HGNC:21370	ENSG00000146223
HGNC:21371	ENSG00000181524
HGNC:21373	ENSG00000196182
HGNC:21374	ENSG00000124541
HGNC:21375	ENSG00000204052
HGNC:21376	ENSG00000198225
HGNC:21377	ENSG00000233859
HGNC:21378	ENSG00000119900
HGNC:21379	ENSG00000238076
HGNC:21380	ENSG00000233237
HGNC:21381	ENSG00000118420
HGNC:21382	ENSG00000203907
HGNC:21383	ENSG00000235174
HGNC:21384	ENSG00000137210
HGNC:21385	ENSG00000013392
HGNC:21386	ENSG00000168843
HGNC:21387	ENSG00000146250
HGNC:21389	ENSG00000053108
HGNC:21390	ENSG00000203877
HGNC:21391	ENSG00000158714
HGNC:21392	ENSG00000162739
HGNC:21393	ENSG00000122481
HGNC:21394	ENSG00000026751
HGNC:21395	ENSG00000213880
HGNC:21396	ENSG00000011198
HGNC:21397	ENSG00000146285
HGNC:21398	ENSG00000163686
HGNC:21399	ENSG00000139445
HGNC:214	ENSG00000069206
HGNC:21400	ENSG00000198738
HGNC:21401	ENSG00000111850
HGNC:21403	ENSG00000203872
HGNC:21405	ENSG00000272514
HGNC:21406	ENSG00000146282
HGNC:21407	ENSG00000135334
HGNC:21408	ENSG00000146281
HGNC:21410	ENSG00000226081
HGNC:21411	ENSG00000042286
HGNC:21416	ENSG00000130768
HGNC:21420	ENSG00000156345
HGNC:21421	ENSG00000148225
HGNC:21423	ENSG00000167977
HGNC:21424	ENSG00000096872
HGNC:21427	ENSG00000137103
HGNC:21428	ENSG00000225014
HGNC:21438	ENSG00000261315
HGNC:21444	ENSG00000243566
HGNC:21445	ENSG00000148925
HGNC:21446	ENSG00000140511
HGNC:21449	ENSG00000123243
HGNC:21455	ENSG00000264061
HGNC:21460	ENSG00000151338
HGNC:21461	ENSG00000056586
HGNC:21463	ENSG00000127989
HGNC:21464	ENSG00000182261
HGNC:21466	ENSG00000266501
HGNC:21474	ENSG00000148384
HGNC:21475	ENSG00000146263
HGNC:21476	ENSG00000232699
HGNC:21478	ENSG00000185002
HGNC:21479	ENSG00000164465
HGNC:2148	ENSG00000198515
HGNC:21480	ENSG00000158716
HGNC:21481	ENSG00000171989
HGNC:21482	ENSG00000230202
HGNC:21483	ENSG00000196376
HGNC:21484	ENSG00000111877
HGNC:21485	ENSG00000146350
HGNC:21487	ENSG00000146373
HGNC:21488	ENSG00000203760
HGNC:21489	ENSG00000093144
HGNC:2149	ENSG00000183862
HGNC:21490	ENSG00000163331
HGNC:21492	ENSG00000196715
HGNC:21493	ENSG00000256061
HGNC:21494	ENSG00000214338
HGNC:21495	ENSG00000136883
HGNC:21496	ENSG00000164144
HGNC:21497	ENSG00000177646
HGNC:21498	ENSG00000085978
HGNC:215	ENSG00000151651
HGNC:2150	ENSG00000144191
HGNC:21504	ENSG00000169807
HGNC:2151	ENSG00000070729
HGNC:21517	ENSG00000105865
HGNC:2152	ENSG00000132259
HGNC:21524	ENSG00000100612
HGNC:21526	ENSG00000163281
HGNC:21528	ENSG00000184047
HGNC:21529	ENSG00000077147
HGNC:2153	ENSG00000170289
HGNC:21531	ENSG00000131386
HGNC:21532	ENSG00000120451
HGNC:21533	ENSG00000064652
HGNC:21535	ENSG00000107937
HGNC:21536	ENSG00000165606
HGNC:21537	ENSG00000153157
HGNC:21538	ENSG00000212802
HGNC:21539	ENSG00000112183
HGNC:2154	ENSG00000173846
HGNC:21540	ENSG00000228834
HGNC:21549	ENSG00000183807
HGNC:2155	ENSG00000130176
HGNC:21553	ENSG00000203809
HGNC:21555	ENSG00000188107
HGNC:21556	ENSG00000178425
HGNC:21557	ENSG00000185250
HGNC:21558	ENSG00000111834
HGNC:21559	ENSG00000187189
HGNC:2156	ENSG00000064666
HGNC:21560	ENSG00000203801
HGNC:21561	ENSG00000183137
HGNC:21565	ENSG00000203799
HGNC:21566	ENSG00000053328
HGNC:21568	ENSG00000178033
HGNC:21569	ENSG00000172673
HGNC:2157	ENSG00000117519
HGNC:21571	ENSG00000203756
HGNC:21573	ENSG00000146409
HGNC:21574	ENSG00000164483
HGNC:21575	ENSG00000135541
HGNC:21576	ENSG00000187566
HGNC:21577	ENSG00000165097
HGNC:21578	ENSG00000137393
HGNC:21579	ENSG00000172197
HGNC:2158	ENSG00000173786
HGNC:21580	ENSG00000137261
HGNC:21581	ENSG00000079691
HGNC:21582	ENSG00000237154
HGNC:21584	ENSG00000189134
HGNC:21586	ENSG00000114999
HGNC:21587	ENSG00000183662
HGNC:21589	ENSG00000198673
HGNC:2159	ENSG00000118432
HGNC:21590	ENSG00000184599
HGNC:21591	ENSG00000163377
HGNC:21592	ENSG00000219438
HGNC:21593	ENSG00000236512
HGNC:21595	ENSG00000080546
HGNC:21596	ENSG00000233381
HGNC:21597	ENSG00000111271
HGNC:21598	ENSG00000231690
HGNC:216	ENSG00000168615
HGNC:2160	ENSG00000188822
HGNC:21600	ENSG00000164385
HGNC:21601	ENSG00000124786
HGNC:21602	ENSG00000065491
HGNC:21603	ENSG00000180769
HGNC:21604	ENSG00000063245
HGNC:21605	ENSG00000130254
HGNC:21606	ENSG00000060762
HGNC:21607	ENSG00000146416
HGNC:21608	ENSG00000146963
HGNC:21610	ENSG00000144320
HGNC:21614	ENSG00000144579
HGNC:21616	ENSG00000136205
HGNC:21617	ENSG00000164440
HGNC:21620	ENSG00000185689
HGNC:21622	ENSG00000164304
HGNC:21623	ENSG00000205318
HGNC:21624	ENSG00000137171
HGNC:21625	ENSG00000131620
HGNC:21627	ENSG00000237624
HGNC:21628	ENSG00000197714
HGNC:21629	ENSG00000197808
HGNC:2163	ENSG00000249504
HGNC:21630	ENSG00000256849
HGNC:21631	ENSG00000236603
HGNC:21632	ENSG00000224936
HGNC:21633	ENSG00000236405
HGNC:21634	ENSG00000230449
HGNC:21636	ENSG00000189367
HGNC:21637	ENSG00000119042
HGNC:21638	ENSG00000111860
HGNC:21640	ENSG00000011105
HGNC:21641	ENSG00000106025
HGNC:21642	ENSG00000137411
HGNC:21643	ENSG00000106537
HGNC:21644	ENSG00000226711
HGNC:21645	ENSG00000106153
HGNC:21646	ENSG00000225648
HGNC:21647	ENSG00000078967
HGNC:21648	ENSG00000196683
HGNC:21649	ENSG00000006453
HGNC:21650	ENSG00000183682
HGNC:21652	ENSG00000081087
HGNC:21653	ENSG00000197579
HGNC:21654	ENSG00000203781
HGNC:21655	ENSG00000197364
HGNC:21657	ENSG00000184330
HGNC:21658	ENSG00000161040
HGNC:21659	ENSG00000206337
HGNC:21661	ENSG00000204544
HGNC:21663	ENSG00000225499
HGNC:21664	ENSG00000230994
HGNC:21665	ENSG00000231402
HGNC:21666	ENSG00000168631
HGNC:21667	ENSG00000160991
HGNC:21668	ENSG00000250535
HGNC:21669	ENSG00000235821
HGNC:21674	ENSG00000150667
HGNC:21675	ENSG00000188738
HGNC:21679	ENSG00000169218
HGNC:21680	ENSG00000170145
HGNC:21683	ENSG00000161048
HGNC:21684	ENSG00000148143
HGNC:21685	ENSG00000156535
HGNC:21686	ENSG00000026297
HGNC:21687	ENSG00000233366
HGNC:21688	ENSG00000106400
HGNC:21689	ENSG00000214253
HGNC:2169	ENSG00000242689
HGNC:21690	ENSG00000239857
HGNC:21691	ENSG00000122674
HGNC:21694	ENSG00000106536
HGNC:21695	ENSG00000006747
HGNC:21696	ENSG00000166925
HGNC:21697	ENSG00000189077
HGNC:21698	ENSG00000011275
HGNC:21699	ENSG00000188452
HGNC:217	ENSG00000154734
HGNC:2170	ENSG00000122756
HGNC:21700	ENSG00000151164
HGNC:21701	ENSG00000106009
HGNC:21702	ENSG00000146576
HGNC:21703	ENSG00000136197
HGNC:21704	ENSG00000127399
HGNC:21705	ENSG00000006625
HGNC:21706	ENSG00000170632
HGNC:21707	ENSG00000135185
HGNC:21708	ENSG00000136280
HGNC:21709	ENSG00000164897
HGNC:2171	ENSG00000018236
HGNC:21710	ENSG00000109436
HGNC:21711	ENSG00000170396
HGNC:21714	ENSG00000147896
HGNC:21715	ENSG00000166473
HGNC:21716	ENSG00000277481
HGNC:21717	ENSG00000146574
HGNC:21718	ENSG00000164849
HGNC:21719	ENSG00000106631
HGNC:2172	ENSG00000184144
HGNC:21720	ENSG00000188707
HGNC:21721	ENSG00000156928
HGNC:21722	ENSG00000153790
HGNC:21723	ENSG00000171130
HGNC:21724	ENSG00000170279
HGNC:21725	ENSG00000106648
HGNC:21726	ENSG00000110237
HGNC:21727	ENSG00000175711
HGNC:21728	ENSG00000170604
HGNC:21729	ENSG00000168264
HGNC:2173	ENSG00000113805
HGNC:21731	ENSG00000226784
HGNC:21732	ENSG00000163297
HGNC:21734	ENSG00000121454
HGNC:21735	ENSG00000106852
HGNC:21736	ENSG00000178082
HGNC:21737	ENSG00000225008
HGNC:21738	ENSG00000173137
HGNC:21739	ENSG00000253676
HGNC:2174	ENSG00000144619
HGNC:21740	ENSG00000180263
HGNC:21742	ENSG00000219642
HGNC:21743	ENSG00000232460
HGNC:21744	ENSG00000214575
HGNC:21745	ENSG00000137449
HGNC:21746	ENSG00000107864
HGNC:21747	ENSG00000113742
HGNC:21748	ENSG00000171243
HGNC:21749	ENSG00000168090
HGNC:2175	ENSG00000149972
HGNC:21750	ENSG00000165131
HGNC:21751	ENSG00000170852
HGNC:21752	ENSG00000196636
HGNC:21753	ENSG00000267116
HGNC:21754	ENSG00000135211
HGNC:21755	ENSG00000180767
HGNC:2176	ENSG00000134115
HGNC:21764	ENSG00000170629
HGNC:21767	ENSG00000236609
HGNC:21769	ENSG00000161036
HGNC:21773	ENSG00000204022
HGNC:21785	ENSG00000127993
HGNC:21789	ENSG00000106560
HGNC:21792	ENSG00000171115
HGNC:218	ENSG00000087116
HGNC:2180	ENSG00000100473
HGNC:21806	ENSG00000197362
HGNC:21813	ENSG00000214439
HGNC:2183	ENSG00000132549
HGNC:21839	ENSG00000185467
HGNC:2184	ENSG00000121058
HGNC:2185	ENSG00000123500
HGNC:2186	ENSG00000060718
HGNC:21862	ENSG00000126870
HGNC:21863	ENSG00000106344
HGNC:21865	ENSG00000225684
HGNC:21868	ENSG00000106603
HGNC:21869	ENSG00000006530
HGNC:2187	ENSG00000204248
HGNC:21870	ENSG00000146859
HGNC:21872	ENSG00000133574
HGNC:21874	ENSG00000155034
HGNC:21876	ENSG00000135249
HGNC:2188	ENSG00000111799
HGNC:21882	ENSG00000105948
HGNC:21883	ENSG00000109762
HGNC:21884	ENSG00000133624
HGNC:21887	ENSG00000233854
HGNC:21894	ENSG00000128563
HGNC:21895	ENSG00000128581
HGNC:21897	ENSG00000146530
HGNC:21898	ENSG00000146842
HGNC:21899	ENSG00000181652
HGNC:219	ENSG00000156140
HGNC:2190	ENSG00000197467
HGNC:21900	ENSG00000160993
HGNC:21901	ENSG00000203721
HGNC:21904	ENSG00000146918
HGNC:21905	ENSG00000164654
HGNC:21906	ENSG00000106554
HGNC:2191	ENSG00000187955
HGNC:21911	ENSG00000136275
HGNC:21915	ENSG00000122557
HGNC:21916	ENSG00000106125
HGNC:21918	ENSG00000133561
HGNC:21919	ENSG00000059378
HGNC:2192	ENSG00000204291
HGNC:21923	ENSG00000127954
HGNC:21925	ENSG00000164669
HGNC:2193	ENSG00000084636
HGNC:21931	ENSG00000157741
HGNC:2194	ENSG00000065618
HGNC:21943	ENSG00000188051
HGNC:21945	ENSG00000164659
HGNC:21948	ENSG00000181220
HGNC:2195	ENSG00000182871
HGNC:21957	ENSG00000243335
HGNC:21958	ENSG00000182348
HGNC:2196	ENSG00000082293
HGNC:21961	ENSG00000197037
HGNC:21964	ENSG00000155530
HGNC:21965	ENSG00000107185
HGNC:21969	ENSG00000236279
HGNC:2197	ENSG00000108821
HGNC:2198	ENSG00000164692
HGNC:21995	ENSG00000164675
HGNC:21998	ENSG00000197558
HGNC:220	ENSG00000158859
HGNC:2200	ENSG00000139219
HGNC:22004	ENSG00000122574
HGNC:22009	ENSG00000166924
HGNC:2201	ENSG00000168542
HGNC:2202	ENSG00000187498
HGNC:22029	ENSG00000235944
HGNC:2203	ENSG00000134871
HGNC:22030	ENSG00000167011
HGNC:22036	ENSG00000181016
HGNC:2204	ENSG00000169031
HGNC:22042	ENSG00000175414
HGNC:22043	ENSG00000178665
HGNC:22048	ENSG00000187556
HGNC:2205	ENSG00000113163
HGNC:22058	ENSG00000178826
HGNC:2206	ENSG00000081052
HGNC:2207	ENSG00000188153
HGNC:2208	ENSG00000197565
HGNC:22082	ENSG00000160131
HGNC:2209	ENSG00000130635
HGNC:221	ENSG00000154736
HGNC:2210	ENSG00000204262
HGNC:2211	ENSG00000142156
HGNC:2212	ENSG00000142173
HGNC:22125	ENSG00000116726
HGNC:22128	ENSG00000197085
HGNC:2213	ENSG00000163359
HGNC:22135	ENSG00000185955
HGNC:2214	ENSG00000114270
HGNC:22140	ENSG00000177706
HGNC:22144	ENSG00000272573
HGNC:22146	ENSG00000117834
HGNC:2215	ENSG00000144810
HGNC:2216	ENSG00000171812
HGNC:2217	ENSG00000112280
HGNC:22170	ENSG00000262117
HGNC:22176	ENSG00000235436
HGNC:2218	ENSG00000049089
HGNC:22180	ENSG00000214309
HGNC:2219	ENSG00000092758
HGNC:22191	ENSG00000122548
HGNC:22192	ENSG00000136193
HGNC:22194	ENSG00000128607
HGNC:22195	ENSG00000002746
HGNC:22196	ENSG00000136274
HGNC:22197	ENSG00000242802
HGNC:22198	ENSG00000106246
HGNC:22199	ENSG00000106078
HGNC:222	ENSG00000049192
HGNC:2220	ENSG00000184374
HGNC:22200	ENSG00000255690
HGNC:22201	ENSG00000198420
HGNC:22202	ENSG00000159784
HGNC:22203	ENSG00000106443
HGNC:22204	ENSG00000158467
HGNC:22205	ENSG00000173852
HGNC:22206	ENSG00000164542
HGNC:22207	ENSG00000005108
HGNC:22208	ENSG00000015676
HGNC:22209	ENSG00000128578
HGNC:2221	ENSG00000219430
HGNC:22210	ENSG00000146776
HGNC:22211	ENSG00000117868
HGNC:22212	ENSG00000146966
HGNC:22213	ENSG00000196453
HGNC:22214	ENSG00000205356
HGNC:22215	ENSG00000001629
HGNC:22219	ENSG00000122778
HGNC:22220	ENSG00000197016
HGNC:22222	ENSG00000136295
HGNC:22223	ENSG00000122547
HGNC:22224	ENSG00000006459
HGNC:22225	ENSG00000128596
HGNC:22226	ENSG00000157927
HGNC:22227	ENSG00000228828
HGNC:22228	ENSG00000133619
HGNC:22229	ENSG00000122515
HGNC:22230	ENSG00000230487
HGNC:22231	ENSG00000174945
HGNC:22234	ENSG00000174943
HGNC:22235	ENSG00000168301
HGNC:22247	ENSG00000164746
HGNC:2226	ENSG00000206561
HGNC:22263	ENSG00000268447
HGNC:22265	ENSG00000180535
HGNC:2227	ENSG00000105664
HGNC:22278	ENSG00000267497
HGNC:2228	ENSG00000093010
HGNC:22282	ENSG00000204065
HGNC:223	ENSG00000136378
HGNC:2230	ENSG00000122218
HGNC:22301	ENSG00000158604
HGNC:22305	ENSG00000189212
HGNC:2231	ENSG00000129083
HGNC:22310	ENSG00000176532
HGNC:22316	ENSG00000180233
HGNC:2232	ENSG00000184432
HGNC:22332	ENSG00000235314
HGNC:2234	ENSG00000105669
HGNC:22340	ENSG00000224324
HGNC:2235	ENSG00000067082
HGNC:22351	ENSG00000273024
HGNC:2236	ENSG00000181789
HGNC:22364	ENSG00000222004
HGNC:22367	ENSG00000227855
HGNC:2237	ENSG00000158623
HGNC:2238	ENSG00000286214
HGNC:22385	ENSG00000233705
HGNC:2239	ENSG00000141030
HGNC:22393	ENSG00000162670
HGNC:22394	ENSG00000183783
HGNC:22395	ENSG00000229358
HGNC:22398	ENSG00000169193
HGNC:224	ENSG00000134917
HGNC:2240	ENSG00000121022
HGNC:22401	ENSG00000104756
HGNC:22402	ENSG00000164645
HGNC:22404	ENSG00000179144
HGNC:22407	ENSG00000106460
HGNC:22408	ENSG00000198925
HGNC:22411	ENSG00000235631
HGNC:22412	ENSG00000222011
HGNC:22420	ENSG00000157778
HGNC:22421	ENSG00000146540
HGNC:22422	ENSG00000178397
HGNC:22423	ENSG00000146858
HGNC:22427	ENSG00000218305
HGNC:22429	ENSG00000164744
HGNC:2243	ENSG00000111481
HGNC:22431	ENSG00000173452
HGNC:22432	ENSG00000122783
HGNC:2244	ENSG00000167186
HGNC:22442	ENSG00000215018
HGNC:22448	ENSG00000106410
HGNC:22467	ENSG00000157999
HGNC:22474	ENSG00000108510
HGNC:22478	ENSG00000213205
HGNC:225	ENSG00000160710
HGNC:22500	ENSG00000219807
HGNC:22512	ENSG00000227491
HGNC:22516	ENSG00000274183
HGNC:2252	ENSG00000102879
HGNC:2253	ENSG00000172725
HGNC:2254	ENSG00000110880
HGNC:2255	ENSG00000106789
HGNC:2256	ENSG00000103647
HGNC:22564	ENSG00000164500
HGNC:22567	ENSG00000187984
HGNC:2257	ENSG00000241563
HGNC:22571	ENSG00000241149
HGNC:22573	ENSG00000241735
HGNC:22583	ENSG00000226279
HGNC:2259	ENSG00000165675
HGNC:22598	ENSG00000213640
HGNC:226	ENSG00000197381
HGNC:2260	ENSG00000006695
HGNC:2261	ENSG00000166260
HGNC:2262	ENSG00000231162
HGNC:2263	ENSG00000014919
HGNC:22635	ENSG00000231167
HGNC:2264	ENSG00000138495
HGNC:22644	ENSG00000178602
HGNC:2265	ENSG00000131143
HGNC:22652	ENSG00000185164
HGNC:2266	ENSG00000258956
HGNC:2267	ENSG00000178741
HGNC:22672	ENSG00000226342
HGNC:2268	ENSG00000271180
HGNC:2269	ENSG00000135940
HGNC:227	ENSG00000185736
HGNC:2270	ENSG00000248448
HGNC:2271	ENSG00000213111
HGNC:2272	ENSG00000235967
HGNC:2273	ENSG00000255010
HGNC:2275	ENSG00000237082
HGNC:2276	ENSG00000226024
HGNC:2277	ENSG00000111775
HGNC:22770	ENSG00000238072
HGNC:2278	ENSG00000234108
HGNC:22785	ENSG00000214652
HGNC:22788	ENSG00000128610
HGNC:2279	ENSG00000156885
HGNC:22797	ENSG00000213786
HGNC:228	ENSG00000065457
HGNC:2280	ENSG00000126267
HGNC:22800	ENSG00000214415
HGNC:22804	ENSG00000258016
HGNC:2281	ENSG00000234565
HGNC:2282	ENSG00000241788
HGNC:2283	ENSG00000172912
HGNC:22831	ENSG00000278685
HGNC:2284	ENSG00000253813
HGNC:2285	ENSG00000164919
HGNC:22851	ENSG00000231952
HGNC:2286	ENSG00000260318
HGNC:2287	ENSG00000161281
HGNC:2288	ENSG00000112695
HGNC:22880	ENSG00000187243
HGNC:2289	ENSG00000115944
HGNC:2290	ENSG00000236764
HGNC:2291	ENSG00000131174
HGNC:22916	ENSG00000141664
HGNC:22917	ENSG00000168228
HGNC:22918	ENSG00000185670
HGNC:22919	ENSG00000227262
HGNC:2292	ENSG00000127184
HGNC:22921	ENSG00000120329
HGNC:22923	ENSG00000144591
HGNC:22927	ENSG00000229142
HGNC:2293	ENSG00000235957
HGNC:22931	ENSG00000003096
HGNC:22932	ENSG00000173540
HGNC:22933	ENSG00000177640
HGNC:22934	ENSG00000182359
HGNC:22935	ENSG00000125755
HGNC:22937	ENSG00000173572
HGNC:22938	ENSG00000142405
HGNC:22939	ENSG00000158077
HGNC:2294	ENSG00000176340
HGNC:22940	ENSG00000179709
HGNC:22941	ENSG00000185792
HGNC:22942	ENSG00000120332
HGNC:22943	ENSG00000160505
HGNC:22944	ENSG00000174885
HGNC:22945	ENSG00000179873
HGNC:22946	ENSG00000158089
HGNC:22947	ENSG00000167634
HGNC:22948	ENSG00000022556
HGNC:22949	ENSG00000024526
HGNC:2295	ENSG00000047457
HGNC:22950	ENSG00000046889
HGNC:22951	ENSG00000163328
HGNC:22952	ENSG00000166153
HGNC:22953	ENSG00000155792
HGNC:22954	ENSG00000163389
HGNC:22955	ENSG00000216624
HGNC:22956	ENSG00000226540
HGNC:22957	ENSG00000249481
HGNC:22958	ENSG00000196923
HGNC:2296	ENSG00000091704
HGNC:22960	ENSG00000198189
HGNC:22962	ENSG00000123066
HGNC:22963	ENSG00000008838
HGNC:22964	ENSG00000054118
HGNC:22965	ENSG00000215193
HGNC:22966	ENSG00000215455
HGNC:22967	ENSG00000205445
HGNC:22968	ENSG00000212935
HGNC:22969	ENSG00000241123
HGNC:2297	ENSG00000158516
HGNC:22970	ENSG00000272804
HGNC:22971	ENSG00000221837
HGNC:22972	ENSG00000221859
HGNC:22973	ENSG00000139697
HGNC:22974	ENSG00000179674
HGNC:22976	ENSG00000232676
HGNC:22977	ENSG00000134193
HGNC:22978	ENSG00000066135
HGNC:22979	ENSG00000126903
HGNC:2298	ENSG00000163751
HGNC:22980	ENSG00000145248
HGNC:22981	ENSG00000253598
HGNC:22982	ENSG00000102221
HGNC:22983	ENSG00000116273
HGNC:22984	ENSG00000043143
HGNC:22985	ENSG00000154611
HGNC:22986	ENSG00000196739
HGNC:22988	ENSG00000145757
HGNC:22989	ENSG00000169436
HGNC:2299	ENSG00000153002
HGNC:22990	ENSG00000050767
HGNC:22991	ENSG00000223694
HGNC:22992	ENSG00000166192
HGNC:22995	ENSG00000188869
HGNC:22997	ENSG00000179300
HGNC:22998	ENSG00000167608
HGNC:22999	ENSG00000103534
HGNC:23	ENSG00000183044
HGNC:2300	ENSG00000080618
HGNC:23000	ENSG00000170537
HGNC:2301	ENSG00000108582
HGNC:23014	ENSG00000162144
HGNC:23015	ENSG00000108950
HGNC:23017	ENSG00000116199
HGNC:23018	ENSG00000175877
HGNC:23019	ENSG00000169249
HGNC:23020	ENSG00000161265
HGNC:23022	ENSG00000275004
HGNC:23023	ENSG00000020577
HGNC:23024	ENSG00000173163
HGNC:23025	ENSG00000266265
HGNC:23026	ENSG00000090581
HGNC:23027	ENSG00000199422
HGNC:23028	ENSG00000167261
HGNC:23029	ENSG00000141096
HGNC:2303	ENSG00000109472
HGNC:23030	ENSG00000166446
HGNC:23031	ENSG00000231587
HGNC:23032	ENSG00000164758
HGNC:23034	ENSG00000153721
HGNC:23035	ENSG00000198945
HGNC:23037	ENSG00000221887
HGNC:23038	ENSG00000168216
HGNC:23039	ENSG00000014123
HGNC:23040	ENSG00000178409
HGNC:23041	ENSG00000164494
HGNC:23044	ENSG00000188613
HGNC:23045	ENSG00000118690
HGNC:23046	ENSG00000146352
HGNC:23049	ENSG00000064115
HGNC:23051	ENSG00000128254
HGNC:23052	ENSG00000165997
HGNC:23053	ENSG00000186907
HGNC:23056	ENSG00000214160
HGNC:23057	ENSG00000254999
HGNC:23059	ENSG00000132692
HGNC:23060	ENSG00000149212
HGNC:23061	ENSG00000007001
HGNC:23062	ENSG00000260903
HGNC:23063	ENSG00000136159
HGNC:23064	ENSG00000065621
HGNC:23065	ENSG00000232829
HGNC:23066	ENSG00000182400
HGNC:23067	ENSG00000181029
HGNC:23068	ENSG00000196459
HGNC:23069	ENSG00000007255
HGNC:23074	ENSG00000063322
HGNC:23075	ENSG00000128694
HGNC:23077	ENSG00000167770
HGNC:23078	ENSG00000053702
HGNC:23079	ENSG00000214269
HGNC:23080	ENSG00000187950
HGNC:23081	ENSG00000144468
HGNC:23082	ENSG00000005486
HGNC:23085	ENSG00000004777
HGNC:23086	ENSG00000247746
HGNC:23087	ENSG00000167703
HGNC:23088	ENSG00000120519
HGNC:23089	ENSG00000141485
HGNC:2309	ENSG00000168993
HGNC:23090	ENSG00000139370
HGNC:23091	ENSG00000158865
HGNC:23092	ENSG00000164893
HGNC:23093	ENSG00000174326
HGNC:23094	ENSG00000152779
HGNC:23095	ENSG00000092096
HGNC:23096	ENSG00000198246
HGNC:23097	ENSG00000164638
HGNC:23098	ENSG00000111790
HGNC:23099	ENSG00000176654
HGNC:2310	ENSG00000145920
HGNC:23100	ENSG00000228670
HGNC:23101	ENSG00000271373
HGNC:23102	ENSG00000237065
HGNC:23103	ENSG00000231697
HGNC:23104	ENSG00000227351
HGNC:23105	ENSG00000258774
HGNC:23106	ENSG00000255192
HGNC:23107	ENSG00000231809
HGNC:23108	ENSG00000231750
HGNC:23109	ENSG00000196159
HGNC:2311	ENSG00000135678
HGNC:23111	ENSG00000197410
HGNC:23112	ENSG00000165323
HGNC:23113	ENSG00000128886
HGNC:23114	ENSG00000105656
HGNC:23115	ENSG00000145088
HGNC:23116	ENSG00000163904
HGNC:23117	ENSG00000137634
HGNC:2312	ENSG00000120054
HGNC:23122	ENSG00000232387
HGNC:23126	ENSG00000238265
HGNC:23128	ENSG00000256073
HGNC:2313	ENSG00000178772
HGNC:23130	ENSG00000237232
HGNC:23131	ENSG00000235374
HGNC:23132	ENSG00000183535
HGNC:23133	ENSG00000109065
HGNC:23134	ENSG00000274012
HGNC:23135	ENSG00000278771
HGNC:23136	ENSG00000163156
HGNC:23137	ENSG00000163162
HGNC:23138	ENSG00000170153
HGNC:23139	ENSG00000177182
HGNC:2314	ENSG00000214078
HGNC:23140	ENSG00000130812
HGNC:23141	ENSG00000126814
HGNC:23142	ENSG00000139973
HGNC:23143	ENSG00000143469
HGNC:23144	ENSG00000235847
HGNC:23145	ENSG00000182759
HGNC:23146	ENSG00000182749
HGNC:23147	ENSG00000092929
HGNC:23148	ENSG00000182378
HGNC:23149	ENSG00000137766
HGNC:2315	ENSG00000140848
HGNC:23150	ENSG00000130477
HGNC:23151	ENSG00000149781
HGNC:23154	ENSG00000181444
HGNC:23155	ENSG00000154025
HGNC:23156	ENSG00000063244
HGNC:23157	ENSG00000088035
HGNC:23158	ENSG00000189266
HGNC:23159	ENSG00000119523
HGNC:2316	ENSG00000085719
HGNC:23160	ENSG00000141504
HGNC:23161	ENSG00000159063
HGNC:23162	ENSG00000139133
HGNC:23163	ENSG00000175279
HGNC:23164	ENSG00000224071
HGNC:23166	ENSG00000138035
HGNC:23167	ENSG00000259334
HGNC:23168	ENSG00000187790
HGNC:23169	ENSG00000087302
HGNC:2317	ENSG00000196353
HGNC:23170	ENSG00000198554
HGNC:23172	ENSG00000120279
HGNC:23173	ENSG00000184148
HGNC:23174	ENSG00000174348
HGNC:23175	ENSG00000215256
HGNC:23176	ENSG00000100593
HGNC:23177	ENSG00000079999
HGNC:23178	ENSG00000255664
HGNC:23179	ENSG00000160336
HGNC:2318	ENSG00000124772
HGNC:23181	ENSG00000105808
HGNC:23182	ENSG00000264685
HGNC:23183	ENSG00000217159
HGNC:23186	ENSG00000113282
HGNC:23187	ENSG00000176946
HGNC:23188	ENSG00000177683
HGNC:23189	ENSG00000174796
HGNC:2319	ENSG00000100884
HGNC:23190	ENSG00000184436
HGNC:23191	ENSG00000161277
HGNC:23192	ENSG00000168152
HGNC:23193	ENSG00000129028
HGNC:23194	ENSG00000168286
HGNC:23195	ENSG00000232927
HGNC:23196	ENSG00000138190
HGNC:23197	ENSG00000075826
HGNC:23198	ENSG00000145476
HGNC:23199	ENSG00000165383
HGNC:232	ENSG00000164742
HGNC:2320	ENSG00000178773
HGNC:23200	ENSG00000105856
HGNC:23203	ENSG00000229419
HGNC:23204	ENSG00000149571
HGNC:23206	ENSG00000187398
HGNC:23207	ENSG00000080345
HGNC:23208	ENSG00000228049
HGNC:2321	ENSG00000080819
HGNC:23210	ENSG00000228986
HGNC:23212	ENSG00000105357
HGNC:23213	ENSG00000277161
HGNC:23214	ENSG00000182473
HGNC:23215	ENSG00000165282
HGNC:23216	ENSG00000225614
HGNC:23217	ENSG00000169605
HGNC:23218	ENSG00000135968
HGNC:23219	ENSG00000177694
HGNC:2322	ENSG00000253525
HGNC:23220	ENSG00000188782
HGNC:23221	ENSG00000186451
HGNC:23222	ENSG00000182957
HGNC:23224	ENSG00000236797
HGNC:23225	ENSG00000144451
HGNC:23226	ENSG00000196263
HGNC:23227	ENSG00000180332
HGNC:23228	ENSG00000160111
HGNC:2323	ENSG00000021826
HGNC:23230	ENSG00000081307
HGNC:23231	ENSG00000168528
HGNC:23233	ENSG00000100626
HGNC:23235	ENSG00000179580
HGNC:23236	ENSG00000110906
HGNC:23237	ENSG00000213203
HGNC:23238	ENSG00000087076
HGNC:23239	ENSG00000142528
HGNC:2324	ENSG00000071894
HGNC:23241	ENSG00000196670
HGNC:23242	ENSG00000144278
HGNC:23243	ENSG00000267909
HGNC:23244	ENSG00000119707
HGNC:23245	ENSG00000164185
HGNC:23246	ENSG00000138347
HGNC:23247	ENSG00000119661
HGNC:23248	ENSG00000166391
HGNC:23249	ENSG00000106384
HGNC:2325	ENSG00000165934
HGNC:23250	ENSG00000184210
HGNC:23251	ENSG00000147160
HGNC:23252	ENSG00000204195
HGNC:23258	ENSG00000185177
HGNC:23259	ENSG00000215507
HGNC:2326	ENSG00000119203
HGNC:23260	ENSG00000215540
HGNC:23261	ENSG00000186714
HGNC:23266	ENSG00000270431
HGNC:23267	ENSG00000244730
HGNC:23269	ENSG00000238259
HGNC:2327	ENSG00000160917
HGNC:23270	ENSG00000223484
HGNC:23271	ENSG00000186479
HGNC:23272	ENSG00000204524
HGNC:23274	ENSG00000226054
HGNC:23277	ENSG00000254449
HGNC:23279	ENSG00000232125
HGNC:2328	ENSG00000110090
HGNC:23282	ENSG00000176945
HGNC:23284	ENSG00000215210
HGNC:23285	ENSG00000268869
HGNC:23286	ENSG00000231436
HGNC:23287	ENSG00000105755
HGNC:2329	ENSG00000205560
HGNC:23290	ENSG00000253506
HGNC:23292	ENSG00000188425
HGNC:23293	ENSG00000062650
HGNC:23294	ENSG00000203942
HGNC:23295	ENSG00000151364
HGNC:23296	ENSG00000177291
HGNC:23297	ENSG00000153885
HGNC:23298	ENSG00000099282
HGNC:23299	ENSG00000205696
HGNC:233	ENSG00000078295
HGNC:2330	ENSG00000157184
HGNC:23300	ENSG00000230734
HGNC:23301	ENSG00000108187
HGNC:23302	ENSG00000156510
HGNC:23303	ENSG00000108219
HGNC:23304	ENSG00000165828
HGNC:23305	ENSG00000198464
HGNC:23312	ENSG00000188800
HGNC:23313	ENSG00000219392
HGNC:23315	ENSG00000204612
HGNC:23316	ENSG00000025423
HGNC:23317	ENSG00000148488
HGNC:23318	ENSG00000215105
HGNC:23319	ENSG00000162631
HGNC:2332	ENSG00000147183
HGNC:23322	ENSG00000216901
HGNC:23323	ENSG00000122696
HGNC:23324	ENSG00000141437
HGNC:23325	ENSG00000220483
HGNC:23326	ENSG00000168297
HGNC:23327	ENSG00000263716
HGNC:23328	ENSG00000184517
HGNC:23329	ENSG00000184939
HGNC:2333	ENSG00000109625
HGNC:23330	ENSG00000158805
HGNC:23332	ENSG00000148444
HGNC:23333	ENSG00000099256
HGNC:23334	ENSG00000264230
HGNC:23336	ENSG00000166535
HGNC:23337	ENSG00000181513
HGNC:23338	ENSG00000107897
HGNC:23339	ENSG00000230124
HGNC:2334	ENSG00000203710
HGNC:23343	ENSG00000258967
HGNC:23345	ENSG00000268295
HGNC:23346	ENSG00000100565
HGNC:2335	ENSG00000197721
HGNC:23352	ENSG00000083535
HGNC:23354	ENSG00000108100
HGNC:23355	ENSG00000165507
HGNC:23356	ENSG00000165406
HGNC:23357	ENSG00000232119
HGNC:2336	ENSG00000117322
HGNC:23360	ENSG00000158941
HGNC:23362	ENSG00000154102
HGNC:23363	ENSG00000156875
HGNC:23364	ENSG00000160408
HGNC:23365	ENSG00000231293
HGNC:23366	ENSG00000136950
HGNC:23367	ENSG00000204148
HGNC:23368	ENSG00000196814
HGNC:23369	ENSG00000204173
HGNC:23370	ENSG00000066697
HGNC:23372	ENSG00000235865
HGNC:23373	ENSG00000148335
HGNC:23375	ENSG00000165219
HGNC:23376	ENSG00000148110
HGNC:23377	ENSG00000188352
HGNC:23378	ENSG00000183354
HGNC:23379	ENSG00000184434
HGNC:2338	ENSG00000166426
HGNC:23380	ENSG00000122136
HGNC:23381	ENSG00000171102
HGNC:23382	ENSG00000170777
HGNC:23383	ENSG00000171448
HGNC:23384	ENSG00000173258
HGNC:23385	ENSG00000127081
HGNC:23386	ENSG00000005810
HGNC:23387	ENSG00000198000
HGNC:23389	ENSG00000188938
HGNC:2339	ENSG00000143320
HGNC:23392	ENSG00000227835
HGNC:23393	ENSG00000142453
HGNC:23394	ENSG00000204849
HGNC:23395	ENSG00000203993
HGNC:23396	ENSG00000175287
HGNC:23397	ENSG00000119321
HGNC:23399	ENSG00000164946
HGNC:234	ENSG00000138031
HGNC:2340	ENSG00000169372
HGNC:23400	ENSG00000166562
HGNC:23401	ENSG00000114902
HGNC:23402	ENSG00000180581
HGNC:23404	ENSG00000148602
HGNC:23405	ENSG00000148655
HGNC:23406	ENSG00000175283
HGNC:23408	ENSG00000121310
HGNC:23409	ENSG00000164303
HGNC:23410	ENSG00000135926
HGNC:23411	ENSG00000212829
HGNC:23412	ENSG00000119440
HGNC:23414	ENSG00000172661
HGNC:23416	ENSG00000099290
HGNC:23419	ENSG00000198954
HGNC:2342	ENSG00000095321
HGNC:23421	ENSG00000172731
HGNC:23423	ENSG00000204179
HGNC:23424	ENSG00000278561
HGNC:23425	ENSG00000235290
HGNC:23426	ENSG00000230306
HGNC:23427	ENSG00000165185
HGNC:23428	ENSG00000174721
HGNC:23429	ENSG00000197889
HGNC:2343	ENSG00000134376
HGNC:23432	ENSG00000044459
HGNC:23433	ENSG00000135045
HGNC:23434	ENSG00000107443
HGNC:23435	ENSG00000156017
HGNC:23436	ENSG00000188100
HGNC:23437	ENSG00000165568
HGNC:23438	ENSG00000184923
HGNC:23440	ENSG00000198298
HGNC:23442	ENSG00000204010
HGNC:23443	ENSG00000204033
HGNC:23444	ENSG00000204021
HGNC:23445	ENSG00000188199
HGNC:23447	ENSG00000214562
HGNC:23448	ENSG00000228570
HGNC:23449	ENSG00000188152
HGNC:2345	ENSG00000118260
HGNC:23450	ENSG00000130950
HGNC:23452	ENSG00000204020
HGNC:23455	ENSG00000173239
HGNC:23456	ENSG00000204147
HGNC:23458	ENSG00000183128
HGNC:23459	ENSG00000188234
HGNC:23460	ENSG00000170788
HGNC:23463	ENSG00000204172
HGNC:23465	ENSG00000264204
HGNC:23466	ENSG00000204149
HGNC:23467	ENSG00000172650
HGNC:23468	ENSG00000133665
HGNC:23469	ENSG00000264006
HGNC:2347	ENSG00000107175
HGNC:23470	ENSG00000203795
HGNC:23471	ENSG00000134461
HGNC:23472	ENSG00000155287
HGNC:23473	ENSG00000148483
HGNC:23475	ENSG00000213185
HGNC:23476	ENSG00000147459
HGNC:23477	ENSG00000228078
HGNC:23478	ENSG00000231130
HGNC:23479	ENSG00000135905
HGNC:2348	ENSG00000005339
HGNC:23480	ENSG00000164916
HGNC:23481	ENSG00000188716
HGNC:23482	ENSG00000181126
HGNC:23483	ENSG00000147251
HGNC:23484	ENSG00000108021
HGNC:23485	ENSG00000133131
HGNC:23486	ENSG00000078487
HGNC:23487	ENSG00000148377
HGNC:23488	ENSG00000243660
HGNC:23489	ENSG00000134463
HGNC:2349	ENSG00000213676
HGNC:23490	ENSG00000187866
HGNC:23492	ENSG00000203837
HGNC:23493	ENSG00000138172
HGNC:23494	ENSG00000185933
HGNC:23495	ENSG00000182632
HGNC:23496	ENSG00000117600
HGNC:23497	ENSG00000129951
HGNC:23498	ENSG00000139117
HGNC:23499	ENSG00000243289
HGNC:235	ENSG00000129467
HGNC:2350	ENSG00000111269
HGNC:23500	ENSG00000230313
HGNC:23501	ENSG00000121871
HGNC:23502	ENSG00000179542
HGNC:23503	ENSG00000184564
HGNC:23504	ENSG00000172671
HGNC:23505	ENSG00000165733
HGNC:23506	ENSG00000181915
HGNC:23508	ENSG00000165730
HGNC:23509	ENSG00000165511
HGNC:2351	ENSG00000143162
HGNC:23510	ENSG00000166272
HGNC:23511	ENSG00000166220
HGNC:23512	ENSG00000166024
HGNC:23513	ENSG00000166348
HGNC:23514	ENSG00000165626
HGNC:23515	ENSG00000181800
HGNC:23516	ENSG00000166275
HGNC:23517	ENSG00000119943
HGNC:23518	ENSG00000172586
HGNC:23519	ENSG00000171224
HGNC:2352	ENSG00000095794
HGNC:23520	ENSG00000165449
HGNC:23521	ENSG00000224725
HGNC:23522	ENSG00000148468
HGNC:23523	ENSG00000188385
HGNC:23524	ENSG00000235931
HGNC:23525	ENSG00000237149
HGNC:23526	ENSG00000156026
HGNC:23527	ENSG00000203780
HGNC:23528	ENSG00000214655
HGNC:23529	ENSG00000241058
HGNC:23530	ENSG00000107719
HGNC:23531	ENSG00000203805
HGNC:23532	ENSG00000166317
HGNC:23533	ENSG00000176769
HGNC:23534	ENSG00000178462
HGNC:23535	ENSG00000265763
HGNC:23536	ENSG00000168060
HGNC:23537	ENSG00000181192
HGNC:23538	ENSG00000243824
HGNC:23539	ENSG00000177350
HGNC:23540	ENSG00000242135
HGNC:23541	ENSG00000258640
HGNC:23542	ENSG00000239199
HGNC:23543	ENSG00000241582
HGNC:23546	ENSG00000213598
HGNC:23547	ENSG00000205767
HGNC:23548	ENSG00000242995
HGNC:2355	ENSG00000147571
HGNC:23550	ENSG00000243388
HGNC:23551	ENSG00000240954
HGNC:23552	ENSG00000241984
HGNC:23553	ENSG00000256243
HGNC:23554	ENSG00000213641
HGNC:23555	ENSG00000240392
HGNC:23557	ENSG00000239510
HGNC:23558	ENSG00000240023
HGNC:2356	ENSG00000145708
HGNC:23560	ENSG00000240463
HGNC:23561	ENSG00000270912
HGNC:23562	ENSG00000259105
HGNC:23563	ENSG00000258877
HGNC:23564	ENSG00000215417
HGNC:23565	ENSG00000243730
HGNC:23567	ENSG00000197860
HGNC:23568	ENSG00000176826
HGNC:23569	ENSG00000225511
HGNC:2357	ENSG00000120088
HGNC:23570	ENSG00000157653
HGNC:23571	ENSG00000082438
HGNC:23572	ENSG00000159256
HGNC:23573	ENSG00000133422
HGNC:23574	ENSG00000206559
HGNC:23575	ENSG00000132466
HGNC:23576	ENSG00000168172
HGNC:23577	ENSG00000226245
HGNC:23578	ENSG00000148481
HGNC:2358	ENSG00000106113
HGNC:23581	ENSG00000204152
HGNC:23582	ENSG00000105988
HGNC:23583	ENSG00000223910
HGNC:23584	ENSG00000273225
HGNC:23586	ENSG00000276430
HGNC:23587	ENSG00000231122
HGNC:23589	ENSG00000165655
HGNC:2359	ENSG00000150938
HGNC:23590	ENSG00000189090
HGNC:23592	ENSG00000196503
HGNC:23593	ENSG00000230565
HGNC:23594	ENSG00000129003
HGNC:23595	ENSG00000048707
HGNC:23596	ENSG00000205869
HGNC:23597	ENSG00000205867
HGNC:23598	ENSG00000196224
HGNC:23599	ENSG00000241598
HGNC:236	ENSG00000173175
HGNC:2360	ENSG00000213145
HGNC:23600	ENSG00000205864
HGNC:23601	ENSG00000185940
HGNC:23602	ENSG00000244411
HGNC:23603	ENSG00000241233
HGNC:23604	ENSG00000254997
HGNC:23605	ENSG00000204572
HGNC:23606	ENSG00000204571
HGNC:23607	ENSG00000248903
HGNC:23608	ENSG00000249387
HGNC:23609	ENSG00000099992
HGNC:2361	ENSG00000182809
HGNC:23611	ENSG00000204437
HGNC:23612	ENSG00000173930
HGNC:23613	ENSG00000205359
HGNC:23614	ENSG00000070526
HGNC:23615	ENSG00000110660
HGNC:23616	ENSG00000183780
HGNC:23617	ENSG00000115084
HGNC:23618	ENSG00000158292
HGNC:23619	ENSG00000136783
HGNC:2362	ENSG00000167193
HGNC:23620	ENSG00000126246
HGNC:23621	ENSG00000148343
HGNC:23622	ENSG00000175514
HGNC:23623	ENSG00000173302
HGNC:23624	ENSG00000173250
HGNC:23625	ENSG00000198853
HGNC:23626	ENSG00000220349
HGNC:23627	ENSG00000174948
HGNC:23628	ENSG00000178015
HGNC:2363	ENSG00000099942
HGNC:23631	ENSG00000187258
HGNC:23633	ENSG00000107020
HGNC:23639	ENSG00000198677
HGNC:2364	ENSG00000006016
HGNC:23640	ENSG00000181315
HGNC:23641	ENSG00000165028
HGNC:23642	ENSG00000236901
HGNC:23643	ENSG00000180071
HGNC:23644	ENSG00000230453
HGNC:23645	ENSG00000230011
HGNC:23647	ENSG00000131355
HGNC:23649	ENSG00000204177
HGNC:2365	ENSG00000072832
HGNC:23650	ENSG00000251079
HGNC:23651	ENSG00000240089
HGNC:23652	ENSG00000242338
HGNC:23655	ENSG00000270025
HGNC:23656	ENSG00000105197
HGNC:23657	ENSG00000159921
HGNC:23658	ENSG00000173077
HGNC:23659	ENSG00000230869
HGNC:2366	ENSG00000005469
HGNC:23660	ENSG00000279058
HGNC:23661	ENSG00000265018
HGNC:23662	ENSG00000233278
HGNC:23663	ENSG00000167397
HGNC:23664	ENSG00000107957
HGNC:23665	ENSG00000260691
HGNC:23666	ENSG00000229089
HGNC:23667	ENSG00000278763
HGNC:23668	ENSG00000231527
HGNC:2367	ENSG00000132693
HGNC:23671	ENSG00000204007
HGNC:23672	ENSG00000196312
HGNC:23673	ENSG00000165072
HGNC:23674	ENSG00000159247
HGNC:23675	ENSG00000177076
HGNC:23676	ENSG00000186940
HGNC:23677	ENSG00000179058
HGNC:23678	ENSG00000176007
HGNC:23679	ENSG00000188483
HGNC:2368	ENSG00000223603
HGNC:23680	ENSG00000204031
HGNC:23681	ENSG00000213761
HGNC:23682	ENSG00000205808
HGNC:23683	ENSG00000233111
HGNC:23684	ENSG00000217716
HGNC:23685	ENSG00000148158
HGNC:23686	ENSG00000122741
HGNC:23687	ENSG00000180758
HGNC:23688	ENSG00000186174
HGNC:23689	ENSG00000151025
HGNC:23690	ENSG00000073605
HGNC:23692	ENSG00000144476
HGNC:23693	ENSG00000173890
HGNC:23694	ENSG00000143147
HGNC:23695	ENSG00000150764
HGNC:23696	ENSG00000163659
HGNC:23697	ENSG00000019144
HGNC:23698	ENSG00000161791
HGNC:23699	ENSG00000179407
HGNC:237	ENSG00000174233
HGNC:2370	ENSG00000180182
HGNC:23700	ENSG00000149292
HGNC:23703	ENSG00000099219
HGNC:23704	ENSG00000155158
HGNC:23705	ENSG00000188033
HGNC:23706	ENSG00000177599
HGNC:23707	ENSG00000229676
HGNC:23708	ENSG00000196268
HGNC:23709	ENSG00000180532
HGNC:2371	ENSG00000233774
HGNC:23710	ENSG00000131848
HGNC:23711	ENSG00000165476
HGNC:23712	ENSG00000152467
HGNC:23713	ENSG00000162714
HGNC:23714	ENSG00000174586
HGNC:23715	ENSG00000119574
HGNC:23716	ENSG00000103199
HGNC:23717	ENSG00000186446
HGNC:23718	ENSG00000196653
HGNC:23719	ENSG00000161395
HGNC:2372	ENSG00000112282
HGNC:23720	ENSG00000182158
HGNC:23721	ENSG00000105939
HGNC:23723	ENSG00000167123
HGNC:23724	ENSG00000213390
HGNC:23725	ENSG00000107863
HGNC:23726	ENSG00000065809
HGNC:23727	ENSG00000151893
HGNC:23728	ENSG00000148426
HGNC:23729	ENSG00000150051
HGNC:23730	ENSG00000204175
HGNC:23731	ENSG00000226253
HGNC:23732	ENSG00000175470
HGNC:23733	ENSG00000180764
HGNC:23734	ENSG00000168267
HGNC:23735	ENSG00000219932
HGNC:23736	ENSG00000236552
HGNC:23737	ENSG00000234118
HGNC:23738	ENSG00000230507
HGNC:23740	ENSG00000223876
HGNC:23743	ENSG00000223540
HGNC:23744	ENSG00000178429
HGNC:23745	ENSG00000136918
HGNC:23746	ENSG00000103154
HGNC:23747	ENSG00000090661
HGNC:23749	ENSG00000139624
HGNC:2375	ENSG00000042429
HGNC:23750	ENSG00000182552
HGNC:23752	ENSG00000154227
HGNC:23753	ENSG00000244490
HGNC:23754	ENSG00000175741
HGNC:23755	ENSG00000213885
HGNC:23756	ENSG00000249493
HGNC:23758	ENSG00000172031
HGNC:23759	ENSG00000127220
HGNC:2376	ENSG00000105085
HGNC:23760	ENSG00000105131
HGNC:23761	ENSG00000123444
HGNC:23762	ENSG00000184659
HGNC:23764	ENSG00000182156
HGNC:23765	ENSG00000233956
HGNC:23766	ENSG00000232687
HGNC:23767	ENSG00000229954
HGNC:23768	ENSG00000225502
HGNC:23769	ENSG00000230982
HGNC:2377	ENSG00000160563
HGNC:23770	ENSG00000214319
HGNC:23771	ENSG00000234538
HGNC:23772	ENSG00000235808
HGNC:23773	ENSG00000226501
HGNC:23774	ENSG00000225043
HGNC:23775	ENSG00000228349
HGNC:23776	ENSG00000224602
HGNC:23777	ENSG00000266145
HGNC:2378	ENSG00000155868
HGNC:23780	ENSG00000081665
HGNC:23781	ENSG00000004142
HGNC:23782	ENSG00000100227
HGNC:23783	ENSG00000168813
HGNC:23784	ENSG00000057935
HGNC:23785	ENSG00000115020
HGNC:23786	ENSG00000166908
HGNC:23787	ENSG00000165548
HGNC:23788	ENSG00000119698
HGNC:23789	ENSG00000100865
HGNC:2379	ENSG00000170275
HGNC:23790	ENSG00000166166
HGNC:23791	ENSG00000203485
HGNC:23792	ENSG00000166428
HGNC:23793	ENSG00000154545
HGNC:23794	ENSG00000179364
HGNC:23795	ENSG00000188408
HGNC:23796	ENSG00000176746
HGNC:23797	ENSG00000213339
HGNC:23798	ENSG00000165509
HGNC:23799	ENSG00000256453
HGNC:238	ENSG00000121281
HGNC:2380	ENSG00000145681
HGNC:23800	ENSG00000116991
HGNC:23801	ENSG00000105738
HGNC:23802	ENSG00000122035
HGNC:23803	ENSG00000101544
HGNC:23804	ENSG00000128045
HGNC:23805	ENSG00000143970
HGNC:23807	ENSG00000066654
HGNC:23808	ENSG00000215317
HGNC:23813	ENSG00000151468
HGNC:23815	ENSG00000188848
HGNC:23817	ENSG00000182973
HGNC:23818	ENSG00000160208
HGNC:23820	ENSG00000165891
HGNC:23821	ENSG00000184385
HGNC:23822	ENSG00000166351
HGNC:23825	ENSG00000120162
HGNC:23826	ENSG00000172292
HGNC:2383	ENSG00000105392
HGNC:23831	ENSG00000224854
HGNC:23836	ENSG00000168795
HGNC:23837	ENSG00000151572
HGNC:2384	ENSG00000008405
HGNC:23840	ENSG00000228861
HGNC:23841	ENSG00000144596
HGNC:23842	ENSG00000166016
HGNC:23843	ENSG00000087338
HGNC:23844	ENSG00000151136
HGNC:23845	ENSG00000188827
HGNC:23846	ENSG00000148411
HGNC:23847	ENSG00000174282
HGNC:23848	ENSG00000226042
HGNC:23849	ENSG00000232235
HGNC:2385	ENSG00000121671
HGNC:23850	ENSG00000226449
HGNC:23851	ENSG00000232899
HGNC:23852	ENSG00000230029
HGNC:23853	ENSG00000229138
HGNC:23854	ENSG00000237558
HGNC:23855	ENSG00000224033
HGNC:23856	ENSG00000228850
HGNC:23857	ENSG00000224873
HGNC:23858	ENSG00000226873
HGNC:23859	ENSG00000223362
HGNC:23861	ENSG00000231375
HGNC:23862	ENSG00000232205
HGNC:23863	ENSG00000237823
HGNC:23864	ENSG00000225609
HGNC:23866	ENSG00000229343
HGNC:23867	ENSG00000231716
HGNC:23872	ENSG00000228411
HGNC:23873	ENSG00000226011
HGNC:23874	ENSG00000226611
HGNC:23875	ENSG00000231988
HGNC:23876	ENSG00000229406
HGNC:23877	ENSG00000240438
HGNC:23879	ENSG00000238088
HGNC:2388	ENSG00000160202
HGNC:23880	ENSG00000231159
HGNC:23881	ENSG00000230476
HGNC:23882	ENSG00000225466
HGNC:23883	ENSG00000237302
HGNC:23884	ENSG00000232585
HGNC:23885	ENSG00000225287
HGNC:23887	ENSG00000234888
HGNC:23888	ENSG00000225809
HGNC:2389	ENSG00000109846
HGNC:23890	ENSG00000223637
HGNC:23891	ENSG00000243040
HGNC:23892	ENSG00000223744
HGNC:23893	ENSG00000238073
HGNC:23894	ENSG00000234950
HGNC:23895	ENSG00000236718
HGNC:23897	ENSG00000237269
HGNC:23898	ENSG00000225615
HGNC:239	ENSG00000155897
HGNC:23900	ENSG00000230727
HGNC:23901	ENSG00000234399
HGNC:23902	ENSG00000227633
HGNC:23903	ENSG00000238235
HGNC:23904	ENSG00000236435
HGNC:23905	ENSG00000187657
HGNC:23906	ENSG00000169849
HGNC:23907	ENSG00000225685
HGNC:23908	ENSG00000238067
HGNC:23909	ENSG00000230904
HGNC:23910	ENSG00000236620
HGNC:23911	ENSG00000231026
HGNC:23912	ENSG00000223406
HGNC:23913	ENSG00000237546
HGNC:23914	ENSG00000242875
HGNC:23915	ENSG00000244395
HGNC:23916	ENSG00000242389
HGNC:23917	ENSG00000226941
HGNC:23918	ENSG00000227204
HGNC:23919	ENSG00000229208
HGNC:23920	ENSG00000172352
HGNC:23921	ENSG00000129873
HGNC:23922	ENSG00000244646
HGNC:23924	ENSG00000168757
HGNC:23925	ENSG00000134030
HGNC:23927	ENSG00000119185
HGNC:23932	ENSG00000235649
HGNC:23933	ENSG00000237701
HGNC:23935	ENSG00000233740
HGNC:23936	ENSG00000233652
HGNC:2394	ENSG00000108255
HGNC:23940	ENSG00000235857
HGNC:23941	ENSG00000227949
HGNC:23942	ENSG00000233843
HGNC:23943	ENSG00000224240
HGNC:23945	ENSG00000237195
HGNC:23946	ENSG00000235001
HGNC:23947	ENSG00000234529
HGNC:23949	ENSG00000216777
HGNC:2395	ENSG00000163499
HGNC:23950	ENSG00000169953
HGNC:23953	ENSG00000215580
HGNC:23955	ENSG00000224989
HGNC:23956	ENSG00000226504
HGNC:23958	ENSG00000223698
HGNC:2396	ENSG00000196431
HGNC:23962	ENSG00000214207
HGNC:23963	ENSG00000285470
HGNC:23967	ENSG00000225878
HGNC:2397	ENSG00000100122
HGNC:23970	ENSG00000205936
HGNC:23971	ENSG00000234795
HGNC:23974	ENSG00000169800
HGNC:23976	ENSG00000277438
HGNC:23977	ENSG00000265293
HGNC:23979	ENSG00000225624
HGNC:2398	ENSG00000244752
HGNC:23981	ENSG00000228578
HGNC:23982	ENSG00000249726
HGNC:23983	ENSG00000229518
HGNC:23984	ENSG00000269437
HGNC:23986	ENSG00000171987
HGNC:23987	ENSG00000184752
HGNC:23989	ENSG00000110455
HGNC:2399	ENSG00000100058
HGNC:23990	ENSG00000141750
HGNC:23992	ENSG00000136514
HGNC:23993	ENSG00000157426
HGNC:23994	ENSG00000104626
HGNC:23999	ENSG00000125037
HGNC:240	ENSG00000162104
HGNC:2400	ENSG00000100053
HGNC:24001	ENSG00000171160
HGNC:24002	ENSG00000163512
HGNC:24003	ENSG00000178084
HGNC:24004	ENSG00000186090
HGNC:24005	ENSG00000186038
HGNC:24007	ENSG00000160072
HGNC:24008	ENSG00000154305
HGNC:24009	ENSG00000155008
HGNC:24010	ENSG00000183833
HGNC:24011	ENSG00000138443
HGNC:24012	ENSG00000166173
HGNC:24013	ENSG00000067334
HGNC:24015	ENSG00000188243
HGNC:24017	ENSG00000196526
HGNC:24018	ENSG00000117148
HGNC:24022	ENSG00000184378
HGNC:24023	ENSG00000187961
HGNC:24024	ENSG00000117507
HGNC:24025	ENSG00000075089
HGNC:24026	ENSG00000169717
HGNC:24027	ENSG00000123165
HGNC:24029	ENSG00000139269
HGNC:24030	ENSG00000125457
HGNC:24031	ENSG00000152253
HGNC:24032	ENSG00000203910
HGNC:24034	ENSG00000173145
HGNC:24035	ENSG00000157500
HGNC:24036	ENSG00000115266
HGNC:24039	ENSG00000166250
HGNC:24040	ENSG00000159346
HGNC:24041	ENSG00000006831
HGNC:24042	ENSG00000018408
HGNC:24043	ENSG00000148671
HGNC:24044	ENSG00000196550
HGNC:24045	ENSG00000196542
HGNC:24046	ENSG00000152213
HGNC:24047	ENSG00000119787
HGNC:24048	ENSG00000177917
HGNC:24049	ENSG00000167311
HGNC:24050	ENSG00000164463
HGNC:24051	ENSG00000139154
HGNC:24054	ENSG00000137812
HGNC:24055	ENSG00000169905
HGNC:24056	ENSG00000211454
HGNC:24058	ENSG00000130307
HGNC:24059	ENSG00000153802
HGNC:24060	ENSG00000145491
HGNC:24061	ENSG00000186471
HGNC:24062	ENSG00000229020
HGNC:24063	ENSG00000143891
HGNC:24065	ENSG00000102401
HGNC:24066	ENSG00000276070
HGNC:24067	ENSG00000284130
HGNC:24070	ENSG00000205057
HGNC:24071	ENSG00000075886
HGNC:24073	ENSG00000139211
HGNC:24074	ENSG00000182330
HGNC:24075	ENSG00000176020
HGNC:24076	ENSG00000068097
HGNC:24077	ENSG00000164162
HGNC:24078	ENSG00000171819
HGNC:24079	ENSG00000135976
HGNC:2408	ENSG00000168582
HGNC:24080	ENSG00000138613
HGNC:24082	ENSG00000198590
HGNC:24083	ENSG00000177943
HGNC:24084	ENSG00000164403
HGNC:24085	ENSG00000144867
HGNC:24086	ENSG00000148584
HGNC:24087	ENSG00000184730
HGNC:24088	ENSG00000219491
HGNC:2409	ENSG00000182187
HGNC:24090	ENSG00000138085
HGNC:24091	ENSG00000234608
HGNC:24092	ENSG00000187601
HGNC:24093	ENSG00000188293
HGNC:24094	ENSG00000176261
HGNC:24096	ENSG00000185829
HGNC:24097	ENSG00000120318
HGNC:24098	ENSG00000154556
HGNC:24099	ENSG00000133687
HGNC:241	ENSG00000141433
HGNC:2410	ENSG00000163254
HGNC:24100	ENSG00000100298
HGNC:24101	ENSG00000087087
HGNC:24102	ENSG00000141337
HGNC:24103	ENSG00000100325
HGNC:24104	ENSG00000132744
HGNC:24105	ENSG00000138134
HGNC:24108	ENSG00000106948
HGNC:2411	ENSG00000118231
HGNC:24110	ENSG00000115514
HGNC:24113	ENSG00000133657
HGNC:24114	ENSG00000175756
HGNC:24115	ENSG00000267369
HGNC:24116	ENSG00000172922
HGNC:24117	ENSG00000237659
HGNC:24118	ENSG00000138496
HGNC:24119	ENSG00000103528
HGNC:2412	ENSG00000229150
HGNC:24121	ENSG00000134042
HGNC:24123	ENSG00000108641
HGNC:24124	ENSG00000136518
HGNC:24125	ENSG00000172159
HGNC:24126	ENSG00000168874
HGNC:24127	ENSG00000169490
HGNC:24128	ENSG00000184277
HGNC:24129	ENSG00000248724
HGNC:2413	ENSG00000232799
HGNC:24130	ENSG00000167483
HGNC:24131	ENSG00000075790
HGNC:24132	ENSG00000104081
HGNC:24133	ENSG00000035720
HGNC:24134	ENSG00000140948
HGNC:24136	ENSG00000167080
HGNC:24137	ENSG00000139044
HGNC:24138	ENSG00000147570
HGNC:24139	ENSG00000177191
HGNC:2414	ENSG00000223710
HGNC:24140	ENSG00000167889
HGNC:24141	ENSG00000198488
HGNC:24142	ENSG00000162604
HGNC:24143	ENSG00000121900
HGNC:24144	ENSG00000175229
HGNC:24145	ENSG00000197093
HGNC:24148	ENSG00000151718
HGNC:24149	ENSG00000188290
HGNC:24150	ENSG00000162722
HGNC:24152	ENSG00000174891
HGNC:24153	ENSG00000184524
HGNC:24154	ENSG00000164619
HGNC:24155	ENSG00000225756
HGNC:24156	ENSG00000135365
HGNC:24157	ENSG00000097021
HGNC:24159	ENSG00000255052
HGNC:24160	ENSG00000166546
HGNC:24161	ENSG00000235173
HGNC:24162	ENSG00000159713
HGNC:24163	ENSG00000183092
HGNC:24164	ENSG00000171368
HGNC:24165	ENSG00000180777
HGNC:24166	ENSG00000168672
HGNC:24167	ENSG00000173467
HGNC:24168	ENSG00000054938
HGNC:24169	ENSG00000253606
HGNC:2417	ENSG00000213139
HGNC:24170	ENSG00000113460
HGNC:24171	ENSG00000169075
HGNC:24172	ENSG00000160062
HGNC:24173	ENSG00000123594
HGNC:24174	ENSG00000130377
HGNC:24175	ENSG00000074696
HGNC:24176	ENSG00000165810
HGNC:24178	ENSG00000156689
HGNC:24179	ENSG00000121104
HGNC:2418	ENSG00000103316
HGNC:24180	ENSG00000166133
HGNC:24181	ENSG00000144119
HGNC:24182	ENSG00000131094
HGNC:24185	ENSG00000185515
HGNC:24187	ENSG00000099991
HGNC:24188	ENSG00000078808
HGNC:2419	ENSG00000116791
HGNC:24190	ENSG00000162545
HGNC:24191	ENSG00000188393
HGNC:24193	ENSG00000169885
HGNC:24197	ENSG00000163888
HGNC:24198	ENSG00000268651
HGNC:242	ENSG00000078549
HGNC:2420	ENSG00000205758
HGNC:24200	ENSG00000189057
HGNC:24201	ENSG00000177519
HGNC:24203	ENSG00000262664
HGNC:24204	ENSG00000186976
HGNC:24205	ENSG00000177938
HGNC:24206	ENSG00000186222
HGNC:2421	ENSG00000233025
HGNC:24211	ENSG00000258436
HGNC:24212	ENSG00000145354
HGNC:24213	ENSG00000160161
HGNC:24215	ENSG00000105726
HGNC:24217	ENSG00000138433
HGNC:24218	ENSG00000115816
HGNC:24219	ENSG00000117877
HGNC:2422	ENSG00000062485
HGNC:24220	ENSG00000147687
HGNC:24221	ENSG00000234319
HGNC:24222	ENSG00000164287
HGNC:24224	ENSG00000167258
HGNC:24225	ENSG00000160886
HGNC:24226	ENSG00000186493
HGNC:24227	ENSG00000260916
HGNC:24229	ENSG00000187288
HGNC:24230	ENSG00000186162
HGNC:24232	ENSG00000225976
HGNC:24233	ENSG00000268942
HGNC:24235	ENSG00000163606
HGNC:24236	ENSG00000060339
HGNC:24238	ENSG00000135837
HGNC:24239	ENSG00000133069
HGNC:24240	ENSG00000128242
HGNC:24241	ENSG00000050426
HGNC:24244	ENSG00000164037
HGNC:24245	ENSG00000157856
HGNC:24246	ENSG00000198915
HGNC:24247	ENSG00000168237
HGNC:24248	ENSG00000010165
HGNC:24249	ENSG00000139131
HGNC:24250	ENSG00000169251
HGNC:24251	ENSG00000117500
HGNC:24252	ENSG00000115042
HGNC:24253	ENSG00000134970
HGNC:24254	ENSG00000066583
HGNC:24255	ENSG00000067533
HGNC:24256	ENSG00000120860
HGNC:24257	ENSG00000155957
HGNC:24258	ENSG00000156469
HGNC:24259	ENSG00000144034
HGNC:24260	ENSG00000108590
HGNC:24261	ENSG00000166595
HGNC:24262	ENSG00000162066
HGNC:24263	ENSG00000178096
HGNC:24264	ENSG00000121644
HGNC:24265	ENSG00000141378
HGNC:24267	ENSG00000259790
HGNC:24268	ENSG00000138303
HGNC:24269	ENSG00000023697
HGNC:24270	ENSG00000117543
HGNC:24271	ENSG00000119929
HGNC:24272	ENSG00000149577
HGNC:24273	ENSG00000143303
HGNC:24274	ENSG00000011260
HGNC:24275	ENSG00000143653
HGNC:24276	ENSG00000100347
HGNC:24277	ENSG00000104427
HGNC:24278	ENSG00000107362
HGNC:24279	ENSG00000013306
HGNC:2428	ENSG00000060138
HGNC:24280	ENSG00000129292
HGNC:24281	ENSG00000155100
HGNC:24282	ENSG00000134597
HGNC:24283	ENSG00000110066
HGNC:24284	ENSG00000171853
HGNC:24285	ENSG00000176623
HGNC:24286	ENSG00000189306
HGNC:24287	ENSG00000255112
HGNC:24288	ENSG00000016391
HGNC:24289	ENSG00000134255
HGNC:2429	ENSG00000261614
HGNC:24290	ENSG00000147408
HGNC:24291	ENSG00000123989
HGNC:24292	ENSG00000169826
HGNC:24293	ENSG00000198108
HGNC:24294	ENSG00000198930
HGNC:24295	ENSG00000158220
HGNC:24297	ENSG00000268043
HGNC:24298	ENSG00000270392
HGNC:24299	ENSG00000157181
HGNC:243	ENSG00000087274
HGNC:24300	ENSG00000173264
HGNC:24301	ENSG00000134153
HGNC:24303	ENSG00000259956
HGNC:24304	ENSG00000109805
HGNC:24305	ENSG00000010292
HGNC:24306	ENSG00000120526
HGNC:24307	ENSG00000014914
HGNC:24308	ENSG00000049656
HGNC:24309	ENSG00000108848
HGNC:2431	ENSG00000124207
HGNC:24310	ENSG00000023902
HGNC:24311	ENSG00000187855
HGNC:24313	ENSG00000109943
HGNC:24314	ENSG00000105270
HGNC:24316	ENSG00000136463
HGNC:24318	ENSG00000131097
HGNC:24319	ENSG00000153815
HGNC:2432	ENSG00000184371
HGNC:24320	ENSG00000161813
HGNC:24321	ENSG00000174485
HGNC:24322	ENSG00000235323
HGNC:24323	ENSG00000164326
HGNC:24324	ENSG00000188986
HGNC:24325	ENSG00000168564
HGNC:24326	ENSG00000141452
HGNC:24327	ENSG00000206538
HGNC:24328	ENSG00000132603
HGNC:24329	ENSG00000183520
HGNC:2433	ENSG00000182578
HGNC:24330	ENSG00000166569
HGNC:24331	ENSG00000204740
HGNC:24332	ENSG00000213187
HGNC:24335	ENSG00000198612
HGNC:24336	ENSG00000144550
HGNC:24337	ENSG00000106392
HGNC:24338	ENSG00000171155
HGNC:24339	ENSG00000183439
HGNC:2434	ENSG00000164400
HGNC:24340	ENSG00000135040
HGNC:24341	ENSG00000205105
HGNC:24342	ENSG00000103540
HGNC:24343	ENSG00000154832
HGNC:24346	ENSG00000212710
HGNC:24348	ENSG00000232872
HGNC:24349	ENSG00000165813
HGNC:2435	ENSG00000198223
HGNC:24350	ENSG00000166510
HGNC:24351	ENSG00000070047
HGNC:24352	ENSG00000131746
HGNC:24353	ENSG00000168802
HGNC:24355	ENSG00000150048
HGNC:24356	ENSG00000165682
HGNC:24357	ENSG00000163814
HGNC:24358	ENSG00000184205
HGNC:2436	ENSG00000100368
HGNC:24361	ENSG00000181404
HGNC:24362	ENSG00000185596
HGNC:24368	ENSG00000138646
HGNC:24369	ENSG00000263353
HGNC:2437	ENSG00000232254
HGNC:24374	ENSG00000103018
HGNC:24376	ENSG00000166394
HGNC:2438	ENSG00000108342
HGNC:24380	ENSG00000160471
HGNC:24381	ENSG00000170516
HGNC:24382	ENSG00000187581
HGNC:24383	ENSG00000229357
HGNC:24384	ENSG00000232901
HGNC:24385	ENSG00000229217
HGNC:24386	ENSG00000224263
HGNC:2439	ENSG00000119535
HGNC:24390	ENSG00000219627
HGNC:24392	ENSG00000213310
HGNC:24393	ENSG00000235700
HGNC:24394	ENSG00000240416
HGNC:24396	ENSG00000254358
HGNC:24397	ENSG00000253495
HGNC:24398	ENSG00000227666
HGNC:24399	ENSG00000255370
HGNC:244	ENSG00000075340
HGNC:2440	ENSG00000136488
HGNC:24400	ENSG00000254601
HGNC:24401	ENSG00000255444
HGNC:24402	ENSG00000255003
HGNC:24403	ENSG00000255379
HGNC:24404	ENSG00000234333
HGNC:24405	ENSG00000257648
HGNC:24406	ENSG00000223625
HGNC:24407	ENSG00000233545
HGNC:24408	ENSG00000176268
HGNC:24409	ENSG00000233549
HGNC:2441	ENSG00000213218
HGNC:24410	ENSG00000259547
HGNC:24411	ENSG00000259513
HGNC:24412	ENSG00000260690
HGNC:24413	ENSG00000229120
HGNC:24414	ENSG00000262870
HGNC:24415	ENSG00000163170
HGNC:24416	ENSG00000227735
HGNC:24417	ENSG00000231706
HGNC:24418	ENSG00000233548
HGNC:24419	ENSG00000184844
HGNC:2442	ENSG00000204414
HGNC:24421	ENSG00000214429
HGNC:24422	ENSG00000269383
HGNC:24423	ENSG00000232503
HGNC:24424	ENSG00000249909
HGNC:24426	ENSG00000154198
HGNC:24427	ENSG00000197953
HGNC:24430	ENSG00000185069
HGNC:24431	ENSG00000170454
HGNC:24432	ENSG00000205323
HGNC:24434	ENSG00000140632
HGNC:24435	ENSG00000170891
HGNC:24436	ENSG00000172497
HGNC:24437	ENSG00000133313
HGNC:24438	ENSG00000167925
HGNC:2444	ENSG00000103653
HGNC:24446	ENSG00000183624
HGNC:24447	ENSG00000103121
HGNC:24448	ENSG00000198856
HGNC:24449	ENSG00000120533
HGNC:2445	ENSG00000126545
HGNC:24450	ENSG00000160570
HGNC:24451	ENSG00000151065
HGNC:24452	ENSG00000172795
HGNC:24453	ENSG00000136982
HGNC:24454	ENSG00000214857
HGNC:24455	ENSG00000275882
HGNC:24456	ENSG00000187957
HGNC:24457	ENSG00000178498
HGNC:24458	ENSG00000181418
HGNC:24459	ENSG00000251380
HGNC:2446	ENSG00000171209
HGNC:24460	ENSG00000149100
HGNC:24462	ENSG00000184293
HGNC:24463	ENSG00000168246
HGNC:24464	ENSG00000169105
HGNC:24465	ENSG00000087128
HGNC:24466	ENSG00000182253
HGNC:24468	ENSG00000155636
HGNC:2447	ENSG00000135222
HGNC:24470	ENSG00000163126
HGNC:24472	ENSG00000134222
HGNC:24473	ENSG00000183801
HGNC:24474	ENSG00000132570
HGNC:24475	ENSG00000132837
HGNC:24476	ENSG00000080845
HGNC:24477	ENSG00000132467
HGNC:24482	ENSG00000279516
HGNC:24483	ENSG00000214021
HGNC:24484	ENSG00000143493
HGNC:24485	ENSG00000144649
HGNC:24487	ENSG00000198624
HGNC:24488	ENSG00000164087
HGNC:24489	ENSG00000257103
HGNC:24490	ENSG00000114790
HGNC:24491	ENSG00000243967
HGNC:24493	ENSG00000134077
HGNC:24494	ENSG00000215117
HGNC:24496	ENSG00000163608
HGNC:24497	ENSG00000167173
HGNC:24498	ENSG00000261439
HGNC:24499	ENSG00000132554
HGNC:245	ENSG00000148700
HGNC:24500	ENSG00000164944
HGNC:24501	ENSG00000196155
HGNC:24502	ENSG00000075702
HGNC:24504	ENSG00000257198
HGNC:24506	ENSG00000124915
HGNC:24508	ENSG00000177910
HGNC:24509	ENSG00000266733
HGNC:2451	ENSG00000113712
HGNC:24510	ENSG00000169221
HGNC:24511	ENSG00000160679
HGNC:24513	ENSG00000157693
HGNC:24514	ENSG00000203950
HGNC:24515	ENSG00000143158
HGNC:24517	ENSG00000188976
HGNC:24518	ENSG00000232860
HGNC:24519	ENSG00000119977
HGNC:2452	ENSG00000141551
HGNC:24520	ENSG00000119812
HGNC:24521	ENSG00000148634
HGNC:24522	ENSG00000103978
HGNC:24523	ENSG00000036549
HGNC:24524	ENSG00000188242
HGNC:24525	ENSG00000132763
HGNC:24526	ENSG00000184743
HGNC:24527	ENSG00000109794
HGNC:24528	ENSG00000205352
HGNC:24529	ENSG00000006042
HGNC:2453	ENSG00000213923
HGNC:24530	ENSG00000184857
HGNC:24531	ENSG00000110200
HGNC:24534	ENSG00000171490
HGNC:24535	ENSG00000164934
HGNC:24536	ENSG00000169116
HGNC:24537	ENSG00000083937
HGNC:24538	ENSG00000248487
HGNC:24539	ENSG00000089818
HGNC:2454	ENSG00000169118
HGNC:24540	ENSG00000129055
HGNC:24542	ENSG00000166171
HGNC:24543	ENSG00000135999
HGNC:24544	ENSG00000108523
HGNC:24546	ENSG00000119865
HGNC:24547	ENSG00000109016
HGNC:24548	ENSG00000117697
HGNC:24549	ENSG00000179010
HGNC:2455	ENSG00000133275
HGNC:24550	ENSG00000185432
HGNC:24552	ENSG00000149476
HGNC:24553	ENSG00000204071
HGNC:24554	ENSG00000149090
HGNC:24555	ENSG00000164880
HGNC:24557	ENSG00000130935
HGNC:24558	ENSG00000162745
HGNC:2456	ENSG00000151292
HGNC:24560	ENSG00000105321
HGNC:24561	ENSG00000134779
HGNC:24563	ENSG00000105058
HGNC:24564	ENSG00000168014
HGNC:24565	ENSG00000120071
HGNC:24566	ENSG00000119403
HGNC:24567	ENSG00000103932
HGNC:2457	ENSG00000101266
HGNC:24573	ENSG00000109674
HGNC:24574	ENSG00000196141
HGNC:24575	ENSG00000131153
HGNC:24576	ENSG00000167513
HGNC:24577	ENSG00000100418
HGNC:24578	ENSG00000197312
HGNC:24579	ENSG00000136425
HGNC:2458	ENSG00000254598
HGNC:24580	ENSG00000141977
HGNC:24581	ENSG00000135392
HGNC:24582	ENSG00000203943
HGNC:24583	ENSG00000146094
HGNC:24584	ENSG00000147996
HGNC:24586	ENSG00000197006
HGNC:24587	ENSG00000122591
HGNC:24588	ENSG00000183607
HGNC:24589	ENSG00000168386
HGNC:2459	ENSG00000070770
HGNC:24590	ENSG00000162961
HGNC:24591	ENSG00000182566
HGNC:24592	ENSG00000115107
HGNC:24593	ENSG00000168772
HGNC:24594	ENSG00000166847
HGNC:24595	ENSG00000138036
HGNC:24596	ENSG00000264364
HGNC:24599	ENSG00000145293
HGNC:2460	ENSG00000204435
HGNC:24600	ENSG00000185046
HGNC:24603	ENSG00000183434
HGNC:24604	ENSG00000181924
HGNC:24605	ENSG00000198795
HGNC:24607	ENSG00000163395
HGNC:24608	ENSG00000178556
HGNC:24609	ENSG00000142615
HGNC:24610	ENSG00000218027
HGNC:24611	ENSG00000232743
HGNC:24612	ENSG00000074356
HGNC:24613	ENSG00000174004
HGNC:24614	ENSG00000132394
HGNC:24615	ENSG00000103319
HGNC:24616	ENSG00000079313
HGNC:24617	ENSG00000288631
HGNC:24618	ENSG00000153207
HGNC:24620	ENSG00000226121
HGNC:24622	ENSG00000167280
HGNC:24624	ENSG00000120725
HGNC:24625	ENSG00000233347
HGNC:24626	ENSG00000117862
HGNC:24627	ENSG00000057019
HGNC:24628	ENSG00000118579
HGNC:24634	ENSG00000127527
HGNC:24635	ENSG00000189099
HGNC:24636	ENSG00000050405
HGNC:24637	ENSG00000077232
HGNC:24638	ENSG00000229582
HGNC:24639	ENSG00000141391
HGNC:2464	ENSG00000038427
HGNC:24640	ENSG00000107938
HGNC:24641	ENSG00000103544
HGNC:24642	ENSG00000119147
HGNC:24643	ENSG00000145879
HGNC:24644	ENSG00000198952
HGNC:24645	ENSG00000141446
HGNC:24647	ENSG00000235438
HGNC:24648	ENSG00000143971
HGNC:24649	ENSG00000139163
HGNC:2465	ENSG00000130287
HGNC:24650	ENSG00000181090
HGNC:24654	ENSG00000229704
HGNC:24656	ENSG00000178982
HGNC:24657	ENSG00000233837
HGNC:24658	ENSG00000076650
HGNC:24659	ENSG00000116903
HGNC:2466	ENSG00000173546
HGNC:24660	ENSG00000205176
HGNC:24661	ENSG00000005189
HGNC:24662	ENSG00000077348
HGNC:24663	ENSG00000152061
HGNC:24664	ENSG00000171053
HGNC:24665	ENSG00000206531
HGNC:24666	ENSG00000113194
HGNC:24667	ENSG00000181085
HGNC:24668	ENSG00000134389
HGNC:24669	ENSG00000183733
HGNC:2467	ENSG00000114646
HGNC:24670	ENSG00000075420
HGNC:24671	ENSG00000160688
HGNC:24672	ENSG00000283709
HGNC:24674	ENSG00000188878
HGNC:24676	ENSG00000164896
HGNC:24677	ENSG00000168890
HGNC:24678	ENSG00000140718
HGNC:24679	ENSG00000108306
HGNC:2468	ENSG00000108055
HGNC:24682	ENSG00000162769
HGNC:24683	ENSG00000147378
HGNC:24684	ENSG00000164252
HGNC:24686	ENSG00000162458
HGNC:24687	ENSG00000236882
HGNC:24688	ENSG00000228224
HGNC:24689	ENSG00000257331
HGNC:2469	ENSG00000159176
HGNC:24690	ENSG00000227942
HGNC:24692	ENSG00000162897
HGNC:24693	ENSG00000133816
HGNC:24694	ENSG00000243156
HGNC:24695	ENSG00000178761
HGNC:24696	ENSG00000162804
HGNC:24697	ENSG00000163728
HGNC:24699	ENSG00000172985
HGNC:2470	ENSG00000175183
HGNC:24700	ENSG00000203814
HGNC:24702	ENSG00000175463
HGNC:24703	ENSG00000196642
HGNC:24704	ENSG00000138709
HGNC:24708	ENSG00000187815
HGNC:24709	ENSG00000165816
HGNC:24711	ENSG00000151690
HGNC:24712	ENSG00000183508
HGNC:24713	ENSG00000198218
HGNC:24714	ENSG00000131503
HGNC:24715	ENSG00000133138
HGNC:24716	ENSG00000105538
HGNC:24717	ENSG00000132300
HGNC:24718	ENSG00000166479
HGNC:2472	ENSG00000129170
HGNC:24721	ENSG00000047188
HGNC:24722	ENSG00000142556
HGNC:24723	ENSG00000111058
HGNC:24724	ENSG00000136122
HGNC:24725	ENSG00000166801
HGNC:24726	ENSG00000101574
HGNC:24727	ENSG00000129173
HGNC:24728	ENSG00000185418
HGNC:24729	ENSG00000179088
HGNC:2473	ENSG00000170373
HGNC:24731	ENSG00000196865
HGNC:24733	ENSG00000148803
HGNC:24736	ENSG00000219626
HGNC:24737	ENSG00000196437
HGNC:24738	ENSG00000172244
HGNC:24739	ENSG00000179846
HGNC:2474	ENSG00000170369
HGNC:24740	ENSG00000197619
HGNC:24741	ENSG00000180488
HGNC:24742	ENSG00000235106
HGNC:24745	ENSG00000198723
HGNC:24746	ENSG00000173769
HGNC:24748	ENSG00000175984
HGNC:2475	ENSG00000101439
HGNC:24750	ENSG00000196110
HGNC:24751	ENSG00000180884
HGNC:24753	ENSG00000168676
HGNC:24754	ENSG00000204919
HGNC:24756	ENSG00000177483
HGNC:24757	ENSG00000162623
HGNC:24758	ENSG00000188493
HGNC:24759	ENSG00000188001
HGNC:2476	ENSG00000101441
HGNC:24761	ENSG00000152117
HGNC:24762	ENSG00000188177
HGNC:24763	ENSG00000163689
HGNC:24764	ENSG00000188176
HGNC:24765	ENSG00000187257
HGNC:24766	ENSG00000174567
HGNC:24767	ENSG00000147036
HGNC:24768	ENSG00000130653
HGNC:2477	ENSG00000170367
HGNC:24770	ENSG00000168427
HGNC:24771	ENSG00000188315
HGNC:24772	ENSG00000288784
HGNC:24774	ENSG00000253309
HGNC:24776	ENSG00000182077
HGNC:24778	ENSG00000188883
HGNC:24779	ENSG00000170085
HGNC:2478	ENSG00000175315
HGNC:24781	ENSG00000153789
HGNC:24783	ENSG00000183423
HGNC:24785	ENSG00000250067
HGNC:24786	ENSG00000183831
HGNC:24787	ENSG00000172888
HGNC:24788	ENSG00000170500
HGNC:24789	ENSG00000197982
HGNC:2479	ENSG00000077984
HGNC:24790	ENSG00000184898
HGNC:24791	ENSG00000188089
HGNC:24793	ENSG00000188305
HGNC:24795	ENSG00000187994
HGNC:24796	ENSG00000186994
HGNC:24797	ENSG00000180921
HGNC:248	ENSG00000147872
HGNC:2480	ENSG00000125815
HGNC:24801	ENSG00000176927
HGNC:24802	ENSG00000184313
HGNC:24804	ENSG00000188282
HGNC:24805	ENSG00000188610
HGNC:24808	ENSG00000135148
HGNC:24809	ENSG00000125046
HGNC:2481	ENSG00000121552
HGNC:24810	ENSG00000166002
HGNC:24811	ENSG00000065485
HGNC:24812	ENSG00000177034
HGNC:24814	ENSG00000204060
HGNC:24817	ENSG00000177548
HGNC:24818	ENSG00000065970
HGNC:24819	ENSG00000177888
HGNC:2482	ENSG00000160213
HGNC:24820	ENSG00000135063
HGNC:24821	ENSG00000092871
HGNC:24822	ENSG00000167363
HGNC:24823	ENSG00000215586
HGNC:24824	ENSG00000105325
HGNC:24825	ENSG00000167965
HGNC:24826	ENSG00000133136
HGNC:24827	ENSG00000182782
HGNC:24828	ENSG00000172935
HGNC:24829	ENSG00000182170
HGNC:2483	ENSG00000101138
HGNC:24834	ENSG00000198932
HGNC:24835	ENSG00000169258
HGNC:24836	ENSG00000110427
HGNC:24837	ENSG00000088543
HGNC:24838	ENSG00000168913
HGNC:24839	ENSG00000121211
HGNC:2484	ENSG00000101811
HGNC:24840	ENSG00000197487
HGNC:24842	ENSG00000170298
HGNC:24844	ENSG00000163793
HGNC:24845	ENSG00000135631
HGNC:24846	ENSG00000270765
HGNC:24847	ENSG00000132879
HGNC:24849	ENSG00000178795
HGNC:2485	ENSG00000176102
HGNC:24851	ENSG00000161643
HGNC:24852	ENSG00000089639
HGNC:24853	ENSG00000251321
HGNC:24854	ENSG00000118804
HGNC:24855	ENSG00000123106
HGNC:24856	ENSG00000108588
HGNC:24857	ENSG00000241127
HGNC:24858	ENSG00000168958
HGNC:24859	ENSG00000127337
HGNC:2486	ENSG00000228476
HGNC:24860	ENSG00000188833
HGNC:24861	ENSG00000141349
HGNC:24862	ENSG00000115275
HGNC:24864	ENSG00000105679
HGNC:24865	ENSG00000119927
HGNC:24866	ENSG00000116198
HGNC:24867	ENSG00000139433
HGNC:24868	ENSG00000167378
HGNC:24869	ENSG00000154252
HGNC:2487	ENSG00000277975
HGNC:24870	ENSG00000016864
HGNC:24871	ENSG00000162642
HGNC:24872	ENSG00000235590
HGNC:24876	ENSG00000147533
HGNC:24877	ENSG00000145817
HGNC:24878	ENSG00000184840
HGNC:24879	ENSG00000273777
HGNC:2488	ENSG00000183072
HGNC:24880	ENSG00000124466
HGNC:24881	ENSG00000138670
HGNC:24882	ENSG00000143457
HGNC:24883	ENSG00000182631
HGNC:24884	ENSG00000162881
HGNC:24885	ENSG00000196208
HGNC:24886	ENSG00000114541
HGNC:24887	ENSG00000006757
HGNC:24888	ENSG00000100341
HGNC:24889	ENSG00000278299
HGNC:24890	ENSG00000120820
HGNC:24891	ENSG00000132716
HGNC:24892	ENSG00000166734
HGNC:24893	ENSG00000187166
HGNC:249	ENSG00000187758
HGNC:24902	ENSG00000035499
HGNC:24903	ENSG00000117523
HGNC:24904	ENSG00000182208
HGNC:24905	ENSG00000137504
HGNC:24908	ENSG00000204480
HGNC:2491	ENSG00000184033
HGNC:24910	ENSG00000138381
HGNC:24911	ENSG00000155324
HGNC:24912	ENSG00000174720
HGNC:24913	ENSG00000185267
HGNC:24915	ENSG00000226666
HGNC:24918	ENSG00000280197
HGNC:2492	ENSG00000126890
HGNC:24920	ENSG00000196684
HGNC:24921	ENSG00000086232
HGNC:24923	ENSG00000114735
HGNC:24925	ENSG00000165775
HGNC:24926	ENSG00000175602
HGNC:24927	ENSG00000166869
HGNC:24928	ENSG00000155975
HGNC:24929	ENSG00000128789
HGNC:24930	ENSG00000002933
HGNC:24931	ENSG00000126970
HGNC:24932	ENSG00000136819
HGNC:24933	ENSG00000130173
HGNC:24934	ENSG00000198934
HGNC:24935	ENSG00000186675
HGNC:24936	ENSG00000123427
HGNC:24937	ENSG00000166503
HGNC:2494	ENSG00000159692
HGNC:24941	ENSG00000170144
HGNC:24942	ENSG00000100100
HGNC:24943	ENSG00000174132
HGNC:24944	ENSG00000168209
HGNC:24945	ENSG00000277494
HGNC:24948	ENSG00000104885
HGNC:24949	ENSG00000164164
HGNC:2495	ENSG00000175029
HGNC:24950	ENSG00000189001
HGNC:24951	ENSG00000258186
HGNC:24953	ENSG00000186834
HGNC:24954	ENSG00000176256
HGNC:24955	ENSG00000170091
HGNC:24956	ENSG00000116774
HGNC:24957	ENSG00000240990
HGNC:24958	ENSG00000205857
HGNC:24959	ENSG00000180613
HGNC:2496	ENSG00000117151
HGNC:24961	ENSG00000171476
HGNC:24963	ENSG00000167476
HGNC:24965	ENSG00000154920
HGNC:24966	ENSG00000179632
HGNC:24967	ENSG00000167842
HGNC:24968	ENSG00000112685
HGNC:24969	ENSG00000114388
HGNC:24970	ENSG00000010295
HGNC:24971	ENSG00000102021
HGNC:24972	ENSG00000111727
HGNC:24973	ENSG00000127483
HGNC:24974	ENSG00000099899
HGNC:24975	ENSG00000235608
HGNC:24976	ENSG00000229590
HGNC:24978	ENSG00000168004
HGNC:24979	ENSG00000118960
HGNC:2498	ENSG00000060069
HGNC:24983	ENSG00000173213
HGNC:24986	ENSG00000172404
HGNC:24987	ENSG00000153406
HGNC:24988	ENSG00000213946
HGNC:24989	ENSG00000133265
HGNC:2499	ENSG00000150281
HGNC:24990	ENSG00000183978
HGNC:24991	ENSG00000104979
HGNC:24992	ENSG00000120963
HGNC:24993	ENSG00000114744
HGNC:24994	ENSG00000148153
HGNC:24997	ENSG00000105875
HGNC:24999	ENSG00000114098
HGNC:250	ENSG00000196616
HGNC:2500	ENSG00000118523
HGNC:25000	ENSG00000180479
HGNC:25001	ENSG00000196323
HGNC:25002	ENSG00000103021
HGNC:25003	ENSG00000179935
HGNC:25005	ENSG00000133773
HGNC:25006	ENSG00000138382
HGNC:25007	ENSG00000163607
HGNC:25008	ENSG00000105393
HGNC:25009	ENSG00000077152
HGNC:2501	ENSG00000116761
HGNC:25010	ENSG00000075336
HGNC:25011	ENSG00000218510
HGNC:25012	ENSG00000119862
HGNC:25013	ENSG00000143771
HGNC:25014	ENSG00000110442
HGNC:25015	ENSG00000168701
HGNC:25016	ENSG00000160075
HGNC:25017	ENSG00000171425
HGNC:25018	ENSG00000187049
HGNC:25019	ENSG00000081870
HGNC:25020	ENSG00000103111
HGNC:25021	ENSG00000034533
HGNC:25022	ENSG00000057757
HGNC:25023	ENSG00000144771
HGNC:25024	ENSG00000114405
HGNC:25026	ENSG00000147535
HGNC:25031	ENSG00000110844
HGNC:25032	ENSG00000162391
HGNC:25033	ENSG00000284922
HGNC:25034	ENSG00000198842
HGNC:25035	ENSG00000180667
HGNC:25037	ENSG00000139597
HGNC:25042	ENSG00000131409
HGNC:25043	ENSG00000104970
HGNC:25044	ENSG00000173809
HGNC:25046	ENSG00000174365
HGNC:25047	ENSG00000141294
HGNC:25048	ENSG00000149262
HGNC:25049	ENSG00000105676
HGNC:2505	ENSG00000163599
HGNC:25050	ENSG00000180279
HGNC:25052	ENSG00000181751
HGNC:25054	ENSG00000162490
HGNC:25055	ENSG00000183172
HGNC:25056	ENSG00000076321
HGNC:25057	ENSG00000182118
HGNC:25058	ENSG00000141933
HGNC:25060	ENSG00000268038
HGNC:25061	ENSG00000183644
HGNC:25062	ENSG00000158428
HGNC:25063	ENSG00000161249
HGNC:25064	ENSG00000154479
HGNC:25065	ENSG00000183324
HGNC:25067	ENSG00000138785
HGNC:25068	ENSG00000257218
HGNC:25069	ENSG00000177051
HGNC:25070	ENSG00000102977
HGNC:25071	ENSG00000025770
HGNC:25072	ENSG00000141580
HGNC:25073	ENSG00000213516
HGNC:25074	ENSG00000102897
HGNC:25075	ENSG00000171488
HGNC:25076	ENSG00000142794
HGNC:25077	ENSG00000287151
HGNC:25078	ENSG00000106330
HGNC:25079	ENSG00000109881
HGNC:25081	ENSG00000166246
HGNC:25082	ENSG00000084070
HGNC:25083	ENSG00000163611
HGNC:25084	ENSG00000198270
HGNC:25085	ENSG00000182518
HGNC:25087	ENSG00000197712
HGNC:25088	ENSG00000129810
HGNC:2509	ENSG00000044115
HGNC:25090	ENSG00000164237
HGNC:25091	ENSG00000158545
HGNC:25092	ENSG00000196417
HGNC:25094	ENSG00000132613
HGNC:25095	ENSG00000132017
HGNC:25096	ENSG00000100258
HGNC:25097	ENSG00000134508
HGNC:25098	ENSG00000171671
HGNC:25099	ENSG00000164169
HGNC:251	ENSG00000248144
HGNC:2510	ENSG00000066032
HGNC:25100	ENSG00000134864
HGNC:25102	ENSG00000167543
HGNC:25104	ENSG00000254470
HGNC:25105	ENSG00000185404
HGNC:25106	ENSG00000105793
HGNC:25107	ENSG00000142530
HGNC:25108	ENSG00000204519
HGNC:25109	ENSG00000170846
HGNC:2511	ENSG00000183230
HGNC:25110	ENSG00000255561
HGNC:25111	ENSG00000233122
HGNC:25112	ENSG00000213799
HGNC:25114	ENSG00000145919
HGNC:25115	ENSG00000168005
HGNC:25116	ENSG00000138606
HGNC:25117	ENSG00000147223
HGNC:25118	ENSG00000154124
HGNC:2512	ENSG00000119326
HGNC:25120	ENSG00000145014
HGNC:25121	ENSG00000270170
HGNC:25122	ENSG00000249087
HGNC:25123	ENSG00000162878
HGNC:25126	ENSG00000145414
HGNC:25127	ENSG00000143889
HGNC:25128	ENSG00000154814
HGNC:25129	ENSG00000149328
HGNC:2513	ENSG00000249026
HGNC:25130	ENSG00000163449
HGNC:25132	ENSG00000145850
HGNC:25133	ENSG00000247626
HGNC:25135	ENSG00000148356
HGNC:25136	ENSG00000257702
HGNC:25137	ENSG00000168936
HGNC:25138	ENSG00000197180
HGNC:25139	ENSG00000139266
HGNC:2514	ENSG00000168036
HGNC:25140	ENSG00000213064
HGNC:25141	ENSG00000258890
HGNC:25142	ENSG00000166352
HGNC:25143	ENSG00000164038
HGNC:25144	ENSG00000145198
HGNC:25145	ENSG00000130487
HGNC:25146	ENSG00000174899
HGNC:25147	ENSG00000166105
HGNC:25148	ENSG00000133477
HGNC:25149	ENSG00000206120
HGNC:2515	ENSG00000198561
HGNC:25150	ENSG00000171813
HGNC:25151	ENSG00000213638
HGNC:25152	ENSG00000142444
HGNC:25153	ENSG00000141971
HGNC:25154	ENSG00000163866
HGNC:25155	ENSG00000241935
HGNC:25156	ENSG00000176476
HGNC:25157	ENSG00000167700
HGNC:25158	ENSG00000166788
HGNC:25159	ENSG00000178343
HGNC:2516	ENSG00000169862
HGNC:25160	ENSG00000198841
HGNC:25161	ENSG00000056487
HGNC:25162	ENSG00000163121
HGNC:25163	ENSG00000168062
HGNC:25164	ENSG00000152475
HGNC:25165	ENSG00000100399
HGNC:25166	ENSG00000176209
HGNC:25167	ENSG00000145107
HGNC:25168	ENSG00000166578
HGNC:25169	ENSG00000158301
HGNC:25171	ENSG00000007080
HGNC:25172	ENSG00000183090
HGNC:25173	ENSG00000156853
HGNC:25174	ENSG00000152240
HGNC:25175	ENSG00000221990
HGNC:25176	ENSG00000243667
HGNC:25177	ENSG00000160606
HGNC:25178	ENSG00000162076
HGNC:25179	ENSG00000171773
HGNC:2518	ENSG00000040531
HGNC:25180	ENSG00000157107
HGNC:25181	ENSG00000163762
HGNC:25183	ENSG00000159374
HGNC:25184	ENSG00000162814
HGNC:25185	ENSG00000100124
HGNC:25186	ENSG00000205090
HGNC:25187	ENSG00000144559
HGNC:25188	ENSG00000151287
HGNC:25189	ENSG00000137760
HGNC:2519	ENSG00000171793
HGNC:25190	ENSG00000163632
HGNC:25191	ENSG00000153237
HGNC:25192	ENSG00000143862
HGNC:25193	ENSG00000143797
HGNC:25194	ENSG00000151715
HGNC:25195	ENSG00000123575
HGNC:25196	ENSG00000161914
HGNC:25197	ENSG00000163040
HGNC:25198	ENSG00000164209
HGNC:25199	ENSG00000148399
HGNC:252	ENSG00000198099
HGNC:2520	ENSG00000047230
HGNC:25200	ENSG00000159208
HGNC:25201	ENSG00000149932
HGNC:25202	ENSG00000156500
HGNC:25203	ENSG00000164983
HGNC:25204	ENSG00000167595
HGNC:25205	ENSG00000165623
HGNC:25206	ENSG00000158552
HGNC:25207	ENSG00000158411
HGNC:25208	ENSG00000142233
HGNC:25209	ENSG00000106772
HGNC:2521	ENSG00000168925
HGNC:25210	ENSG00000150773
HGNC:25213	ENSG00000267454
HGNC:25214	ENSG00000187823
HGNC:25215	ENSG00000197353
HGNC:25216	ENSG00000153310
HGNC:25217	ENSG00000158435
HGNC:2522	ENSG00000168928
HGNC:25220	ENSG00000115649
HGNC:25221	ENSG00000168288
HGNC:25222	ENSG00000068912
HGNC:25223	ENSG00000173085
HGNC:25224	ENSG00000204478
HGNC:25225	ENSG00000105643
HGNC:25226	ENSG00000274349
HGNC:25228	ENSG00000100359
HGNC:25229	ENSG00000083099
HGNC:2523	ENSG00000162438
HGNC:25230	ENSG00000126705
HGNC:25231	ENSG00000058799
HGNC:25232	ENSG00000270629
HGNC:25233	ENSG00000001461
HGNC:25234	ENSG00000117616
HGNC:25235	ENSG00000101928
HGNC:25236	ENSG00000082497
HGNC:25237	ENSG00000125827
HGNC:25238	ENSG00000198168
HGNC:25239	ENSG00000164291
HGNC:2524	ENSG00000141086
HGNC:25240	ENSG00000177119
HGNC:25241	ENSG00000179152
HGNC:25242	ENSG00000103226
HGNC:25243	ENSG00000099338
HGNC:25244	ENSG00000284862
HGNC:25245	ENSG00000143452
HGNC:25246	ENSG00000124074
HGNC:25247	ENSG00000171811
HGNC:25248	ENSG00000103196
HGNC:25249	ENSG00000121988
HGNC:25250	ENSG00000159322
HGNC:25251	ENSG00000114473
HGNC:25252	ENSG00000178075
HGNC:25255	ENSG00000162621
HGNC:25257	ENSG00000151353
HGNC:25259	ENSG00000065413
HGNC:25262	ENSG00000215910
HGNC:25265	ENSG00000033030
HGNC:25266	ENSG00000120696
HGNC:25267	ENSG00000152076
HGNC:25268	ENSG00000178878
HGNC:2527	ENSG00000164733
HGNC:25270	ENSG00000214081
HGNC:25272	ENSG00000104731
HGNC:25274	ENSG00000138813
HGNC:25275	ENSG00000221843
HGNC:25276	ENSG00000129317
HGNC:25278	ENSG00000180043
HGNC:25279	ENSG00000230923
HGNC:2528	ENSG00000109861
HGNC:25280	ENSG00000204815
HGNC:25281	ENSG00000178229
HGNC:25282	ENSG00000136830
HGNC:25283	ENSG00000260804
HGNC:25284	ENSG00000187583
HGNC:25285	ENSG00000206150
HGNC:25286	ENSG00000073598
HGNC:25287	ENSG00000164187
HGNC:25288	ENSG00000268471
HGNC:25289	ENSG00000159625
HGNC:2529	ENSG00000117984
HGNC:25292	ENSG00000196757
HGNC:25294	ENSG00000118156
HGNC:25295	ENSG00000149926
HGNC:25296	ENSG00000135436
HGNC:25297	ENSG00000183496
HGNC:253	ENSG00000197894
HGNC:2530	ENSG00000196188
HGNC:25300	ENSG00000099364
HGNC:25301	ENSG00000198173
HGNC:25302	ENSG00000088682
HGNC:25303	ENSG00000123171
HGNC:25305	ENSG00000126653
HGNC:25308	ENSG00000139173
HGNC:25309	ENSG00000130695
HGNC:2531	ENSG00000174080
HGNC:25310	ENSG00000105186
HGNC:25311	ENSG00000183598
HGNC:25312	ENSG00000164125
HGNC:25313	ENSG00000151005
HGNC:25315	ENSG00000238105
HGNC:25316	ENSG00000163239
HGNC:25317	ENSG00000226287
HGNC:25318	ENSG00000144199
HGNC:25319	ENSG00000151475
HGNC:2532	ENSG00000100448
HGNC:25320	ENSG00000131379
HGNC:25321	ENSG00000179526
HGNC:25322	ENSG00000133641
HGNC:25323	ENSG00000100068
HGNC:25325	ENSG00000181378
HGNC:25326	ENSG00000129646
HGNC:25328	ENSG00000183629
HGNC:25330	ENSG00000143079
HGNC:25331	ENSG00000171817
HGNC:25332	ENSG00000143633
HGNC:25334	ENSG00000110675
HGNC:25335	ENSG00000167257
HGNC:25338	ENSG00000139200
HGNC:25339	ENSG00000230411
HGNC:25340	ENSG00000165572
HGNC:25341	ENSG00000263961
HGNC:25342	ENSG00000215452
HGNC:25344	ENSG00000042304
HGNC:25345	ENSG00000237887
HGNC:25346	ENSG00000178965
HGNC:2535	ENSG00000103811
HGNC:25352	ENSG00000140548
HGNC:25354	ENSG00000267541
HGNC:25355	ENSG00000196660
HGNC:25356	ENSG00000010072
HGNC:25357	ENSG00000152672
HGNC:25358	ENSG00000120925
HGNC:2536	ENSG00000143387
HGNC:25360	ENSG00000118197
HGNC:25361	ENSG00000138639
HGNC:25363	ENSG00000186501
HGNC:25364	ENSG00000167220
HGNC:25365	ENSG00000113391
HGNC:25366	ENSG00000240021
HGNC:25367	ENSG00000169515
HGNC:25369	ENSG00000221900
HGNC:2537	ENSG00000135047
HGNC:25370	ENSG00000106524
HGNC:25372	ENSG00000138614
HGNC:25373	ENSG00000197872
HGNC:25374	ENSG00000118454
HGNC:25377	ENSG00000177689
HGNC:25378	ENSG00000051009
HGNC:2538	ENSG00000136943
HGNC:25380	ENSG00000152128
HGNC:25382	ENSG00000171202
HGNC:25384	ENSG00000171962
HGNC:25386	ENSG00000174840
HGNC:25387	ENSG00000167216
HGNC:2539	ENSG00000236417
HGNC:25390	ENSG00000250462
HGNC:25391	ENSG00000123572
HGNC:25392	ENSG00000198453
HGNC:25393	ENSG00000240225
HGNC:25394	ENSG00000187033
HGNC:25395	ENSG00000183347
HGNC:25396	ENSG00000150893
HGNC:25397	ENSG00000189308
HGNC:25398	ENSG00000185873
HGNC:2540	ENSG00000266217
HGNC:25400	ENSG00000204382
HGNC:25401	ENSG00000221909
HGNC:25402	ENSG00000068308
HGNC:25403	ENSG00000156876
HGNC:25404	ENSG00000059122
HGNC:25405	ENSG00000181982
HGNC:25406	ENSG00000179195
HGNC:25407	ENSG00000122068
HGNC:25408	ENSG00000133302
HGNC:2541	ENSG00000280913
HGNC:25410	ENSG00000102128
HGNC:25412	ENSG00000118473
HGNC:25413	ENSG00000106868
HGNC:25415	ENSG00000163644
HGNC:25416	ENSG00000087152
HGNC:25417	ENSG00000166111
HGNC:25418	ENSG00000198863
HGNC:25419	ENSG00000169379
HGNC:2542	ENSG00000256043
HGNC:25420	ENSG00000212864
HGNC:25422	ENSG00000127249
HGNC:25424	ENSG00000131732
HGNC:25425	ENSG00000136895
HGNC:25428	ENSG00000120549
HGNC:25429	ENSG00000166448
HGNC:25430	ENSG00000161328
HGNC:25433	ENSG00000174514
HGNC:25434	ENSG00000109771
HGNC:25436	ENSG00000181234
HGNC:25438	ENSG00000275342
HGNC:25439	ENSG00000183597
HGNC:25440	ENSG00000179104
HGNC:25441	ENSG00000180694
HGNC:25442	ENSG00000267080
HGNC:25443	ENSG00000131943
HGNC:25444	ENSG00000123485
HGNC:25445	ENSG00000180998
HGNC:25446	ENSG00000171169
HGNC:25449	ENSG00000183795
HGNC:2545	ENSG00000163131
HGNC:25450	ENSG00000173320
HGNC:25451	ENSG00000214753
HGNC:25452	ENSG00000155099
HGNC:25454	ENSG00000205106
HGNC:25455	ENSG00000158526
HGNC:25457	ENSG00000180354
HGNC:25458	ENSG00000092931
HGNC:25459	ENSG00000006712
HGNC:2546	ENSG00000172543
HGNC:25460	ENSG00000107821
HGNC:25461	ENSG00000110060
HGNC:25462	ENSG00000126391
HGNC:25463	ENSG00000197948
HGNC:25464	ENSG00000168010
HGNC:25465	ENSG00000126882
HGNC:25467	ENSG00000163166
HGNC:25468	ENSG00000174442
HGNC:25469	ENSG00000285410
HGNC:2547	ENSG00000101160
HGNC:25470	ENSG00000143502
HGNC:25471	ENSG00000070540
HGNC:25472	ENSG00000106686
HGNC:25473	ENSG00000114982
HGNC:25474	ENSG00000120658
HGNC:25475	ENSG00000102409
HGNC:25476	ENSG00000106609
HGNC:25477	ENSG00000140543
HGNC:25478	ENSG00000118242
HGNC:25479	ENSG00000214425
HGNC:2548	ENSG00000107611
HGNC:25480	ENSG00000181458
HGNC:25481	ENSG00000100416
HGNC:25482	ENSG00000134884
HGNC:25483	ENSG00000129195
HGNC:25484	ENSG00000162849
HGNC:25485	ENSG00000214255
HGNC:25486	ENSG00000147231
HGNC:25487	ENSG00000141026
HGNC:25488	ENSG00000171729
HGNC:25489	ENSG00000163872
HGNC:2549	ENSG00000149187
HGNC:25490	ENSG00000156795
HGNC:25491	ENSG00000151474
HGNC:25492	ENSG00000179134
HGNC:25493	ENSG00000255423
HGNC:25495	ENSG00000082068
HGNC:25496	ENSG00000105341
HGNC:25498	ENSG00000186280
HGNC:25499	ENSG00000092978
HGNC:255	ENSG00000172955
HGNC:2550	ENSG00000048740
HGNC:25500	ENSG00000172123
HGNC:25501	ENSG00000160058
HGNC:25502	ENSG00000122435
HGNC:25503	ENSG00000086589
HGNC:25504	ENSG00000111196
HGNC:25505	ENSG00000111261
HGNC:25507	ENSG00000103043
HGNC:25508	ENSG00000158156
HGNC:25509	ENSG00000088756
HGNC:2551	ENSG00000055130
HGNC:25510	ENSG00000121775
HGNC:25512	ENSG00000134186
HGNC:25513	ENSG00000142751
HGNC:25514	ENSG00000116871
HGNC:25515	ENSG00000101639
HGNC:25516	ENSG00000165801
HGNC:25517	ENSG00000119285
HGNC:25518	ENSG00000105248
HGNC:25519	ENSG00000160746
HGNC:2552	ENSG00000108094
HGNC:25521	ENSG00000068784
HGNC:25522	ENSG00000141499
HGNC:25523	ENSG00000115355
HGNC:25524	ENSG00000146067
HGNC:25525	ENSG00000058804
HGNC:25526	ENSG00000171847
HGNC:25527	ENSG00000163516
HGNC:25528	ENSG00000157191
HGNC:25529	ENSG00000133316
HGNC:2553	ENSG00000036257
HGNC:25530	ENSG00000137814
HGNC:25531	ENSG00000064763
HGNC:25532	ENSG00000107951
HGNC:25533	ENSG00000250929
HGNC:25534	ENSG00000221916
HGNC:25535	ENSG00000095209
HGNC:25536	ENSG00000178149
HGNC:25537	ENSG00000198301
HGNC:25538	ENSG00000117593
HGNC:25539	ENSG00000168411
HGNC:2554	ENSG00000139842
HGNC:25540	ENSG00000074964
HGNC:25541	ENSG00000109133
HGNC:25542	ENSG00000167721
HGNC:25543	ENSG00000144736
HGNC:25544	ENSG00000174579
HGNC:25545	ENSG00000160051
HGNC:25546	ENSG00000113838
HGNC:25547	ENSG00000112877
HGNC:25548	ENSG00000104613
HGNC:25549	ENSG00000283992
HGNC:2555	ENSG00000158290
HGNC:25550	ENSG00000137824
HGNC:25551	ENSG00000167447
HGNC:25552	ENSG00000187147
HGNC:25553	ENSG00000130119
HGNC:25554	ENSG00000114120
HGNC:25555	ENSG00000111785
HGNC:25556	ENSG00000104129
HGNC:25557	ENSG00000132600
HGNC:25558	ENSG00000142694
HGNC:25559	ENSG00000174718
HGNC:2556	ENSG00000166266
HGNC:25560	ENSG00000141425
HGNC:25561	ENSG00000158483
HGNC:25562	ENSG00000008323
HGNC:25563	ENSG00000173065
HGNC:25564	ENSG00000134108
HGNC:25565	ENSG00000000460
HGNC:25566	ENSG00000168137
HGNC:25567	ENSG00000197785
HGNC:25568	ENSG00000140525
HGNC:25569	ENSG00000150776
HGNC:2557	ENSG00000257923
HGNC:25570	ENSG00000007923
HGNC:25571	ENSG00000107021
HGNC:25572	ENSG00000204178
HGNC:25573	ENSG00000162873
HGNC:25574	ENSG00000116525
HGNC:25575	ENSG00000143845
HGNC:25576	ENSG00000213995
HGNC:25577	ENSG00000162437
HGNC:25578	ENSG00000182013
HGNC:25579	ENSG00000182791
HGNC:2558	ENSG00000168329
HGNC:25581	ENSG00000033178
HGNC:25582	ENSG00000103042
HGNC:25583	ENSG00000169126
HGNC:25585	ENSG00000087263
HGNC:25587	ENSG00000164168
HGNC:25588	ENSG00000142494
HGNC:25589	ENSG00000138758
HGNC:2559	ENSG00000154639
HGNC:25590	ENSG00000197444
HGNC:25591	ENSG00000147419
HGNC:25592	ENSG00000104299
HGNC:25593	ENSG00000065600
HGNC:25594	ENSG00000117625
HGNC:25595	ENSG00000240563
HGNC:25596	ENSG00000052841
HGNC:25597	ENSG00000167562
HGNC:25598	ENSG00000198874
HGNC:25599	ENSG00000163362
HGNC:256	ENSG00000196344
HGNC:25600	ENSG00000176142
HGNC:25601	ENSG00000164253
HGNC:25602	ENSG00000144115
HGNC:25603	ENSG00000161558
HGNC:25604	ENSG00000146826
HGNC:25605	ENSG00000139291
HGNC:25606	ENSG00000182257
HGNC:25607	ENSG00000166292
HGNC:25608	ENSG00000141252
HGNC:25609	ENSG00000047346
HGNC:2561	ENSG00000121966
HGNC:25610	ENSG00000172456
HGNC:25611	ENSG00000125633
HGNC:25612	ENSG00000175105
HGNC:25613	ENSG00000095485
HGNC:25615	ENSG00000159708
HGNC:25616	ENSG00000104343
HGNC:25617	ENSG00000089682
HGNC:25618	ENSG00000154274
HGNC:25619	ENSG00000068489
HGNC:25620	ENSG00000088726
HGNC:25621	ENSG00000153093
HGNC:25622	ENSG00000036054
HGNC:25623	ENSG00000167487
HGNC:25624	ENSG00000109680
HGNC:25625	ENSG00000152463
HGNC:25628	ENSG00000168872
HGNC:25629	ENSG00000145569
HGNC:2563	ENSG00000278057
HGNC:25631	ENSG00000206530
HGNC:25632	ENSG00000103381
HGNC:25633	ENSG00000164124
HGNC:25634	ENSG00000136444
HGNC:25635	ENSG00000180917
HGNC:25636	ENSG00000140563
HGNC:25638	ENSG00000198498
HGNC:25639	ENSG00000082213
HGNC:25640	ENSG00000109775
HGNC:25641	ENSG00000184719
HGNC:25642	ENSG00000081019
HGNC:25643	ENSG00000278921
HGNC:25645	ENSG00000136048
HGNC:25646	ENSG00000288596
HGNC:25648	ENSG00000143409
HGNC:25649	ENSG00000130813
HGNC:25650	ENSG00000288569
HGNC:25651	ENSG00000136709
HGNC:25652	ENSG00000041802
HGNC:25653	ENSG00000126226
HGNC:25654	ENSG00000138658
HGNC:25655	ENSG00000176148
HGNC:25656	ENSG00000144827
HGNC:25657	ENSG00000085185
HGNC:25659	ENSG00000215817
HGNC:25660	ENSG00000123607
HGNC:25662	ENSG00000103591
HGNC:25663	ENSG00000164576
HGNC:25666	ENSG00000005238
HGNC:25667	ENSG00000120280
HGNC:25668	ENSG00000162373
HGNC:25669	ENSG00000172000
HGNC:2567	ENSG00000046651
HGNC:25671	ENSG00000136104
HGNC:25673	ENSG00000224383
HGNC:25674	ENSG00000163875
HGNC:25675	ENSG00000176108
HGNC:25676	ENSG00000120370
HGNC:25677	ENSG00000155592
HGNC:25678	ENSG00000034239
HGNC:25679	ENSG00000123395
HGNC:2568	ENSG00000013619
HGNC:25681	ENSG00000164512
HGNC:25682	ENSG00000273018
HGNC:25683	ENSG00000165886
HGNC:25686	ENSG00000127125
HGNC:25687	ENSG00000175575
HGNC:2569	ENSG00000134590
HGNC:25691	ENSG00000144031
HGNC:25692	ENSG00000114654
HGNC:25694	ENSG00000121749
HGNC:25695	ENSG00000134905
HGNC:25697	ENSG00000104518
HGNC:25699	ENSG00000104946
HGNC:257	ENSG00000156110
HGNC:2570	ENSG00000166347
HGNC:25700	ENSG00000141560
HGNC:25701	ENSG00000177200
HGNC:25704	ENSG00000132003
HGNC:25705	ENSG00000100379
HGNC:25706	ENSG00000103091
HGNC:25707	ENSG00000183559
HGNC:25708	ENSG00000133640
HGNC:25709	ENSG00000244378
HGNC:2571	ENSG00000008283
HGNC:25710	ENSG00000267296
HGNC:25712	ENSG00000197121
HGNC:25714	ENSG00000164051
HGNC:25715	ENSG00000116691
HGNC:25716	ENSG00000162377
HGNC:25717	ENSG00000168268
HGNC:25718	ENSG00000153395
HGNC:25719	ENSG00000157895
HGNC:25720	ENSG00000198746
HGNC:25721	ENSG00000103599
HGNC:25722	ENSG00000181026
HGNC:25723	ENSG00000143494
HGNC:25724	ENSG00000081692
HGNC:25725	ENSG00000115368
HGNC:25726	ENSG00000001497
HGNC:25727	ENSG00000101624
HGNC:2573	ENSG00000214369
HGNC:25730	ENSG00000103852
HGNC:25731	ENSG00000187715
HGNC:25732	ENSG00000183655
HGNC:25733	ENSG00000215032
HGNC:25734	ENSG00000049883
HGNC:25735	ENSG00000197415
HGNC:25736	ENSG00000188295
HGNC:25737	ENSG00000187736
HGNC:2574	ENSG00000258595
HGNC:25740	ENSG00000148019
HGNC:25741	ENSG00000198093
HGNC:25742	ENSG00000129680
HGNC:25743	ENSG00000084628
HGNC:25744	ENSG00000174574
HGNC:25745	ENSG00000143319
HGNC:25748	ENSG00000188917
HGNC:25749	ENSG00000103047
HGNC:2575	ENSG00000213882
HGNC:25751	ENSG00000168538
HGNC:25752	ENSG00000176208
HGNC:25753	ENSG00000180834
HGNC:25754	ENSG00000139722
HGNC:25755	ENSG00000087995
HGNC:25756	ENSG00000158882
HGNC:25758	ENSG00000164338
HGNC:25759	ENSG00000115282
HGNC:2576	ENSG00000257503
HGNC:25760	ENSG00000177352
HGNC:25761	ENSG00000186063
HGNC:25762	ENSG00000090432
HGNC:25763	ENSG00000105771
HGNC:25764	ENSG00000178966
HGNC:25766	ENSG00000175455
HGNC:25768	ENSG00000116497
HGNC:25769	ENSG00000129347
HGNC:2577	ENSG00000051523
HGNC:25770	ENSG00000005448
HGNC:25771	ENSG00000151576
HGNC:25772	ENSG00000125962
HGNC:25773	ENSG00000092470
HGNC:25774	ENSG00000168778
HGNC:25775	ENSG00000242779
HGNC:25777	ENSG00000181827
HGNC:25778	ENSG00000103248
HGNC:2578	ENSG00000165168
HGNC:25781	ENSG00000140691
HGNC:25782	ENSG00000197771
HGNC:25783	ENSG00000111300
HGNC:25784	ENSG00000115827
HGNC:25786	ENSG00000068615
HGNC:25787	ENSG00000102901
HGNC:25788	ENSG00000120029
HGNC:25789	ENSG00000140598
HGNC:2579	ENSG00000179091
HGNC:25790	ENSG00000215251
HGNC:25791	ENSG00000122484
HGNC:25792	ENSG00000103005
HGNC:25793	ENSG00000204138
HGNC:25794	ENSG00000165669
HGNC:25796	ENSG00000231160
HGNC:25798	ENSG00000149548
HGNC:25799	ENSG00000151806
HGNC:2580	ENSG00000278678
HGNC:25801	ENSG00000197603
HGNC:25802	ENSG00000178401
HGNC:25804	ENSG00000133678
HGNC:25805	ENSG00000105219
HGNC:25806	ENSG00000138780
HGNC:25807	ENSG00000103061
HGNC:25808	ENSG00000170264
HGNC:2581	ENSG00000224524
HGNC:25810	ENSG00000260339
HGNC:25811	ENSG00000236017
HGNC:25812	ENSG00000128039
HGNC:25813	ENSG00000254838
HGNC:25815	ENSG00000182923
HGNC:25816	ENSG00000115363
HGNC:25817	ENSG00000083223
HGNC:25818	ENSG00000028310
HGNC:25819	ENSG00000115520
HGNC:2582	ENSG00000183035
HGNC:25820	ENSG00000162378
HGNC:25821	ENSG00000167394
HGNC:25822	ENSG00000119965
HGNC:25823	ENSG00000111325
HGNC:25824	ENSG00000105137
HGNC:25826	ENSG00000146802
HGNC:25827	ENSG00000176024
HGNC:25828	ENSG00000113597
HGNC:25829	ENSG00000163322
HGNC:2583	ENSG00000155833
HGNC:25832	ENSG00000102796
HGNC:25833	ENSG00000176714
HGNC:25834	ENSG00000120159
HGNC:25835	ENSG00000187720
HGNC:25836	ENSG00000039523
HGNC:25839	ENSG00000158055
HGNC:2584	ENSG00000083799
HGNC:25840	ENSG00000155666
HGNC:25841	ENSG00000097096
HGNC:25842	ENSG00000143512
HGNC:25843	ENSG00000141579
HGNC:25844	ENSG00000165061
HGNC:25845	ENSG00000110583
HGNC:25846	ENSG00000104524
HGNC:25847	ENSG00000159202
HGNC:25848	ENSG00000140688
HGNC:25849	ENSG00000162062
HGNC:25850	ENSG00000153561
HGNC:25851	ENSG00000181938
HGNC:25852	ENSG00000116151
HGNC:25853	ENSG00000197557
HGNC:25854	ENSG00000104361
HGNC:25856	ENSG00000123600
HGNC:25857	ENSG00000179299
HGNC:25858	ENSG00000104231
HGNC:2586	ENSG00000106665
HGNC:25860	ENSG00000197245
HGNC:25862	ENSG00000115761
HGNC:25864	ENSG00000126950
HGNC:25866	ENSG00000147113
HGNC:25872	ENSG00000185730
HGNC:25873	ENSG00000162817
HGNC:25874	ENSG00000118855
HGNC:25875	ENSG00000122390
HGNC:25876	ENSG00000135083
HGNC:25878	ENSG00000135362
HGNC:25879	ENSG00000166704
HGNC:2588	ENSG00000240194
HGNC:25880	ENSG00000120055
HGNC:25881	ENSG00000164031
HGNC:25883	ENSG00000183779
HGNC:25885	ENSG00000197497
HGNC:25886	ENSG00000152082
HGNC:25888	ENSG00000099910
HGNC:25889	ENSG00000135637
HGNC:2589	ENSG00000235511
HGNC:25890	ENSG00000149582
HGNC:25891	ENSG00000145439
HGNC:25892	ENSG00000186094
HGNC:25893	ENSG00000135482
HGNC:25894	ENSG00000144026
HGNC:25895	ENSG00000178685
HGNC:25896	ENSG00000276045
HGNC:25897	ENSG00000168389
HGNC:25898	ENSG00000165526
HGNC:25899	ENSG00000184368
HGNC:259	ENSG00000148926
HGNC:2590	ENSG00000140459
HGNC:25900	ENSG00000119280
HGNC:25901	ENSG00000169129
HGNC:25902	ENSG00000144647
HGNC:25903	ENSG00000138138
HGNC:25904	ENSG00000125247
HGNC:25905	ENSG00000135119
HGNC:25906	ENSG00000176953
HGNC:25907	ENSG00000121289
HGNC:25909	ENSG00000137135
HGNC:2591	ENSG00000160882
HGNC:25911	ENSG00000035141
HGNC:25913	ENSG00000153214
HGNC:25915	ENSG00000139438
HGNC:25916	ENSG00000143093
HGNC:25917	ENSG00000179943
HGNC:25918	ENSG00000133193
HGNC:25919	ENSG00000186017
HGNC:2592	ENSG00000179142
HGNC:25920	ENSG00000167778
HGNC:25922	ENSG00000130720
HGNC:25923	ENSG00000280409
HGNC:25924	ENSG00000189376
HGNC:25925	ENSG00000139405
HGNC:25926	ENSG00000102802
HGNC:25928	ENSG00000177082
HGNC:25929	ENSG00000143194
HGNC:2593	ENSG00000148795
HGNC:25930	ENSG00000134748
HGNC:25931	ENSG00000128849
HGNC:25932	ENSG00000223547
HGNC:25934	ENSG00000008382
HGNC:25935	ENSG00000107672
HGNC:25937	ENSG00000180425
HGNC:25939	ENSG00000196544
HGNC:2594	ENSG00000137869
HGNC:25941	ENSG00000168769
HGNC:25942	ENSG00000137628
HGNC:25944	ENSG00000130772
HGNC:25945	ENSG00000185305
HGNC:25947	ENSG00000114796
HGNC:25948	ENSG00000147874
HGNC:25949	ENSG00000083828
HGNC:2595	ENSG00000140465
HGNC:25950	ENSG00000171466
HGNC:25951	ENSG00000119844
HGNC:25952	ENSG00000011478
HGNC:25953	ENSG00000137871
HGNC:25954	ENSG00000155329
HGNC:25955	ENSG00000056277
HGNC:25956	ENSG00000004766
HGNC:25959	ENSG00000145723
HGNC:2596	ENSG00000140505
HGNC:25960	ENSG00000198088
HGNC:25964	ENSG00000154153
HGNC:25965	ENSG00000137821
HGNC:25966	ENSG00000104413
HGNC:25967	ENSG00000072858
HGNC:25968	ENSG00000236699
HGNC:25969	ENSG00000140995
HGNC:2597	ENSG00000138061
HGNC:25970	ENSG00000168876
HGNC:25971	ENSG00000120314
HGNC:25972	ENSG00000105523
HGNC:25973	ENSG00000116580
HGNC:25974	ENSG00000130055
HGNC:25976	ENSG00000163832
HGNC:25978	ENSG00000178828
HGNC:25979	ENSG00000100335
HGNC:25980	ENSG00000104907
HGNC:25981	ENSG00000198113
HGNC:25982	ENSG00000160818
HGNC:25983	ENSG00000119777
HGNC:25984	ENSG00000109066
HGNC:25985	ENSG00000174227
HGNC:25986	ENSG00000018699
HGNC:25987	ENSG00000163257
HGNC:25988	ENSG00000136891
HGNC:25989	ENSG00000273559
HGNC:2599	ENSG00000204338
HGNC:25990	ENSG00000110497
HGNC:25991	ENSG00000042445
HGNC:25993	ENSG00000148123
HGNC:25994	ENSG00000037474
HGNC:25996	ENSG00000091542
HGNC:25997	ENSG00000114933
HGNC:25999	ENSG00000166912
HGNC:2600	ENSG00000231852
HGNC:26001	ENSG00000040487
HGNC:26002	ENSG00000130940
HGNC:26004	ENSG00000066557
HGNC:26005	ENSG00000122188
HGNC:26006	ENSG00000011295
HGNC:26007	ENSG00000147121
HGNC:26009	ENSG00000125089
HGNC:26010	ENSG00000040275
HGNC:26011	ENSG00000147642
HGNC:26013	ENSG00000164818
HGNC:26014	ENSG00000167264
HGNC:26015	ENSG00000214289
HGNC:26016	ENSG00000203896
HGNC:26019	ENSG00000104331
HGNC:2602	ENSG00000019186
HGNC:26020	ENSG00000064545
HGNC:26021	ENSG00000145220
HGNC:26022	ENSG00000174173
HGNC:26023	ENSG00000187609
HGNC:26024	ENSG00000139620
HGNC:26025	ENSG00000198060
HGNC:26026	ENSG00000120669
HGNC:26027	ENSG00000140365
HGNC:26029	ENSG00000213888
HGNC:2603	ENSG00000095596
HGNC:26031	ENSG00000060642
HGNC:26032	ENSG00000087253
HGNC:26033	ENSG00000091127
HGNC:26034	ENSG00000167985
HGNC:26035	ENSG00000211584
HGNC:26036	ENSG00000169019
HGNC:26038	ENSG00000135956
HGNC:26039	ENSG00000116922
HGNC:26040	ENSG00000138617
HGNC:26041	ENSG00000140830
HGNC:26042	ENSG00000130748
HGNC:26043	ENSG00000109205
HGNC:26044	ENSG00000046647
HGNC:26045	ENSG00000143443
HGNC:26046	ENSG00000163964
HGNC:26047	ENSG00000169551
HGNC:26048	ENSG00000164941
HGNC:26049	ENSG00000171163
HGNC:2605	ENSG00000135929
HGNC:26050	ENSG00000175606
HGNC:26051	ENSG00000056050
HGNC:26052	ENSG00000127054
HGNC:26053	ENSG00000113272
HGNC:26054	ENSG00000144659
HGNC:26055	ENSG00000213699
HGNC:26056	ENSG00000115998
HGNC:26057	ENSG00000106733
HGNC:26058	ENSG00000196976
HGNC:26059	ENSG00000162384
HGNC:2606	ENSG00000111012
HGNC:26060	ENSG00000183549
HGNC:26061	ENSG00000198146
HGNC:26062	ENSG00000131591
HGNC:26063	ENSG00000151093
HGNC:26064	ENSG00000117791
HGNC:26065	ENSG00000088992
HGNC:26066	ENSG00000253352
HGNC:26067	ENSG00000006555
HGNC:26068	ENSG00000149357
HGNC:26069	ENSG00000199001
HGNC:26070	ENSG00000171103
HGNC:26072	ENSG00000138642
HGNC:26073	ENSG00000228300
HGNC:26074	ENSG00000185480
HGNC:26075	ENSG00000104872
HGNC:26076	ENSG00000005059
HGNC:26077	ENSG00000145416
HGNC:26078	ENSG00000176834
HGNC:26079	ENSG00000137145
HGNC:2608	ENSG00000197838
HGNC:26080	ENSG00000167117
HGNC:26082	ENSG00000075234
HGNC:26084	ENSG00000153823
HGNC:26086	ENSG00000125355
HGNC:26087	ENSG00000155393
HGNC:26088	ENSG00000219481
HGNC:26089	ENSG00000117174
HGNC:26090	ENSG00000141519
HGNC:26091	ENSG00000183665
HGNC:26094	ENSG00000198960
HGNC:26097	ENSG00000167987
HGNC:26098	ENSG00000006015
HGNC:26099	ENSG00000071205
HGNC:2610	ENSG00000255974
HGNC:26101	ENSG00000167107
HGNC:26102	ENSG00000104611
HGNC:26103	ENSG00000186409
HGNC:26104	ENSG00000182307
HGNC:26105	ENSG00000068137
HGNC:26107	ENSG00000105792
HGNC:26108	ENSG00000115295
HGNC:2611	ENSG00000198077
HGNC:26110	ENSG00000197798
HGNC:26111	ENSG00000164074
HGNC:26112	ENSG00000215012
HGNC:26113	ENSG00000204852
HGNC:26114	ENSG00000179151
HGNC:26115	ENSG00000164002
HGNC:26116	ENSG00000103037
HGNC:26117	ENSG00000126107
HGNC:26118	ENSG00000164114
HGNC:26119	ENSG00000052723
HGNC:2612	ENSG00000213908
HGNC:26120	ENSG00000101546
HGNC:26121	ENSG00000133142
HGNC:26124	ENSG00000151883
HGNC:26125	ENSG00000006282
HGNC:26128	ENSG00000111412
HGNC:26129	ENSG00000105122
HGNC:2613	ENSG00000198251
HGNC:26131	ENSG00000113303
HGNC:26133	ENSG00000109182
HGNC:26135	ENSG00000178935
HGNC:26136	ENSG00000141441
HGNC:26137	ENSG00000147421
HGNC:26138	ENSG00000198939
HGNC:26139	ENSG00000151881
HGNC:26141	ENSG00000105072
HGNC:26142	ENSG00000172663
HGNC:26144	ENSG00000083093
HGNC:26145	ENSG00000118961
HGNC:26146	ENSG00000118096
HGNC:26147	ENSG00000084693
HGNC:26148	ENSG00000140577
HGNC:26149	ENSG00000198142
HGNC:2615	ENSG00000197408
HGNC:26150	ENSG00000138399
HGNC:26151	ENSG00000005175
HGNC:26152	ENSG00000103067
HGNC:26153	ENSG00000143624
HGNC:26154	ENSG00000060749
HGNC:26157	ENSG00000163026
HGNC:26158	ENSG00000115459
HGNC:26159	ENSG00000106034
HGNC:2616	ENSG00000256612
HGNC:26160	ENSG00000185875
HGNC:26161	ENSG00000262246
HGNC:26162	ENSG00000121350
HGNC:26164	ENSG00000172766
HGNC:26165	ENSG00000177023
HGNC:26166	ENSG00000105732
HGNC:26167	ENSG00000166575
HGNC:26168	ENSG00000125449
HGNC:26169	ENSG00000178971
HGNC:26170	ENSG00000288547
HGNC:26171	ENSG00000185504
HGNC:26172	ENSG00000183248
HGNC:26174	ENSG00000181396
HGNC:26175	ENSG00000089060
HGNC:26176	ENSG00000168476
HGNC:26177	ENSG00000169026
HGNC:26178	ENSG00000134775
HGNC:26179	ENSG00000171161
HGNC:26181	ENSG00000145916
HGNC:26182	ENSG00000130309
HGNC:26183	ENSG00000175471
HGNC:26184	ENSG00000149016
HGNC:26185	ENSG00000100147
HGNC:26186	ENSG00000126106
HGNC:26188	ENSG00000122490
HGNC:26189	ENSG00000186205
HGNC:26190	ENSG00000163719
HGNC:26191	ENSG00000151789
HGNC:26192	ENSG00000162777
HGNC:26193	ENSG00000104218
HGNC:26194	ENSG00000275074
HGNC:26195	ENSG00000132321
HGNC:26196	ENSG00000138111
HGNC:26197	ENSG00000173715
HGNC:26198	ENSG00000162972
HGNC:26199	ENSG00000134152
HGNC:262	ENSG00000163485
HGNC:2620	ENSG00000108242
HGNC:26200	ENSG00000107960
HGNC:26202	ENSG00000278619
HGNC:26203	ENSG00000128298
HGNC:26204	ENSG00000143643
HGNC:26208	ENSG00000178694
HGNC:26209	ENSG00000147905
HGNC:2621	ENSG00000165841
HGNC:26210	ENSG00000142102
HGNC:26211	ENSG00000225880
HGNC:26212	ENSG00000129128
HGNC:26213	ENSG00000111404
HGNC:26215	ENSG00000121316
HGNC:26216	ENSG00000172478
HGNC:26217	ENSG00000157600
HGNC:26219	ENSG00000010361
HGNC:2622	ENSG00000138115
HGNC:26220	ENSG00000140451
HGNC:26221	ENSG00000099330
HGNC:26222	ENSG00000197601
HGNC:26223	ENSG00000172171
HGNC:26224	ENSG00000124019
HGNC:26225	ENSG00000205744
HGNC:26226	ENSG00000173673
HGNC:26227	ENSG00000255544
HGNC:26228	ENSG00000127720
HGNC:26229	ENSG00000255769
HGNC:2623	ENSG00000138109
HGNC:26230	ENSG00000168955
HGNC:26232	ENSG00000173559
HGNC:26233	ENSG00000183690
HGNC:26234	ENSG00000278259
HGNC:26235	ENSG00000166797
HGNC:26236	ENSG00000214193
HGNC:26237	ENSG00000268916
HGNC:26238	ENSG00000172992
HGNC:26239	ENSG00000018610
HGNC:2624	ENSG00000205702
HGNC:26242	ENSG00000137941
HGNC:26244	ENSG00000182504
HGNC:26245	ENSG00000169064
HGNC:26249	ENSG00000176601
HGNC:2625	ENSG00000100197
HGNC:26250	ENSG00000260389
HGNC:26252	ENSG00000152763
HGNC:26253	ENSG00000197056
HGNC:26255	ENSG00000114529
HGNC:26256	ENSG00000173376
HGNC:26257	ENSG00000186862
HGNC:26258	ENSG00000118292
HGNC:26259	ENSG00000163874
HGNC:26260	ENSG00000121895
HGNC:26261	ENSG00000114248
HGNC:26262	ENSG00000129696
HGNC:26264	ENSG00000100350
HGNC:26265	ENSG00000162408
HGNC:26266	ENSG00000120458
HGNC:26267	ENSG00000185900
HGNC:26269	ENSG00000137842
HGNC:26270	ENSG00000154864
HGNC:26272	ENSG00000171017
HGNC:26273	ENSG00000169957
HGNC:26274	ENSG00000137513
HGNC:26275	ENSG00000132000
HGNC:26276	ENSG00000143919
HGNC:26277	ENSG00000163154
HGNC:26278	ENSG00000063241
HGNC:26279	ENSG00000083814
HGNC:2628	ENSG00000226450
HGNC:26281	ENSG00000149201
HGNC:26282	ENSG00000149231
HGNC:26285	ENSG00000148735
HGNC:26286	ENSG00000180801
HGNC:26287	ENSG00000117501
HGNC:26288	ENSG00000109944
HGNC:26291	ENSG00000179941
HGNC:26292	ENSG00000164181
HGNC:26293	ENSG00000152582
HGNC:26294	ENSG00000184208
HGNC:26295	ENSG00000150636
HGNC:26296	ENSG00000165923
HGNC:26299	ENSG00000156463
HGNC:263	ENSG00000128271
HGNC:26300	ENSG00000174792
HGNC:26301	ENSG00000175147
HGNC:26302	ENSG00000154359
HGNC:26303	ENSG00000155893
HGNC:26305	ENSG00000196967
HGNC:26306	ENSG00000176853
HGNC:26307	ENSG00000169660
HGNC:26308	ENSG00000128536
HGNC:26309	ENSG00000165644
HGNC:2631	ENSG00000130649
HGNC:26310	ENSG00000144445
HGNC:26313	ENSG00000171790
HGNC:26314	ENSG00000167524
HGNC:26315	ENSG00000182272
HGNC:26316	ENSG00000166268
HGNC:26317	ENSG00000148950
HGNC:26318	ENSG00000171984
HGNC:26319	ENSG00000162757
HGNC:2632	ENSG00000197446
HGNC:26320	ENSG00000156671
HGNC:26321	ENSG00000244617
HGNC:26323	ENSG00000198483
HGNC:26324	ENSG00000150873
HGNC:26327	ENSG00000204650
HGNC:26328	ENSG00000165066
HGNC:26329	ENSG00000203761
HGNC:2633	ENSG00000130612
HGNC:26330	ENSG00000163576
HGNC:26331	ENSG00000204361
HGNC:26332	ENSG00000144331
HGNC:26333	ENSG00000151304
HGNC:26334	ENSG00000167459
HGNC:26335	ENSG00000153347
HGNC:26336	ENSG00000103023
HGNC:26337	ENSG00000198633
HGNC:26338	ENSG00000134668
HGNC:2634	ENSG00000134716
HGNC:26340	ENSG00000138152
HGNC:26341	ENSG00000172073
HGNC:26342	ENSG00000164123
HGNC:26343	ENSG00000196243
HGNC:26344	ENSG00000165325
HGNC:26345	ENSG00000164743
HGNC:26346	ENSG00000167194
HGNC:26347	ENSG00000205609
HGNC:26348	ENSG00000140623
HGNC:26349	ENSG00000184361
HGNC:26350	ENSG00000151687
HGNC:26351	ENSG00000165490
HGNC:26352	ENSG00000176177
HGNC:26353	ENSG00000164188
HGNC:26354	ENSG00000162543
HGNC:26355	ENSG00000205838
HGNC:26356	ENSG00000165182
HGNC:26358	ENSG00000244607
HGNC:26359	ENSG00000147485
HGNC:26360	ENSG00000165566
HGNC:26361	ENSG00000165478
HGNC:26363	ENSG00000198720
HGNC:26364	ENSG00000221949
HGNC:26366	ENSG00000177558
HGNC:26367	ENSG00000248483
HGNC:26368	ENSG00000178460
HGNC:2637	ENSG00000160868
HGNC:26370	ENSG00000178412
HGNC:26371	ENSG00000175809
HGNC:26372	ENSG00000176988
HGNC:26373	ENSG00000166450
HGNC:26374	ENSG00000163749
HGNC:26375	ENSG00000176605
HGNC:26378	ENSG00000179046
HGNC:26379	ENSG00000172421
HGNC:2638	ENSG00000106258
HGNC:26383	ENSG00000123977
HGNC:26384	ENSG00000152580
HGNC:26385	ENSG00000197734
HGNC:26386	ENSG00000162073
HGNC:26387	ENSG00000139737
HGNC:26388	ENSG00000147256
HGNC:26390	ENSG00000251359
HGNC:26391	ENSG00000170417
HGNC:26392	ENSG00000165186
HGNC:26393	ENSG00000174403
HGNC:26395	ENSG00000174521
HGNC:26397	ENSG00000159871
HGNC:26398	ENSG00000183773
HGNC:26399	ENSG00000260372
HGNC:264	ENSG00000170425
HGNC:2640	ENSG00000160870
HGNC:26400	ENSG00000162639
HGNC:26401	ENSG00000152939
HGNC:26402	ENSG00000162944
HGNC:26403	ENSG00000232044
HGNC:26404	ENSG00000152620
HGNC:26406	ENSG00000151466
HGNC:26407	ENSG00000161654
HGNC:26408	ENSG00000153896
HGNC:26409	ENSG00000164841
HGNC:2641	ENSG00000036530
HGNC:26411	ENSG00000165259
HGNC:26413	ENSG00000150510
HGNC:26416	ENSG00000171827
HGNC:26417	ENSG00000163053
HGNC:2642	ENSG00000187048
HGNC:26420	ENSG00000189144
HGNC:26421	ENSG00000018869
HGNC:26422	ENSG00000167785
HGNC:26423	ENSG00000172803
HGNC:26424	ENSG00000137878
HGNC:26425	ENSG00000196659
HGNC:26427	ENSG00000198440
HGNC:26428	ENSG00000162585
HGNC:26429	ENSG00000181381
HGNC:26430	ENSG00000166130
HGNC:26431	ENSG00000162746
HGNC:26432	ENSG00000152433
HGNC:26433	ENSG00000146007
HGNC:26434	ENSG00000174928
HGNC:26435	ENSG00000133393
HGNC:26436	ENSG00000183784
HGNC:26437	ENSG00000171045
HGNC:26438	ENSG00000165685
HGNC:26439	ENSG00000180638
HGNC:2644	ENSG00000142973
HGNC:26440	ENSG00000165591
HGNC:26441	ENSG00000164363
HGNC:26442	ENSG00000198585
HGNC:26443	ENSG00000232149
HGNC:26444	ENSG00000159650
HGNC:26445	ENSG00000257621
HGNC:26446	ENSG00000155729
HGNC:26447	ENSG00000279020
HGNC:26449	ENSG00000258405
HGNC:2645	ENSG00000186115
HGNC:26452	ENSG00000185090
HGNC:26453	ENSG00000162994
HGNC:26454	ENSG00000165275
HGNC:26455	ENSG00000259527
HGNC:26456	ENSG00000188596
HGNC:26457	ENSG00000196172
HGNC:26458	ENSG00000167302
HGNC:26459	ENSG00000159398
HGNC:2646	ENSG00000186529
HGNC:26460	ENSG00000152969
HGNC:26461	ENSG00000133519
HGNC:26462	ENSG00000240891
HGNC:26463	ENSG00000167523
HGNC:26464	ENSG00000165105
HGNC:26465	ENSG00000185728
HGNC:26466	ENSG00000250486
HGNC:26467	ENSG00000163528
HGNC:26469	ENSG00000270194
HGNC:2647	ENSG00000228314
HGNC:26470	ENSG00000165633
HGNC:26472	ENSG00000180329
HGNC:26475	ENSG00000164603
HGNC:26477	ENSG00000152078
HGNC:26478	ENSG00000151773
HGNC:26479	ENSG00000170100
HGNC:2648	ENSG00000186526
HGNC:26480	ENSG00000182352
HGNC:26481	ENSG00000154760
HGNC:26483	ENSG00000151948
HGNC:26484	ENSG00000198028
HGNC:26485	ENSG00000243710
HGNC:26486	ENSG00000162852
HGNC:26487	ENSG00000167992
HGNC:26488	ENSG00000162456
HGNC:26489	ENSG00000170006
HGNC:2649	ENSG00000001630
HGNC:26490	ENSG00000225953
HGNC:26491	ENSG00000214174
HGNC:26494	ENSG00000116205
HGNC:26495	ENSG00000139055
HGNC:26496	ENSG00000197162
HGNC:26498	ENSG00000163795
HGNC:265	ENSG00000236136
HGNC:26501	ENSG00000269526
HGNC:26502	ENSG00000261713
HGNC:26504	ENSG00000273540
HGNC:26505	ENSG00000162927
HGNC:26506	ENSG00000164088
HGNC:26507	ENSG00000140254
HGNC:26508	ENSG00000152404
HGNC:26509	ENSG00000198324
HGNC:2651	ENSG00000167910
HGNC:26510	ENSG00000167904
HGNC:26511	ENSG00000004776
HGNC:26512	ENSG00000162819
HGNC:26513	ENSG00000156831
HGNC:26514	ENSG00000163081
HGNC:26515	ENSG00000135469
HGNC:26516	ENSG00000182224
HGNC:26517	ENSG00000174206
HGNC:26518	ENSG00000162877
HGNC:26519	ENSG00000236499
HGNC:2652	ENSG00000172817
HGNC:26520	ENSG00000161609
HGNC:26521	ENSG00000167210
HGNC:26522	ENSG00000180423
HGNC:26523	ENSG00000165837
HGNC:26524	ENSG00000205791
HGNC:26525	ENSG00000166455
HGNC:26526	ENSG00000165695
HGNC:26527	ENSG00000165102
HGNC:26528	ENSG00000161973
HGNC:2653	ENSG00000180432
HGNC:26530	ENSG00000172361
HGNC:26531	ENSG00000163006
HGNC:26532	ENSG00000179532
HGNC:26533	ENSG00000216937
HGNC:26534	ENSG00000253868
HGNC:26535	ENSG00000165181
HGNC:26536	ENSG00000167094
HGNC:26537	ENSG00000158423
HGNC:26538	ENSG00000158816
HGNC:26539	ENSG00000163357
HGNC:2654	ENSG00000142871
HGNC:26541	ENSG00000162771
HGNC:26542	ENSG00000150054
HGNC:26543	ENSG00000166262
HGNC:26545	ENSG00000165895
HGNC:26546	ENSG00000162592
HGNC:26548	ENSG00000270379
HGNC:26549	ENSG00000183643
HGNC:26550	ENSG00000196427
HGNC:26551	ENSG00000158163
HGNC:26552	ENSG00000140481
HGNC:26553	ENSG00000163424
HGNC:26554	ENSG00000153060
HGNC:26555	ENSG00000175513
HGNC:26556	ENSG00000160838
HGNC:26557	ENSG00000197503
HGNC:26558	ENSG00000198331
HGNC:26559	ENSG00000155256
HGNC:26560	ENSG00000105479
HGNC:26561	ENSG00000188785
HGNC:26562	ENSG00000163354
HGNC:26563	ENSG00000154493
HGNC:26564	ENSG00000162779
HGNC:26565	ENSG00000170627
HGNC:26567	ENSG00000115841
HGNC:26570	ENSG00000162843
HGNC:26571	ENSG00000183060
HGNC:26572	ENSG00000165071
HGNC:26573	ENSG00000167981
HGNC:26574	ENSG00000159588
HGNC:26575	ENSG00000164306
HGNC:26576	ENSG00000174611
HGNC:26579	ENSG00000167105
HGNC:26582	ENSG00000144406
HGNC:26583	ENSG00000157502
HGNC:26585	ENSG00000188011
HGNC:26586	ENSG00000215162
HGNC:26587	ENSG00000174776
HGNC:26588	ENSG00000175857
HGNC:26591	ENSG00000163704
HGNC:26592	ENSG00000198547
HGNC:26593	ENSG00000216863
HGNC:26594	ENSG00000175920
HGNC:26595	ENSG00000168234
HGNC:26596	ENSG00000212766
HGNC:26597	ENSG00000149243
HGNC:26598	ENSG00000180861
HGNC:26599	ENSG00000159873
HGNC:26600	ENSG00000167716
HGNC:26601	ENSG00000176659
HGNC:26602	ENSG00000185684
HGNC:26604	ENSG00000142632
HGNC:26605	ENSG00000265574
HGNC:26606	ENSG00000169519
HGNC:26607	ENSG00000176273
HGNC:26609	ENSG00000215196
HGNC:2661	ENSG00000173406
HGNC:26611	ENSG00000173064
HGNC:26614	ENSG00000139645
HGNC:26616	ENSG00000177225
HGNC:26617	ENSG00000168404
HGNC:26618	ENSG00000186364
HGNC:2662	ENSG00000153071
HGNC:26620	ENSG00000155761
HGNC:26623	ENSG00000186889
HGNC:26624	ENSG00000175707
HGNC:26625	ENSG00000145626
HGNC:26628	ENSG00000178977
HGNC:26629	ENSG00000172006
HGNC:2663	ENSG00000276644
HGNC:26630	ENSG00000248874
HGNC:26632	ENSG00000121406
HGNC:26633	ENSG00000172716
HGNC:26634	ENSG00000185915
HGNC:26635	ENSG00000174839
HGNC:26636	ENSG00000177311
HGNC:26638	ENSG00000173928
HGNC:26639	ENSG00000173950
HGNC:2664	ENSG00000129562
HGNC:26640	ENSG00000173818
HGNC:26641	ENSG00000179954
HGNC:26643	ENSG00000143751
HGNC:26644	ENSG00000216560
HGNC:26645	ENSG00000214922
HGNC:26646	ENSG00000218891
HGNC:26647	ENSG00000180869
HGNC:26648	ENSG00000181004
HGNC:26649	ENSG00000185905
HGNC:2665	ENSG00000196352
HGNC:26652	ENSG00000181171
HGNC:26653	ENSG00000155275
HGNC:26654	ENSG00000178395
HGNC:26655	ENSG00000173838
HGNC:26656	ENSG00000185156
HGNC:26657	ENSG00000176566
HGNC:26658	ENSG00000152359
HGNC:26659	ENSG00000189132
HGNC:2666	ENSG00000173402
HGNC:26660	ENSG00000277561
HGNC:26661	ENSG00000163961
HGNC:26662	ENSG00000235989
HGNC:26663	ENSG00000176571
HGNC:26664	ENSG00000170703
HGNC:26665	ENSG00000165805
HGNC:26666	ENSG00000149499
HGNC:26668	ENSG00000143107
HGNC:26669	ENSG00000173093
HGNC:26670	ENSG00000180336
HGNC:26671	ENSG00000204837
HGNC:26672	ENSG00000177992
HGNC:26673	ENSG00000140265
HGNC:26674	ENSG00000172752
HGNC:26675	ENSG00000249961
HGNC:26676	ENSG00000120051
HGNC:26677	ENSG00000154655
HGNC:26678	ENSG00000155545
HGNC:26679	ENSG00000142661
HGNC:26680	ENSG00000225855
HGNC:26681	ENSG00000268883
HGNC:26683	ENSG00000152936
HGNC:26684	ENSG00000197748
HGNC:26685	ENSG00000253276
HGNC:26686	ENSG00000178796
HGNC:26687	ENSG00000167554
HGNC:26688	ENSG00000161180
HGNC:26689	ENSG00000176909
HGNC:26690	ENSG00000168944
HGNC:26691	ENSG00000236301
HGNC:26693	ENSG00000162571
HGNC:26695	ENSG00000174450
HGNC:26697	ENSG00000196151
HGNC:26698	ENSG00000184108
HGNC:26699	ENSG00000149507
HGNC:26700	ENSG00000257108
HGNC:26703	ENSG00000181392
HGNC:26704	ENSG00000154874
HGNC:26705	ENSG00000197992
HGNC:26706	ENSG00000233382
HGNC:26707	ENSG00000204889
HGNC:26708	ENSG00000165164
HGNC:26709	ENSG00000173611
HGNC:2671	ENSG00000110887
HGNC:26710	ENSG00000223797
HGNC:26711	ENSG00000119559
HGNC:26713	ENSG00000180422
HGNC:26714	ENSG00000157510
HGNC:26715	ENSG00000119608
HGNC:26716	ENSG00000153006
HGNC:26717	ENSG00000185519
HGNC:26718	ENSG00000196366
HGNC:26719	ENSG00000180979
HGNC:2672	ENSG00000112977
HGNC:26720	ENSG00000144792
HGNC:26721	ENSG00000166889
HGNC:26722	ENSG00000181284
HGNC:26723	ENSG00000160392
HGNC:26724	ENSG00000165138
HGNC:26725	ENSG00000250305
HGNC:26726	ENSG00000196357
HGNC:26727	ENSG00000178752
HGNC:26729	ENSG00000177679
HGNC:2673	ENSG00000132676
HGNC:26730	ENSG00000175262
HGNC:26731	ENSG00000177335
HGNC:26735	ENSG00000196169
HGNC:26736	ENSG00000165338
HGNC:26737	ENSG00000281106
HGNC:2674	ENSG00000196730
HGNC:26740	ENSG00000144152
HGNC:26741	ENSG00000172824
HGNC:26742	ENSG00000185818
HGNC:26744	ENSG00000178722
HGNC:26745	ENSG00000196381
HGNC:26746	ENSG00000181904
HGNC:26748	ENSG00000179083
HGNC:26749	ENSG00000234492
HGNC:2675	ENSG00000035664
HGNC:26750	ENSG00000179057
HGNC:26752	ENSG00000137494
HGNC:26754	ENSG00000162971
HGNC:26755	ENSG00000196407
HGNC:26756	ENSG00000172954
HGNC:26757	ENSG00000168071
HGNC:26758	ENSG00000180938
HGNC:26759	ENSG00000205423
HGNC:2676	ENSG00000167657
HGNC:26760	ENSG00000245275
HGNC:26762	ENSG00000179071
HGNC:26763	ENSG00000169758
HGNC:26764	ENSG00000204501
HGNC:26765	ENSG00000152443
HGNC:26766	ENSG00000153930
HGNC:26768	ENSG00000152133
HGNC:26769	ENSG00000175772
HGNC:26771	ENSG00000178171
HGNC:26773	ENSG00000171262
HGNC:26775	ENSG00000170088
HGNC:26776	ENSG00000164329
HGNC:26777	ENSG00000136010
HGNC:26779	ENSG00000236737
HGNC:2678	ENSG00000115866
HGNC:26780	ENSG00000179284
HGNC:26781	ENSG00000179564
HGNC:26782	ENSG00000156206
HGNC:26783	ENSG00000138942
HGNC:26784	ENSG00000130921
HGNC:26785	ENSG00000241388
HGNC:26786	ENSG00000181638
HGNC:26787	ENSG00000173212
HGNC:26788	ENSG00000260062
HGNC:26789	ENSG00000179630
HGNC:26790	ENSG00000166415
HGNC:26791	ENSG00000179023
HGNC:26794	ENSG00000185332
HGNC:26795	ENSG00000175311
HGNC:26796	ENSG00000176401
HGNC:26798	ENSG00000152219
HGNC:26799	ENSG00000178074
HGNC:268	ENSG00000282608
HGNC:2680	ENSG00000101191
HGNC:26800	ENSG00000142686
HGNC:26801	ENSG00000163626
HGNC:26802	ENSG00000143786
HGNC:26804	ENSG00000174151
HGNC:26805	ENSG00000175728
HGNC:26808	ENSG00000178690
HGNC:26809	ENSG00000215853
HGNC:2681	ENSG00000204209
HGNC:26810	ENSG00000164318
HGNC:26811	ENSG00000176641
HGNC:26812	ENSG00000160117
HGNC:26813	ENSG00000174749
HGNC:26814	ENSG00000188026
HGNC:26816	ENSG00000185168
HGNC:26817	ENSG00000179362
HGNC:26818	ENSG00000179119
HGNC:2682	ENSG00000188120
HGNC:26820	ENSG00000171954
HGNC:26821	ENSG00000163492
HGNC:26822	ENSG00000227398
HGNC:26823	ENSG00000177459
HGNC:26825	ENSG00000177752
HGNC:26827	ENSG00000156968
HGNC:26829	ENSG00000185942
HGNC:2683	ENSG00000071626
HGNC:26831	ENSG00000278505
HGNC:26832	ENSG00000263327
HGNC:26834	ENSG00000144395
HGNC:26835	ENSG00000283597
HGNC:26836	ENSG00000169507
HGNC:26837	ENSG00000184675
HGNC:26838	ENSG00000181847
HGNC:26839	ENSG00000253148
HGNC:2684	ENSG00000183283
HGNC:26841	ENSG00000181781
HGNC:26842	ENSG00000163885
HGNC:26843	ENSG00000165972
HGNC:26845	ENSG00000213889
HGNC:26846	ENSG00000180116
HGNC:26847	ENSG00000176563
HGNC:26848	ENSG00000164729
HGNC:2685	ENSG00000092345
HGNC:26850	ENSG00000239605
HGNC:26851	ENSG00000175820
HGNC:26853	ENSG00000145700
HGNC:26854	ENSG00000162398
HGNC:26855	ENSG00000218109
HGNC:26856	ENSG00000179213
HGNC:26857	ENSG00000171495
HGNC:26858	ENSG00000189375
HGNC:26859	ENSG00000175718
HGNC:26861	ENSG00000177994
HGNC:26862	ENSG00000176160
HGNC:26863	ENSG00000177338
HGNC:26864	ENSG00000178852
HGNC:26865	ENSG00000176754
HGNC:26866	ENSG00000160994
HGNC:26868	ENSG00000163249
HGNC:26869	ENSG00000236253
HGNC:2687	ENSG00000078725
HGNC:26871	ENSG00000227412
HGNC:26874	ENSG00000265480
HGNC:26875	ENSG00000269220
HGNC:26876	ENSG00000173200
HGNC:26877	ENSG00000169607
HGNC:26878	ENSG00000170379
HGNC:26879	ENSG00000180287
HGNC:26881	ENSG00000178295
HGNC:26882	ENSG00000152760
HGNC:26883	ENSG00000179813
HGNC:26885	ENSG00000231721
HGNC:26886	ENSG00000116514
HGNC:26887	ENSG00000169762
HGNC:26888	ENSG00000185112
HGNC:26889	ENSG00000250312
HGNC:2689	ENSG00000123454
HGNC:26890	ENSG00000151117
HGNC:26891	ENSG00000167741
HGNC:26892	ENSG00000198768
HGNC:26894	ENSG00000176058
HGNC:26895	ENSG00000173875
HGNC:26896	ENSG00000174136
HGNC:26897	ENSG00000173041
HGNC:26898	ENSG00000203729
HGNC:26899	ENSG00000139324
HGNC:269	ENSG00000144843
HGNC:2690	ENSG00000155368
HGNC:26900	ENSG00000173013
HGNC:26901	ENSG00000165899
HGNC:26902	ENSG00000164620
HGNC:26904	ENSG00000172901
HGNC:26905	ENSG00000169592
HGNC:26906	ENSG00000178226
HGNC:26907	ENSG00000177058
HGNC:26909	ENSG00000169495
HGNC:2691	ENSG00000251366
HGNC:26910	ENSG00000177873
HGNC:26911	ENSG00000165424
HGNC:26912	ENSG00000167619
HGNC:26913	ENSG00000161888
HGNC:26914	ENSG00000169972
HGNC:26915	ENSG00000184224
HGNC:26916	ENSG00000244754
HGNC:26918	ENSG00000170545
HGNC:2692	ENSG00000218748
HGNC:26920	ENSG00000141994
HGNC:26921	ENSG00000137817
HGNC:26922	ENSG00000182150
HGNC:26923	ENSG00000125912
HGNC:26924	ENSG00000140527
HGNC:26925	ENSG00000136379
HGNC:26926	ENSG00000171135
HGNC:26927	ENSG00000110074
HGNC:26928	ENSG00000091527
HGNC:26929	ENSG00000186073
HGNC:26930	ENSG00000276950
HGNC:26931	ENSG00000100249
HGNC:26932	ENSG00000232112
HGNC:26933	ENSG00000198917
HGNC:26934	ENSG00000048162
HGNC:26935	ENSG00000100220
HGNC:26936	ENSG00000137770
HGNC:26937	ENSG00000170855
HGNC:26938	ENSG00000149196
HGNC:26939	ENSG00000150316
HGNC:26940	ENSG00000173113
HGNC:26941	ENSG00000143222
HGNC:26942	ENSG00000086065
HGNC:26943	ENSG00000171604
HGNC:26944	ENSG00000149483
HGNC:26945	ENSG00000242114
HGNC:26946	ENSG00000164898
HGNC:26948	ENSG00000178922
HGNC:2695	ENSG00000113758
HGNC:26950	ENSG00000099840
HGNC:26951	ENSG00000180190
HGNC:26952	ENSG00000166160
HGNC:26953	ENSG00000138688
HGNC:26954	ENSG00000128923
HGNC:26955	ENSG00000114853
HGNC:26956	ENSG00000128908
HGNC:26957	ENSG00000125772
HGNC:26958	ENSG00000179832
HGNC:26959	ENSG00000179698
HGNC:2696	ENSG00000136279
HGNC:26960	ENSG00000161996
HGNC:26961	ENSG00000166439
HGNC:26963	ENSG00000141854
HGNC:26965	ENSG00000110536
HGNC:26966	ENSG00000238164
HGNC:26967	ENSG00000185306
HGNC:26968	ENSG00000163428
HGNC:26969	ENSG00000176018
HGNC:2697	ENSG00000105516
HGNC:26970	ENSG00000203667
HGNC:26971	ENSG00000168792
HGNC:26972	ENSG00000204603
HGNC:26973	ENSG00000177354
HGNC:26974	ENSG00000165650
HGNC:26976	ENSG00000166295
HGNC:26977	ENSG00000121898
HGNC:26978	ENSG00000214290
HGNC:26979	ENSG00000170946
HGNC:2698	ENSG00000137992
HGNC:26980	ENSG00000185958
HGNC:26981	ENSG00000233725
HGNC:26984	ENSG00000175202
HGNC:26987	ENSG00000197302
HGNC:26988	ENSG00000181038
HGNC:26989	ENSG00000184619
HGNC:2699	ENSG00000067048
HGNC:26990	ENSG00000141371
HGNC:26991	ENSG00000181291
HGNC:26992	ENSG00000183018
HGNC:26993	ENSG00000214941
HGNC:26994	ENSG00000153391
HGNC:26995	ENSG00000180257
HGNC:26996	ENSG00000183401
HGNC:26998	ENSG00000142409
HGNC:26999	ENSG00000166359
HGNC:270	ENSG00000143799
HGNC:2700	ENSG00000133083
HGNC:27000	ENSG00000099812
HGNC:27001	ENSG00000185988
HGNC:27002	ENSG00000205396
HGNC:27003	ENSG00000280670
HGNC:27004	ENSG00000169291
HGNC:27005	ENSG00000162494
HGNC:27006	ENSG00000169991
HGNC:27007	ENSG00000158109
HGNC:27008	ENSG00000280924
HGNC:27009	ENSG00000173947
HGNC:2701	ENSG00000187323
HGNC:27010	ENSG00000203705
HGNC:27011	ENSG00000274808
HGNC:27012	ENSG00000242259
HGNC:27013	ENSG00000186854
HGNC:27014	ENSG00000144214
HGNC:27015	ENSG00000134326
HGNC:27016	ENSG00000152102
HGNC:27017	ENSG00000186132
HGNC:27018	ENSG00000150556
HGNC:27019	ENSG00000188558
HGNC:27020	ENSG00000153832
HGNC:27022	ENSG00000170044
HGNC:27023	ENSG00000206384
HGNC:27024	ENSG00000251474
HGNC:27025	ENSG00000151470
HGNC:27026	ENSG00000185056
HGNC:27028	ENSG00000215217
HGNC:27029	ENSG00000150756
HGNC:2703	ENSG00000167969
HGNC:27030	ENSG00000168724
HGNC:27031	ENSG00000157111
HGNC:27032	ENSG00000197083
HGNC:27033	ENSG00000198944
HGNC:27034	ENSG00000157703
HGNC:27035	ENSG00000215114
HGNC:27036	ENSG00000184672
HGNC:27037	ENSG00000204669
HGNC:27038	ENSG00000204001
HGNC:27039	ENSG00000187024
HGNC:2704	ENSG00000156136
HGNC:27040	ENSG00000186767
HGNC:27046	ENSG00000179241
HGNC:27049	ENSG00000166689
HGNC:2705	ENSG00000011465
HGNC:27050	ENSG00000186666
HGNC:27051	ENSG00000178882
HGNC:27052	ENSG00000205707
HGNC:27054	ENSG00000246985
HGNC:27055	ENSG00000278916
HGNC:27056	ENSG00000167767
HGNC:27057	ENSG00000245105
HGNC:27059	ENSG00000281196
HGNC:27061	ENSG00000227674
HGNC:27067	ENSG00000139675
HGNC:27069	ENSG00000258735
HGNC:2707	ENSG00000159640
HGNC:27071	ENSG00000278599
HGNC:27075	ENSG00000259426
HGNC:27078	ENSG00000285331
HGNC:27080	ENSG00000183571
HGNC:27081	ENSG00000259134
HGNC:27082	ENSG00000245750
HGNC:27087	ENSG00000185716
HGNC:27088	ENSG00000175267
HGNC:27089	ENSG00000159753
HGNC:2709	ENSG00000080166
HGNC:27091	ENSG00000259803
HGNC:27093	ENSG00000261711
HGNC:27094	ENSG00000268532
HGNC:27097	ENSG00000167281
HGNC:27099	ENSG00000264026
HGNC:271	ENSG00000102699
HGNC:2710	ENSG00000129187
HGNC:27101	ENSG00000276231
HGNC:27102	ENSG00000186185
HGNC:27105	ENSG00000226629
HGNC:27106	ENSG00000185269
HGNC:2711	ENSG00000204843
HGNC:27110	ENSG00000154065
HGNC:27111	ENSG00000186806
HGNC:27112	ENSG00000262874
HGNC:27113	ENSG00000182310
HGNC:27114	ENSG00000268182
HGNC:27115	ENSG00000267100
HGNC:27119	ENSG00000130244
HGNC:2712	ENSG00000175203
HGNC:27120	ENSG00000178904
HGNC:27121	ENSG00000267339
HGNC:27124	ENSG00000160352
HGNC:27125	ENSG00000224870
HGNC:2713	ENSG00000137100
HGNC:27139	ENSG00000198892
HGNC:2714	ENSG00000077279
HGNC:27140	ENSG00000233593
HGNC:27145	ENSG00000222009
HGNC:27146	ENSG00000168159
HGNC:2715	ENSG00000153904
HGNC:27152	ENSG00000231290
HGNC:27154	ENSG00000205181
HGNC:27158	ENSG00000161179
HGNC:2716	ENSG00000213722
HGNC:27160	ENSG00000205856
HGNC:27161	ENSG00000177096
HGNC:27163	ENSG00000277232
HGNC:27164	ENSG00000184761
HGNC:27165	ENSG00000235597
HGNC:27168	ENSG00000186281
HGNC:2717	ENSG00000167986
HGNC:27172	ENSG00000157833
HGNC:27177	ENSG00000186235
HGNC:27179	ENSG00000236445
HGNC:2718	ENSG00000134574
HGNC:27184	ENSG00000241469
HGNC:27189	ENSG00000246082
HGNC:2719	ENSG00000132437
HGNC:27190	ENSG00000214407
HGNC:27191	ENSG00000260902
HGNC:27193	ENSG00000151612
HGNC:27194	ENSG00000163293
HGNC:27195	ENSG00000250302
HGNC:27196	ENSG00000272602
HGNC:27198	ENSG00000248698
HGNC:272	ENSG00000129484
HGNC:2720	ENSG00000153317
HGNC:27200	ENSG00000214510
HGNC:27208	ENSG00000215068
HGNC:2721	ENSG00000151693
HGNC:27217	ENSG00000231419
HGNC:27220	ENSG00000214128
HGNC:27222	ENSG00000204946
HGNC:27223	ENSG00000184863
HGNC:27226	ENSG00000249816
HGNC:27229	ENSG00000186106
HGNC:27230	ENSG00000171320
HGNC:27231	ENSG00000253230
HGNC:27232	ENSG00000156172
HGNC:27233	ENSG00000182366
HGNC:27234	ENSG00000104714
HGNC:27239	ENSG00000204860
HGNC:27244	ENSG00000235387
HGNC:27245	ENSG00000179766
HGNC:27249	ENSG00000234390
HGNC:27250	ENSG00000267597
HGNC:27252	ENSG00000123569
HGNC:27254	ENSG00000182107
HGNC:27256	ENSG00000184206
HGNC:27257	ENSG00000205730
HGNC:27258	ENSG00000141699
HGNC:2726	ENSG00000175197
HGNC:27260	ENSG00000196605
HGNC:27263	ENSG00000132854
HGNC:27265	ENSG00000173960
HGNC:27266	ENSG00000168671
HGNC:27267	ENSG00000048405
HGNC:27268	ENSG00000172748
HGNC:27269	ENSG00000188676
HGNC:2727	ENSG00000203797
HGNC:27270	ENSG00000185585
HGNC:27271	ENSG00000228623
HGNC:27272	ENSG00000204271
HGNC:27273	ENSG00000174460
HGNC:27274	ENSG00000204161
HGNC:27275	ENSG00000180066
HGNC:27276	ENSG00000229404
HGNC:27277	ENSG00000274209
HGNC:27279	ENSG00000160588
HGNC:2728	ENSG00000244038
HGNC:27281	ENSG00000151743
HGNC:27282	ENSG00000226397
HGNC:27283	ENSG00000151176
HGNC:27286	ENSG00000225362
HGNC:27287	ENSG00000175318
HGNC:27288	ENSG00000176715
HGNC:27289	ENSG00000197774
HGNC:27290	ENSG00000228146
HGNC:27291	ENSG00000183019
HGNC:27293	ENSG00000224420
HGNC:27294	ENSG00000224209
HGNC:27295	ENSG00000187889
HGNC:27296	ENSG00000143001
HGNC:27297	ENSG00000157211
HGNC:273	ENSG00000041880
HGNC:2730	ENSG00000204580
HGNC:27301	ENSG00000160741
HGNC:27302	ENSG00000181873
HGNC:27304	ENSG00000233746
HGNC:27309	ENSG00000178700
HGNC:2731	ENSG00000162733
HGNC:27310	ENSG00000154803
HGNC:27312	ENSG00000167100
HGNC:27314	ENSG00000232859
HGNC:27315	ENSG00000184560
HGNC:27316	ENSG00000141569
HGNC:27317	ENSG00000263724
HGNC:27318	ENSG00000171574
HGNC:27319	ENSG00000243083
HGNC:2732	ENSG00000099977
HGNC:27320	ENSG00000205208
HGNC:27321	ENSG00000163683
HGNC:27322	ENSG00000170469
HGNC:27323	ENSG00000182230
HGNC:27324	ENSG00000257368
HGNC:27329	ENSG00000104679
HGNC:27333	ENSG00000196741
HGNC:27334	ENSG00000165359
HGNC:27336	ENSG00000228459
HGNC:27337	ENSG00000171714
HGNC:27338	ENSG00000169340
HGNC:27339	ENSG00000175701
HGNC:2734	ENSG00000079785
HGNC:27340	ENSG00000230091
HGNC:27343	ENSG00000225778
HGNC:27344	ENSG00000150433
HGNC:27345	ENSG00000244471
HGNC:27346	ENSG00000165312
HGNC:27347	ENSG00000254635
HGNC:27349	ENSG00000224812
HGNC:2735	ENSG00000178105
HGNC:27350	ENSG00000254654
HGNC:27351	ENSG00000150456
HGNC:27356	ENSG00000224531
HGNC:2736	ENSG00000013573
HGNC:27362	ENSG00000155026
HGNC:27363	ENSG00000180347
HGNC:27364	ENSG00000188175
HGNC:27365	ENSG00000205678
HGNC:27366	ENSG00000206344
HGNC:27367	ENSG00000226752
HGNC:27368	ENSG00000259666
HGNC:2737	ENSG00000214826
HGNC:27370	ENSG00000226051
HGNC:27371	ENSG00000174032
HGNC:27372	ENSG00000224406
HGNC:27373	ENSG00000233827
HGNC:27375	ENSG00000174099
HGNC:27377	ENSG00000250107
HGNC:27379	ENSG00000181826
HGNC:2738	ENSG00000109606
HGNC:27380	ENSG00000174939
HGNC:27381	ENSG00000258573
HGNC:27384	ENSG00000260233
HGNC:27385	ENSG00000236859
HGNC:27386	ENSG00000229240
HGNC:27387	ENSG00000174165
HGNC:27388	ENSG00000255571
HGNC:2739	ENSG00000204560
HGNC:27393	ENSG00000162542
HGNC:27394	ENSG00000250056
HGNC:27396	ENSG00000168907
HGNC:27397	ENSG00000226929
HGNC:27399	ENSG00000198284
HGNC:274	ENSG00000249263
HGNC:2740	ENSG00000100201
HGNC:27400	ENSG00000146090
HGNC:27402	ENSG00000255399
HGNC:27403	ENSG00000255153
HGNC:27405	ENSG00000168743
HGNC:27406	ENSG00000257704
HGNC:27407	ENSG00000214097
HGNC:27408	ENSG00000215837
HGNC:27409	ENSG00000257242
HGNC:2741	ENSG00000088205
HGNC:27411	ENSG00000161860
HGNC:27413	ENSG00000173681
HGNC:27414	ENSG00000186517
HGNC:27416	ENSG00000235172
HGNC:27417	ENSG00000247796
HGNC:27418	ENSG00000204128
HGNC:2742	ENSG00000157349
HGNC:27421	ENSG00000178645
HGNC:27422	ENSG00000234962
HGNC:27424	ENSG00000203867
HGNC:27425	ENSG00000203497
HGNC:2743	ENSG00000064703
HGNC:27430	ENSG00000233395
HGNC:27433	ENSG00000224596
HGNC:27436	ENSG00000235824
HGNC:27437	ENSG00000227165
HGNC:27438	ENSG00000246273
HGNC:2744	ENSG00000165732
HGNC:27441	ENSG00000168070
HGNC:27442	ENSG00000162241
HGNC:27443	ENSG00000250303
HGNC:27444	ENSG00000246100
HGNC:27445	ENSG00000238283
HGNC:27446	ENSG00000248712
HGNC:27449	ENSG00000255545
HGNC:2745	ENSG00000215301
HGNC:27451	ENSG00000247867
HGNC:27452	ENSG00000188997
HGNC:27453	ENSG00000177042
HGNC:27455	ENSG00000167771
HGNC:2746	ENSG00000108654
HGNC:27461	ENSG00000205885
HGNC:27463	ENSG00000258135
HGNC:27464	ENSG00000257337
HGNC:27465	ENSG00000139651
HGNC:27466	ENSG00000249196
HGNC:27468	ENSG00000176422
HGNC:2747	ENSG00000110367
HGNC:27471	ENSG00000236333
HGNC:27473	ENSG00000257137
HGNC:27474	ENSG00000258279
HGNC:27475	ENSG00000139354
HGNC:27476	ENSG00000258169
HGNC:27477	ENSG00000256494
HGNC:27482	ENSG00000151233
HGNC:2749	ENSG00000067596
HGNC:27492	ENSG00000255874
HGNC:275	ENSG00000227105
HGNC:2750	ENSG00000135829
HGNC:27501	ENSG00000139508
HGNC:27502	ENSG00000259070
HGNC:27503	ENSG00000214900
HGNC:27505	ENSG00000246548
HGNC:27506	ENSG00000213160
HGNC:27507	ENSG00000258804
HGNC:2751	ENSG00000228002
HGNC:27510	ENSG00000247092
HGNC:27511	ENSG00000258441
HGNC:27514	ENSG00000247982
HGNC:27515	ENSG00000259285
HGNC:27519	ENSG00000258754
HGNC:2752	ENSG00000033800
HGNC:27521	ENSG00000259642
HGNC:27522	ENSG00000259361
HGNC:27523	ENSG00000259462
HGNC:2753	ENSG00000104325
HGNC:27532	ENSG00000260305
HGNC:27535	ENSG00000259218
HGNC:27537	ENSG00000197361
HGNC:2754	ENSG00000242612
HGNC:27540	ENSG00000179044
HGNC:27543	ENSG00000246379
HGNC:27545	ENSG00000261742
HGNC:27548	ENSG00000260565
HGNC:27549	ENSG00000262152
HGNC:2755	ENSG00000158796
HGNC:27550	ENSG00000262155
HGNC:27551	ENSG00000259954
HGNC:27555	ENSG00000259841
HGNC:27556	ENSG00000214331
HGNC:27557	ENSG00000260852
HGNC:27558	ENSG00000174109
HGNC:27559	ENSG00000255185
HGNC:27560	ENSG00000226179
HGNC:27561	ENSG00000182173
HGNC:27562	ENSG00000267535
HGNC:27563	ENSG00000204278
HGNC:27564	ENSG00000176155
HGNC:27568	ENSG00000186665
HGNC:27570	ENSG00000271605
HGNC:27571	ENSG00000179859
HGNC:27576	ENSG00000246640
HGNC:27578	ENSG00000277972
HGNC:27581	ENSG00000214514
HGNC:27584	ENSG00000176845
HGNC:27586	ENSG00000261520
HGNC:27596	ENSG00000197046
HGNC:27598	ENSG00000206026
HGNC:276	ENSG00000258995
HGNC:2760	ENSG00000023892
HGNC:27600	ENSG00000267134
HGNC:27603	ENSG00000197782
HGNC:27606	ENSG00000176472
HGNC:27607	ENSG00000104866
HGNC:27609	ENSG00000161671
HGNC:2761	ENSG00000206047
HGNC:27610	ENSG00000163584
HGNC:27611	ENSG00000197608
HGNC:27613	ENSG00000267106
HGNC:27614	ENSG00000197054
HGNC:27615	ENSG00000264515
HGNC:27616	ENSG00000205209
HGNC:27619	ENSG00000188039
HGNC:2762	ENSG00000239839
HGNC:27620	ENSG00000267519
HGNC:27622	ENSG00000156869
HGNC:27628	ENSG00000238107
HGNC:2763	ENSG00000164821
HGNC:27631	ENSG00000224717
HGNC:27633	ENSG00000286619
HGNC:27635	ENSG00000230368
HGNC:27637	ENSG00000162636
HGNC:27638	ENSG00000143028
HGNC:27639	ENSG00000272031
HGNC:2764	ENSG00000164816
HGNC:27642	ENSG00000230023
HGNC:27643	ENSG00000261504
HGNC:27645	ENSG00000198983
HGNC:27647	ENSG00000188004
HGNC:27648	ENSG00000171722
HGNC:2765	ENSG00000164822
HGNC:27652	ENSG00000213578
HGNC:27653	ENSG00000162461
HGNC:27655	ENSG00000196421
HGNC:27657	ENSG00000235621
HGNC:27658	ENSG00000203999
HGNC:27659	ENSG00000228340
HGNC:2766	ENSG00000164825
HGNC:27662	ENSG00000227195
HGNC:27669	ENSG00000218537
HGNC:2767	ENSG00000171711
HGNC:27672	ENSG00000224271
HGNC:27678	ENSG00000144130
HGNC:2768	ENSG00000124795
HGNC:27680	ENSG00000287036
HGNC:27683	ENSG00000189292
HGNC:2769	ENSG00000139726
HGNC:27690	ENSG00000231453
HGNC:27696	ENSG00000134330
HGNC:277	ENSG00000120907
HGNC:2770	ENSG00000175084
HGNC:27701	ENSG00000243197
HGNC:27702	ENSG00000240423
HGNC:27706	ENSG00000241163
HGNC:27708	ENSG00000230891
HGNC:27709	ENSG00000180376
HGNC:2771	ENSG00000197766
HGNC:27713	ENSG00000178917
HGNC:27717	ENSG00000154813
HGNC:27718	ENSG00000230102
HGNC:2772	ENSG00000160049
HGNC:27720	ENSG00000244342
HGNC:27721	ENSG00000249464
HGNC:27723	ENSG00000182308
HGNC:27725	ENSG00000251165
HGNC:27728	ENSG00000249896
HGNC:27729	ENSG00000178222
HGNC:2773	ENSG00000169598
HGNC:27730	ENSG00000250131
HGNC:27731	ENSG00000231171
HGNC:27733	ENSG00000185477
HGNC:27735	ENSG00000145428
HGNC:27737	ENSG00000281501
HGNC:27739	ENSG00000246095
HGNC:27740	ENSG00000237765
HGNC:27741	ENSG00000248713
HGNC:27742	ENSG00000248118
HGNC:27744	ENSG00000253955
HGNC:27747	ENSG00000253298
HGNC:27749	ENSG00000253417
HGNC:27750	ENSG00000205765
HGNC:27752	ENSG00000164197
HGNC:27753	ENSG00000204661
HGNC:27756	ENSG00000249781
HGNC:27767	ENSG00000263667
HGNC:27772	ENSG00000281692
HGNC:27780	ENSG00000228789
HGNC:27783	ENSG00000188755
HGNC:27784	ENSG00000283215
HGNC:27786	ENSG00000146910
HGNC:27788	ENSG00000179406
HGNC:27797	ENSG00000232956
HGNC:27799	ENSG00000229153
HGNC:278	ENSG00000170214
HGNC:27800	ENSG00000242258
HGNC:27801	ENSG00000198556
HGNC:27806	ENSG00000171044
HGNC:27809	ENSG00000246130
HGNC:27814	ENSG00000204839
HGNC:27815	ENSG00000181135
HGNC:27819	ENSG00000254083
HGNC:27820	ENSG00000155970
HGNC:27821	ENSG00000255559
HGNC:27823	ENSG00000253199
HGNC:27827	ENSG00000253279
HGNC:27828	ENSG00000205133
HGNC:27829	ENSG00000156162
HGNC:27837	ENSG00000254139
HGNC:27839	ENSG00000254081
HGNC:27840	ENSG00000248801
HGNC:27841	ENSG00000246366
HGNC:27843	ENSG00000160401
HGNC:27844	ENSG00000234771
HGNC:27845	ENSG00000165643
HGNC:27846	ENSG00000230246
HGNC:27847	ENSG00000228189
HGNC:27849	ENSG00000148362
HGNC:27852	ENSG00000227449
HGNC:27855	ENSG00000231528
HGNC:27858	ENSG00000175611
HGNC:27861	ENSG00000227555
HGNC:27862	ENSG00000235641
HGNC:27864	ENSG00000187893
HGNC:27865	ENSG00000203930
HGNC:27867	ENSG00000101812
HGNC:27873	ENSG00000230501
HGNC:27874	ENSG00000225269
HGNC:27877	ENSG00000233930
HGNC:27879	ENSG00000283703
HGNC:27880	ENSG00000172932
HGNC:27882	ENSG00000247151
HGNC:27883	ENSG00000271614
HGNC:27884	ENSG00000183160
HGNC:27885	ENSG00000230294
HGNC:27886	ENSG00000212694
HGNC:27888	ENSG00000247157
HGNC:27890	ENSG00000236678
HGNC:27892	ENSG00000276141
HGNC:27893	ENSG00000183889
HGNC:27898	ENSG00000182896
HGNC:27900	ENSG00000214226
HGNC:27901	ENSG00000204237
HGNC:27902	ENSG00000214087
HGNC:27904	ENSG00000212719
HGNC:27905	ENSG00000188895
HGNC:27906	ENSG00000263753
HGNC:27912	ENSG00000185761
HGNC:27915	ENSG00000198912
HGNC:27916	ENSG00000178821
HGNC:27918	ENSG00000227016
HGNC:27920	ENSG00000220785
HGNC:27922	ENSG00000267272
HGNC:27923	ENSG00000226828
HGNC:27924	ENSG00000215808
HGNC:27930	ENSG00000205704
HGNC:27933	ENSG00000230992
HGNC:27934	ENSG00000144228
HGNC:27935	ENSG00000238133
HGNC:27936	ENSG00000185038
HGNC:27937	ENSG00000144488
HGNC:27938	ENSG00000173557
HGNC:27940	ENSG00000236790
HGNC:27941	ENSG00000212978
HGNC:27942	ENSG00000233694
HGNC:27945	ENSG00000173421
HGNC:27946	ENSG00000274840
HGNC:27948	ENSG00000243629
HGNC:27949	ENSG00000144644
HGNC:27952	ENSG00000270959
HGNC:27953	ENSG00000206417
HGNC:27954	ENSG00000187054
HGNC:27956	ENSG00000250456
HGNC:27958	ENSG00000246526
HGNC:27959	ENSG00000234111
HGNC:27960	ENSG00000174358
HGNC:27961	ENSG00000246334
HGNC:27962	ENSG00000184584
HGNC:27963	ENSG00000164334
HGNC:27964	ENSG00000249647
HGNC:27965	ENSG00000251045
HGNC:27968	ENSG00000215231
HGNC:27969	ENSG00000248908
HGNC:27971	ENSG00000248279
HGNC:27972	ENSG00000145949
HGNC:27977	ENSG00000188732
HGNC:27981	ENSG00000146856
HGNC:27982	ENSG00000254813
HGNC:27984	ENSG00000197363
HGNC:27985	ENSG00000246339
HGNC:27986	ENSG00000228376
HGNC:27988	ENSG00000229613
HGNC:27989	ENSG00000186288
HGNC:2799	ENSG00000083307
HGNC:27990	ENSG00000184515
HGNC:27991	ENSG00000231154
HGNC:27992	ENSG00000184788
HGNC:27994	ENSG00000267041
HGNC:27995	ENSG00000270601
HGNC:27996	ENSG00000204505
HGNC:27997	ENSG00000187545
HGNC:27998	ENSG00000205085
HGNC:280	ENSG00000171873
HGNC:28002	ENSG00000166839
HGNC:28003	ENSG00000258710
HGNC:28005	ENSG00000174177
HGNC:28006	ENSG00000182628
HGNC:28007	ENSG00000225663
HGNC:28008	ENSG00000199132
HGNC:28010	ENSG00000188511
HGNC:28013	ENSG00000238062
HGNC:28014	ENSG00000206535
HGNC:28016	ENSG00000226435
HGNC:28017	ENSG00000251669
HGNC:28018	ENSG00000172548
HGNC:28019	ENSG00000188185
HGNC:28020	ENSG00000187260
HGNC:28026	ENSG00000187144
HGNC:28027	ENSG00000143951
HGNC:28028	ENSG00000164011
HGNC:28029	ENSG00000147724
HGNC:28030	ENSG00000153066
HGNC:28031	ENSG00000189269
HGNC:28032	ENSG00000128463
HGNC:28033	ENSG00000154781
HGNC:28034	ENSG00000120509
HGNC:28035	ENSG00000159596
HGNC:28036	ENSG00000168754
HGNC:28037	ENSG00000168894
HGNC:28038	ENSG00000099785
HGNC:28039	ENSG00000172086
HGNC:28040	ENSG00000176624
HGNC:28041	ENSG00000196704
HGNC:28042	ENSG00000186088
HGNC:28043	ENSG00000102984
HGNC:28044	ENSG00000214511
HGNC:28045	ENSG00000197852
HGNC:28046	ENSG00000100319
HGNC:28050	ENSG00000005194
HGNC:28051	ENSG00000117477
HGNC:28052	ENSG00000196236
HGNC:28053	ENSG00000187801
HGNC:28054	ENSG00000197483
HGNC:28055	ENSG00000186193
HGNC:28057	ENSG00000229320
HGNC:28060	ENSG00000235823
HGNC:28061	ENSG00000172771
HGNC:28062	ENSG00000204611
HGNC:28063	ENSG00000196214
HGNC:28065	ENSG00000214814
HGNC:28068	ENSG00000196458
HGNC:28070	ENSG00000001460
HGNC:28071	ENSG00000196466
HGNC:28072	ENSG00000186687
HGNC:28073	ENSG00000178381
HGNC:28074	ENSG00000240230
HGNC:28076	ENSG00000177822
HGNC:28078	ENSG00000196118
HGNC:28079	ENSG00000167962
HGNC:28081	ENSG00000228016
HGNC:28082	ENSG00000197355
HGNC:28084	ENSG00000175329
HGNC:28085	ENSG00000231057
HGNC:28086	ENSG00000164182
HGNC:28087	ENSG00000140450
HGNC:28088	ENSG00000251209
HGNC:28089	ENSG00000197620
HGNC:28090	ENSG00000235437
HGNC:28091	ENSG00000205464
HGNC:28093	ENSG00000214413
HGNC:28095	ENSG00000135127
HGNC:28096	ENSG00000204006
HGNC:28097	ENSG00000135736
HGNC:281	ENSG00000150594
HGNC:2810	ENSG00000105928
HGNC:28100	ENSG00000169446
HGNC:28101	ENSG00000257743
HGNC:28104	ENSG00000128438
HGNC:28105	ENSG00000179796
HGNC:28106	ENSG00000109084
HGNC:28107	ENSG00000138621
HGNC:28108	ENSG00000137500
HGNC:28109	ENSG00000154839
HGNC:28110	ENSG00000164332
HGNC:28111	ENSG00000179387
HGNC:28112	ENSG00000075914
HGNC:28114	ENSG00000161618
HGNC:28115	ENSG00000154114
HGNC:28116	ENSG00000224051
HGNC:28117	ENSG00000126254
HGNC:28118	ENSG00000104957
HGNC:28119	ENSG00000151502
HGNC:28120	ENSG00000099251
HGNC:28121	ENSG00000288701
HGNC:28122	ENSG00000131475
HGNC:28125	ENSG00000156269
HGNC:28126	ENSG00000214184
HGNC:28127	ENSG00000132881
HGNC:28128	ENSG00000179029
HGNC:28129	ENSG00000163521
HGNC:28130	ENSG00000131188
HGNC:28133	ENSG00000183615
HGNC:28135	ENSG00000139437
HGNC:28136	ENSG00000132004
HGNC:28139	ENSG00000134548
HGNC:28141	ENSG00000272620
HGNC:28142	ENSG00000136490
HGNC:28143	ENSG00000144120
HGNC:28144	ENSG00000165118
HGNC:28145	ENSG00000119820
HGNC:28146	ENSG00000262001
HGNC:28147	ENSG00000175376
HGNC:28148	ENSG00000165233
HGNC:28149	ENSG00000167183
HGNC:28150	ENSG00000184164
HGNC:28152	ENSG00000138092
HGNC:28153	ENSG00000132016
HGNC:28154	ENSG00000168101
HGNC:28155	ENSG00000107872
HGNC:28156	ENSG00000182544
HGNC:28157	ENSG00000138678
HGNC:28158	ENSG00000135953
HGNC:28159	ENSG00000141098
HGNC:28160	ENSG00000070476
HGNC:28161	ENSG00000133878
HGNC:28163	ENSG00000160050
HGNC:28164	ENSG00000164244
HGNC:28166	ENSG00000203666
HGNC:28167	ENSG00000277462
HGNC:28169	ENSG00000214262
HGNC:28170	ENSG00000215908
HGNC:28171	ENSG00000119431
HGNC:28172	ENSG00000152242
HGNC:28174	ENSG00000160539
HGNC:28177	ENSG00000254858
HGNC:28178	ENSG00000136710
HGNC:28180	ENSG00000165152
HGNC:28183	ENSG00000271271
HGNC:28184	ENSG00000159685
HGNC:28185	ENSG00000175938
HGNC:28187	ENSG00000164325
HGNC:28188	ENSG00000137691
HGNC:28189	ENSG00000149761
HGNC:28191	ENSG00000187699
HGNC:28192	ENSG00000198182
HGNC:28194	ENSG00000126249
HGNC:28195	ENSG00000272655
HGNC:28196	ENSG00000163472
HGNC:28197	ENSG00000188321
HGNC:28199	ENSG00000137656
HGNC:282	ENSG00000274286
HGNC:28200	ENSG00000169951
HGNC:28201	ENSG00000132406
HGNC:28203	ENSG00000120647
HGNC:28204	ENSG00000135778
HGNC:28206	ENSG00000171792
HGNC:28207	ENSG00000164077
HGNC:28208	ENSG00000187642
HGNC:28209	ENSG00000174007
HGNC:28210	ENSG00000147689
HGNC:28211	ENSG00000244187
HGNC:28212	ENSG00000183011
HGNC:28213	ENSG00000255072
HGNC:28214	ENSG00000171877
HGNC:28216	ENSG00000178449
HGNC:28217	ENSG00000187713
HGNC:28218	ENSG00000129235
HGNC:28219	ENSG00000186594
HGNC:28221	ENSG00000138629
HGNC:28222	ENSG00000272767
HGNC:28223	ENSG00000255650
HGNC:28224	ENSG00000147679
HGNC:28226	ENSG00000147536
HGNC:28227	ENSG00000153363
HGNC:28228	ENSG00000122477
HGNC:28229	ENSG00000139233
HGNC:28230	ENSG00000141741
HGNC:28233	ENSG00000154945
HGNC:28235	ENSG00000114779
HGNC:28236	ENSG00000213213
HGNC:28237	ENSG00000157637
HGNC:28238	ENSG00000144815
HGNC:28240	ENSG00000122986
HGNC:28242	ENSG00000186603
HGNC:28243	ENSG00000239382
HGNC:28245	ENSG00000272168
HGNC:28246	ENSG00000117154
HGNC:28247	ENSG00000196507
HGNC:28248	ENSG00000235961
HGNC:28249	ENSG00000175309
HGNC:28250	ENSG00000142698
HGNC:28254	ENSG00000233016
HGNC:28255	ENSG00000179715
HGNC:28258	ENSG00000223749
HGNC:28260	ENSG00000237009
HGNC:28261	ENSG00000145348
HGNC:28262	ENSG00000203865
HGNC:28264	ENSG00000180628
HGNC:28268	ENSG00000186523
HGNC:28269	ENSG00000185904
HGNC:28270	ENSG00000198858
HGNC:28272	ENSG00000177946
HGNC:28273	ENSG00000158246
HGNC:28274	ENSG00000143340
HGNC:28275	ENSG00000179178
HGNC:28276	ENSG00000170439
HGNC:28277	ENSG00000176896
HGNC:28278	ENSG00000264575
HGNC:28279	ENSG00000185361
HGNC:28280	ENSG00000181264
HGNC:28281	ENSG00000151135
HGNC:28283	ENSG00000169181
HGNC:28285	ENSG00000231824
HGNC:28286	ENSG00000166750
HGNC:28287	ENSG00000172339
HGNC:28288	ENSG00000184988
HGNC:28289	ENSG00000142039
HGNC:28290	ENSG00000165716
HGNC:28291	ENSG00000198783
HGNC:28292	ENSG00000176396
HGNC:28294	ENSG00000175518
HGNC:28295	ENSG00000128891
HGNC:28296	ENSG00000119333
HGNC:28297	ENSG00000184497
HGNC:28298	ENSG00000268812
HGNC:28299	ENSG00000161091
HGNC:283	ENSG00000184160
HGNC:28300	ENSG00000141698
HGNC:28301	ENSG00000206052
HGNC:28302	ENSG00000169683
HGNC:28303	ENSG00000198003
HGNC:28304	ENSG00000181704
HGNC:28305	ENSG00000167920
HGNC:28306	ENSG00000186314
HGNC:28307	ENSG00000196810
HGNC:28308	ENSG00000175182
HGNC:28309	ENSG00000182685
HGNC:28310	ENSG00000198771
HGNC:28311	ENSG00000146066
HGNC:28312	ENSG00000179219
HGNC:28313	ENSG00000187605
HGNC:28314	ENSG00000170791
HGNC:28316	ENSG00000144362
HGNC:28317	ENSG00000169302
HGNC:28318	ENSG00000162620
HGNC:28319	ENSG00000134020
HGNC:28320	ENSG00000160813
HGNC:28321	ENSG00000152766
HGNC:28322	ENSG00000171443
HGNC:28323	ENSG00000213588
HGNC:28324	ENSG00000167664
HGNC:28325	ENSG00000258701
HGNC:28326	ENSG00000167536
HGNC:28327	ENSG00000260630
HGNC:28328	ENSG00000133858
HGNC:28330	ENSG00000174695
HGNC:28331	ENSG00000157315
HGNC:28332	ENSG00000160799
HGNC:28334	ENSG00000094841
HGNC:28335	ENSG00000166800
HGNC:28336	ENSG00000182916
HGNC:28337	ENSG00000147894
HGNC:28338	ENSG00000170456
HGNC:28339	ENSG00000183888
HGNC:28343	ENSG00000206562
HGNC:28344	ENSG00000143110
HGNC:28346	ENSG00000177150
HGNC:28349	ENSG00000175643
HGNC:28350	ENSG00000169955
HGNC:28351	ENSG00000162194
HGNC:28352	ENSG00000107874
HGNC:28354	ENSG00000212123
HGNC:28355	ENSG00000168904
HGNC:28356	ENSG00000167291
HGNC:28357	ENSG00000124444
HGNC:28358	ENSG00000180902
HGNC:28359	ENSG00000110104
HGNC:28360	ENSG00000130311
HGNC:28361	ENSG00000102781
HGNC:28362	ENSG00000213343
HGNC:28363	ENSG00000127423
HGNC:28364	ENSG00000154608
HGNC:28365	ENSG00000185278
HGNC:28368	ENSG00000067365
HGNC:28369	ENSG00000131652
HGNC:28370	ENSG00000126243
HGNC:28371	ENSG00000174599
HGNC:28372	ENSG00000219294
HGNC:28373	ENSG00000197651
HGNC:28374	ENSG00000234386
HGNC:28375	ENSG00000152611
HGNC:28378	ENSG00000167118
HGNC:28379	ENSG00000157470
HGNC:28380	ENSG00000181035
HGNC:28381	ENSG00000130150
HGNC:28382	ENSG00000186300
HGNC:28383	ENSG00000176635
HGNC:28384	ENSG00000179021
HGNC:28385	ENSG00000168658
HGNC:28386	ENSG00000163633
HGNC:28387	ENSG00000157093
HGNC:28388	ENSG00000151023
HGNC:28389	ENSG00000183066
HGNC:28390	ENSG00000157870
HGNC:28391	ENSG00000157303
HGNC:28392	ENSG00000173401
HGNC:28393	ENSG00000158792
HGNC:28394	ENSG00000198658
HGNC:28395	ENSG00000164023
HGNC:28396	ENSG00000164953
HGNC:28397	ENSG00000170613
HGNC:28398	ENSG00000162641
HGNC:28399	ENSG00000174016
HGNC:28400	ENSG00000271449
HGNC:28401	ENSG00000151962
HGNC:28402	ENSG00000237671
HGNC:28403	ENSG00000145331
HGNC:28404	ENSG00000213047
HGNC:28405	ENSG00000133247
HGNC:28406	ENSG00000183977
HGNC:28407	ENSG00000119231
HGNC:28408	ENSG00000171757
HGNC:28409	ENSG00000137692
HGNC:28412	ENSG00000139579
HGNC:28413	ENSG00000119446
HGNC:28415	ENSG00000204510
HGNC:28416	ENSG00000229140
HGNC:28417	ENSG00000266967
HGNC:28418	ENSG00000117010
HGNC:28419	ENSG00000214046
HGNC:28420	ENSG00000105700
HGNC:28421	ENSG00000213753
HGNC:28422	ENSG00000154743
HGNC:28423	ENSG00000185482
HGNC:28424	ENSG00000123144
HGNC:28425	ENSG00000249993
HGNC:28426	ENSG00000204673
HGNC:28428	ENSG00000040633
HGNC:28429	ENSG00000170464
HGNC:2843	ENSG00000185000
HGNC:28430	ENSG00000127774
HGNC:28431	ENSG00000150551
HGNC:28432	ENSG00000162222
HGNC:28433	ENSG00000182557
HGNC:28434	ENSG00000262919
HGNC:28435	ENSG00000160345
HGNC:28436	ENSG00000273045
HGNC:28437	ENSG00000156990
HGNC:28438	ENSG00000185262
HGNC:28439	ENSG00000147457
HGNC:28440	ENSG00000117597
HGNC:28441	ENSG00000143458
HGNC:28442	ENSG00000163138
HGNC:28443	ENSG00000169609
HGNC:28444	ENSG00000169964
HGNC:28445	ENSG00000198546
HGNC:28447	ENSG00000131797
HGNC:28448	ENSG00000180089
HGNC:28449	ENSG00000188070
HGNC:2845	ENSG00000070413
HGNC:28450	ENSG00000144567
HGNC:28451	ENSG00000144868
HGNC:28453	ENSG00000141034
HGNC:28454	ENSG00000136986
HGNC:28455	ENSG00000003249
HGNC:28456	ENSG00000173621
HGNC:28457	ENSG00000254389
HGNC:28458	ENSG00000156858
HGNC:28459	ENSG00000168591
HGNC:2846	ENSG00000183628
HGNC:28460	ENSG00000125319
HGNC:28461	ENSG00000184967
HGNC:28462	ENSG00000072954
HGNC:28464	ENSG00000168569
HGNC:28465	ENSG00000159884
HGNC:28466	ENSG00000121851
HGNC:28467	ENSG00000131944
HGNC:28468	ENSG00000173548
HGNC:28469	ENSG00000037757
HGNC:2847	ENSG00000128191
HGNC:28470	ENSG00000267595
HGNC:28471	ENSG00000167740
HGNC:28472	ENSG00000170876
HGNC:28473	ENSG00000084092
HGNC:28474	ENSG00000177830
HGNC:28476	ENSG00000130733
HGNC:28477	ENSG00000145882
HGNC:28479	ENSG00000166152
HGNC:28480	ENSG00000168917
HGNC:28482	ENSG00000213123
HGNC:28483	ENSG00000164180
HGNC:28484	ENSG00000127804
HGNC:28486	ENSG00000164073
HGNC:28487	ENSG00000169154
HGNC:28489	ENSG00000162755
HGNC:2849	ENSG00000065357
HGNC:28490	ENSG00000181744
HGNC:28491	ENSG00000179397
HGNC:28492	ENSG00000077458
HGNC:28494	ENSG00000181786
HGNC:28495	ENSG00000176083
HGNC:28496	ENSG00000178202
HGNC:28497	ENSG00000179292
HGNC:28498	ENSG00000169085
HGNC:28499	ENSG00000170419
HGNC:285	ENSG00000043591
HGNC:2850	ENSG00000136267
HGNC:28500	ENSG00000165863
HGNC:28501	ENSG00000196456
HGNC:28503	ENSG00000162976
HGNC:28504	ENSG00000168491
HGNC:28505	ENSG00000228075
HGNC:28506	ENSG00000158023
HGNC:28507	ENSG00000178997
HGNC:28508	ENSG00000155542
HGNC:28509	ENSG00000177324
HGNC:2851	ENSG00000077044
HGNC:28510	ENSG00000107249
HGNC:28511	ENSG00000160318
HGNC:28512	ENSG00000182103
HGNC:28513	ENSG00000116685
HGNC:28514	ENSG00000154240
HGNC:28515	ENSG00000176774
HGNC:28517	ENSG00000152154
HGNC:28518	ENSG00000161652
HGNC:28519	ENSG00000166323
HGNC:2852	ENSG00000153933
HGNC:28520	ENSG00000167014
HGNC:28521	ENSG00000156509
HGNC:28522	ENSG00000180537
HGNC:28523	ENSG00000234043
HGNC:28524	ENSG00000137968
HGNC:28525	ENSG00000223586
HGNC:28526	ENSG00000163378
HGNC:28527	ENSG00000095110
HGNC:28528	ENSG00000135220
HGNC:28529	ENSG00000157368
HGNC:2853	ENSG00000058866
HGNC:28530	ENSG00000009780
HGNC:28531	ENSG00000156521
HGNC:28532	ENSG00000185261
HGNC:28533	ENSG00000181240
HGNC:28534	ENSG00000180697
HGNC:28535	ENSG00000150676
HGNC:28536	ENSG00000167139
HGNC:28537	ENSG00000181778
HGNC:28538	ENSG00000157335
HGNC:28539	ENSG00000182264
HGNC:2854	ENSG00000102780
HGNC:28541	ENSG00000180878
HGNC:28542	ENSG00000197658
HGNC:28543	ENSG00000232973
HGNC:28547	ENSG00000162598
HGNC:2855	ENSG00000157680
HGNC:28550	ENSG00000196932
HGNC:28553	ENSG00000177627
HGNC:28554	ENSG00000197826
HGNC:28556	ENSG00000174628
HGNC:28557	ENSG00000185909
HGNC:28558	ENSG00000166069
HGNC:28559	ENSG00000177414
HGNC:2856	ENSG00000145214
HGNC:28560	ENSG00000223820
HGNC:28561	ENSG00000185522
HGNC:28562	ENSG00000158113
HGNC:28563	ENSG00000177673
HGNC:28565	ENSG00000177294
HGNC:28566	ENSG00000155875
HGNC:28567	ENSG00000157330
HGNC:28568	ENSG00000185264
HGNC:28569	ENSG00000162039
HGNC:2857	ENSG00000149091
HGNC:28570	ENSG00000080572
HGNC:28571	ENSG00000140280
HGNC:28572	ENSG00000170324
HGNC:28573	ENSG00000166961
HGNC:28574	ENSG00000176381
HGNC:28577	ENSG00000139344
HGNC:28578	ENSG00000179988
HGNC:2858	ENSG00000114956
HGNC:28580	ENSG00000175077
HGNC:28581	ENSG00000178243
HGNC:28582	ENSG00000176236
HGNC:28583	ENSG00000147655
HGNC:28584	ENSG00000174370
HGNC:28585	ENSG00000273899
HGNC:28587	ENSG00000169122
HGNC:28588	ENSG00000267493
HGNC:28589	ENSG00000185753
HGNC:2859	ENSG00000116133
HGNC:28590	ENSG00000230438
HGNC:28591	ENSG00000168517
HGNC:28592	ENSG00000180481
HGNC:28593	ENSG00000155744
HGNC:28594	ENSG00000180219
HGNC:28595	ENSG00000236939
HGNC:28596	ENSG00000162885
HGNC:28597	ENSG00000179676
HGNC:28598	ENSG00000174898
HGNC:28599	ENSG00000164221
HGNC:286	ENSG00000169252
HGNC:2860	ENSG00000172893
HGNC:28600	ENSG00000167525
HGNC:28601	ENSG00000179363
HGNC:28602	ENSG00000163645
HGNC:28603	ENSG00000181995
HGNC:28604	ENSG00000180846
HGNC:28605	ENSG00000174226
HGNC:28606	ENSG00000182035
HGNC:28607	ENSG00000173389
HGNC:28608	ENSG00000226783
HGNC:28609	ENSG00000266904
HGNC:2861	ENSG00000228716
HGNC:28610	ENSG00000183273
HGNC:28611	ENSG00000164327
HGNC:28612	ENSG00000158427
HGNC:28613	ENSG00000167077
HGNC:28614	ENSG00000265243
HGNC:28615	ENSG00000196440
HGNC:28617	ENSG00000099625
HGNC:28618	ENSG00000205544
HGNC:28619	ENSG00000175061
HGNC:2862	ENSG00000188985
HGNC:28620	ENSG00000225077
HGNC:28621	ENSG00000214851
HGNC:28622	ENSG00000175664
HGNC:28623	ENSG00000163705
HGNC:28624	ENSG00000171823
HGNC:28625	ENSG00000156170
HGNC:28626	ENSG00000183674
HGNC:28627	ENSG00000166046
HGNC:28628	ENSG00000151131
HGNC:28629	ENSG00000234545
HGNC:2863	ENSG00000228432
HGNC:28631	ENSG00000166997
HGNC:28632	ENSG00000130544
HGNC:28633	ENSG00000197070
HGNC:28635	ENSG00000175066
HGNC:28636	ENSG00000123810
HGNC:28637	ENSG00000186001
HGNC:28638	ENSG00000102886
HGNC:28639	ENSG00000278535
HGNC:28640	ENSG00000213337
HGNC:28641	ENSG00000129197
HGNC:28642	ENSG00000177025
HGNC:28643	ENSG00000251369
HGNC:28644	ENSG00000271321
HGNC:28646	ENSG00000177453
HGNC:28648	ENSG00000144535
HGNC:2865	ENSG00000139549
HGNC:28650	ENSG00000197123
HGNC:28651	ENSG00000122378
HGNC:28652	ENSG00000181450
HGNC:28653	ENSG00000091947
HGNC:28654	ENSG00000184307
HGNC:28655	ENSG00000274026
HGNC:28657	ENSG00000130038
HGNC:28658	ENSG00000144233
HGNC:28659	ENSG00000273111
HGNC:28660	ENSG00000135070
HGNC:28662	ENSG00000129932
HGNC:28663	ENSG00000268941
HGNC:28664	ENSG00000162753
HGNC:28666	ENSG00000184220
HGNC:28667	ENSG00000182795
HGNC:28668	ENSG00000181798
HGNC:28669	ENSG00000198870
HGNC:2867	ENSG00000102967
HGNC:28670	ENSG00000142634
HGNC:28671	ENSG00000187187
HGNC:28672	ENSG00000178927
HGNC:28673	ENSG00000161551
HGNC:28674	ENSG00000155254
HGNC:28675	ENSG00000101842
HGNC:28676	ENSG00000185594
HGNC:28677	ENSG00000186143
HGNC:28678	ENSG00000183346
HGNC:28680	ENSG00000128965
HGNC:28682	ENSG00000181007
HGNC:28683	ENSG00000180964
HGNC:28684	ENSG00000171469
HGNC:28685	ENSG00000145247
HGNC:28687	ENSG00000153446
HGNC:28688	ENSG00000159214
HGNC:28689	ENSG00000143036
HGNC:2869	ENSG00000095059
HGNC:28691	ENSG00000130165
HGNC:28692	ENSG00000181577
HGNC:28694	ENSG00000237775
HGNC:28695	ENSG00000213424
HGNC:28696	ENSG00000189042
HGNC:28697	ENSG00000180011
HGNC:28698	ENSG00000166938
HGNC:28701	ENSG00000168079
HGNC:28702	ENSG00000188060
HGNC:28703	ENSG00000177685
HGNC:28704	ENSG00000140534
HGNC:28705	ENSG00000183688
HGNC:28706	ENSG00000187634
HGNC:28707	ENSG00000280789
HGNC:28709	ENSG00000127419
HGNC:28710	ENSG00000176723
HGNC:28711	ENSG00000167103
HGNC:28712	ENSG00000163116
HGNC:28713	ENSG00000162650
HGNC:28714	ENSG00000237172
HGNC:28715	ENSG00000271601
HGNC:28716	ENSG00000179133
HGNC:28717	ENSG00000222041
HGNC:28719	ENSG00000214367
HGNC:28720	ENSG00000149179
HGNC:28721	ENSG00000165188
HGNC:28722	ENSG00000110871
HGNC:28724	ENSG00000169621
HGNC:28725	ENSG00000177181
HGNC:28726	ENSG00000182993
HGNC:28727	ENSG00000184831
HGNC:28728	ENSG00000173926
HGNC:2873	ENSG00000100243
HGNC:28730	ENSG00000197928
HGNC:28731	ENSG00000205449
HGNC:28732	ENSG00000240654
HGNC:28733	ENSG00000184925
HGNC:28734	ENSG00000188215
HGNC:28735	ENSG00000182950
HGNC:28736	ENSG00000185860
HGNC:28737	ENSG00000258315
HGNC:28738	ENSG00000183530
HGNC:28739	ENSG00000139160
HGNC:2874	ENSG00000181019
HGNC:28740	ENSG00000155714
HGNC:28741	ENSG00000145103
HGNC:28742	ENSG00000177842
HGNC:28743	ENSG00000158457
HGNC:28744	ENSG00000174871
HGNC:28745	ENSG00000214946
HGNC:28746	ENSG00000069509
HGNC:28748	ENSG00000181625
HGNC:28749	ENSG00000187051
HGNC:28750	ENSG00000148942
HGNC:28751	ENSG00000187123
HGNC:28752	ENSG00000184232
HGNC:28753	ENSG00000172460
HGNC:28755	ENSG00000253313
HGNC:28756	ENSG00000129968
HGNC:28757	ENSG00000182183
HGNC:28758	ENSG00000124279
HGNC:28759	ENSG00000166012
HGNC:2876	ENSG00000131504
HGNC:28760	ENSG00000133398
HGNC:28762	ENSG00000171763
HGNC:28763	ENSG00000247077
HGNC:28764	ENSG00000125531
HGNC:28766	ENSG00000213020
HGNC:28767	ENSG00000173349
HGNC:28769	ENSG00000156171
HGNC:2877	ENSG00000147202
HGNC:28771	ENSG00000110108
HGNC:28772	ENSG00000135974
HGNC:28773	ENSG00000122376
HGNC:28775	ENSG00000134291
HGNC:28776	ENSG00000139656
HGNC:28777	ENSG00000179958
HGNC:28778	ENSG00000172967
HGNC:28779	ENSG00000186452
HGNC:28781	ENSG00000213920
HGNC:28782	ENSG00000242498
HGNC:28783	ENSG00000187118
HGNC:28784	ENSG00000155621
HGNC:28785	ENSG00000122085
HGNC:28786	ENSG00000185798
HGNC:28787	ENSG00000150977
HGNC:28788	ENSG00000164076
HGNC:28789	ENSG00000133872
HGNC:2879	ENSG00000180096
HGNC:28790	ENSG00000102390
HGNC:28791	ENSG00000266338
HGNC:28792	ENSG00000116212
HGNC:28793	ENSG00000171806
HGNC:28795	ENSG00000164008
HGNC:28796	ENSG00000178988
HGNC:28797	ENSG00000164855
HGNC:288	ENSG00000188778
HGNC:28801	ENSG00000175573
HGNC:28802	ENSG00000141428
HGNC:28804	ENSG00000158555
HGNC:28805	ENSG00000170638
HGNC:28808	ENSG00000138660
HGNC:28814	ENSG00000113119
HGNC:28816	ENSG00000003509
HGNC:28817	ENSG00000108829
HGNC:28818	ENSG00000279331
HGNC:28819	ENSG00000189410
HGNC:28824	ENSG00000232030
HGNC:28826	ENSG00000164091
HGNC:2883	ENSG00000211452
HGNC:28833	ENSG00000138430
HGNC:28834	ENSG00000007129
HGNC:28835	ENSG00000124449
HGNC:28836	ENSG00000117640
HGNC:28837	ENSG00000160055
HGNC:28838	ENSG00000162624
HGNC:2884	ENSG00000211448
HGNC:28840	ENSG00000116721
HGNC:28841	ENSG00000120952
HGNC:28842	ENSG00000173914
HGNC:28843	ENSG00000159592
HGNC:28844	ENSG00000145868
HGNC:28845	ENSG00000104973
HGNC:28848	ENSG00000172301
HGNC:2885	ENSG00000197406
HGNC:28850	ENSG00000182704
HGNC:28852	ENSG00000171772
HGNC:28853	ENSG00000161677
HGNC:28854	ENSG00000198046
HGNC:28855	ENSG00000221994
HGNC:28856	ENSG00000158717
HGNC:28857	ENSG00000197124
HGNC:28858	ENSG00000178467
HGNC:28859	ENSG00000135245
HGNC:28860	ENSG00000115539
HGNC:28861	ENSG00000255501
HGNC:28862	ENSG00000164190
HGNC:28865	ENSG00000266066
HGNC:28866	ENSG00000159217
HGNC:28867	ENSG00000073792
HGNC:28868	ENSG00000136231
HGNC:28869	ENSG00000162148
HGNC:28870	ENSG00000135272
HGNC:28871	ENSG00000160888
HGNC:28873	ENSG00000134258
HGNC:28874	ENSG00000186407
HGNC:28875	ENSG00000137976
HGNC:28879	ENSG00000187082
HGNC:2888	ENSG00000162946
HGNC:28880	ENSG00000102158
HGNC:28881	ENSG00000132849
HGNC:28883	ENSG00000138777
HGNC:28884	ENSG00000213383
HGNC:28886	ENSG00000241562
HGNC:28887	ENSG00000174106
HGNC:28889	ENSG00000166557
HGNC:28890	ENSG00000215374
HGNC:28894	ENSG00000163564
HGNC:28897	ENSG00000162520
HGNC:28898	ENSG00000128165
HGNC:28899	ENSG00000152749
HGNC:289	ENSG00000173020
HGNC:2890	ENSG00000130826
HGNC:28900	ENSG00000135241
HGNC:28902	ENSG00000185294
HGNC:28904	ENSG00000126878
HGNC:28905	ENSG00000196449
HGNC:28906	ENSG00000152254
HGNC:28907	ENSG00000102313
HGNC:28908	ENSG00000108176
HGNC:28909	ENSG00000101997
HGNC:2891	ENSG00000107984
HGNC:28910	ENSG00000147144
HGNC:28911	ENSG00000243279
HGNC:28912	ENSG00000196998
HGNC:28913	ENSG00000100209
HGNC:28915	ENSG00000123685
HGNC:28916	ENSG00000152409
HGNC:28917	ENSG00000153814
HGNC:28918	ENSG00000090971
HGNC:2892	ENSG00000155011
HGNC:28920	ENSG00000143702
HGNC:28923	ENSG00000164535
HGNC:28924	ENSG00000183323
HGNC:28926	ENSG00000170423
HGNC:28927	ENSG00000139648
HGNC:28928	ENSG00000186049
HGNC:28929	ENSG00000170484
HGNC:2893	ENSG00000050165
HGNC:28930	ENSG00000185640
HGNC:28932	ENSG00000170486
HGNC:2894	ENSG00000104371
HGNC:28942	ENSG00000163463
HGNC:28943	ENSG00000157992
HGNC:28944	ENSG00000274419
HGNC:28945	ENSG00000163811
HGNC:28947	ENSG00000254402
HGNC:28948	ENSG00000166471
HGNC:28949	ENSG00000173226
HGNC:2895	ENSG00000135960
HGNC:28950	ENSG00000235750
HGNC:28951	ENSG00000163219
HGNC:28952	ENSG00000151503
HGNC:28953	ENSG00000100221
HGNC:28954	ENSG00000113593
HGNC:28956	ENSG00000152642
HGNC:28957	ENSG00000127463
HGNC:28958	ENSG00000102900
HGNC:28959	ENSG00000175216
HGNC:2896	ENSG00000150768
HGNC:28960	ENSG00000007202
HGNC:28961	ENSG00000166803
HGNC:28962	ENSG00000118363
HGNC:28963	ENSG00000104412
HGNC:28964	ENSG00000226950
HGNC:28965	ENSG00000188739
HGNC:28966	ENSG00000144560
HGNC:28967	ENSG00000135763
HGNC:28968	ENSG00000189319
HGNC:28969	ENSG00000081791
HGNC:2897	ENSG00000164741
HGNC:28970	ENSG00000132294
HGNC:28971	ENSG00000164808
HGNC:28972	ENSG00000014164
HGNC:28973	ENSG00000110917
HGNC:28974	ENSG00000100304
HGNC:28975	ENSG00000165660
HGNC:28976	ENSG00000135912
HGNC:28977	ENSG00000182149
HGNC:28979	ENSG00000131149
HGNC:2898	ENSG00000091140
HGNC:28980	ENSG00000101003
HGNC:28981	ENSG00000134744
HGNC:28982	ENSG00000113716
HGNC:28983	ENSG00000177728
HGNC:28984	ENSG00000164961
HGNC:28985	ENSG00000123684
HGNC:28986	ENSG00000166716
HGNC:28987	ENSG00000107929
HGNC:28988	ENSG00000157014
HGNC:28989	ENSG00000169246
HGNC:2899	ENSG00000008226
HGNC:28990	ENSG00000101493
HGNC:28991	ENSG00000145016
HGNC:28992	ENSG00000170871
HGNC:28993	ENSG00000103335
HGNC:28994	ENSG00000105778
HGNC:28995	ENSG00000179889
HGNC:28996	ENSG00000137815
HGNC:28997	ENSG00000138593
HGNC:28998	ENSG00000109184
HGNC:28999	ENSG00000054965
HGNC:29	ENSG00000165029
HGNC:290	ENSG00000100077
HGNC:2900	ENSG00000075711
HGNC:29000	ENSG00000172375
HGNC:29001	ENSG00000166881
HGNC:29002	ENSG00000130475
HGNC:29003	ENSG00000180357
HGNC:29004	ENSG00000167395
HGNC:29005	ENSG00000166436
HGNC:29006	ENSG00000148396
HGNC:29007	ENSG00000169933
HGNC:29008	ENSG00000102870
HGNC:29009	ENSG00000177853
HGNC:2901	ENSG00000150672
HGNC:29010	ENSG00000099381
HGNC:29011	ENSG00000168016
HGNC:29012	ENSG00000132510
HGNC:29013	ENSG00000038532
HGNC:29014	ENSG00000166860
HGNC:29016	ENSG00000166398
HGNC:29017	ENSG00000225190
HGNC:2902	ENSG00000082458
HGNC:29020	ENSG00000136813
HGNC:29021	ENSG00000198707
HGNC:29022	ENSG00000100014
HGNC:29023	ENSG00000168781
HGNC:29024	ENSG00000206560
HGNC:29025	ENSG00000198597
HGNC:29026	ENSG00000141258
HGNC:29027	ENSG00000074755
HGNC:29028	ENSG00000110046
HGNC:29029	ENSG00000101407
HGNC:2903	ENSG00000132535
HGNC:29030	ENSG00000132275
HGNC:29032	ENSG00000103184
HGNC:29034	ENSG00000166454
HGNC:29035	ENSG00000145725
HGNC:29036	ENSG00000160785
HGNC:29037	ENSG00000149527
HGNC:29038	ENSG00000169914
HGNC:29039	ENSG00000163125
HGNC:2904	ENSG00000151208
HGNC:29040	ENSG00000198198
HGNC:29041	ENSG00000162413
HGNC:29043	ENSG00000133059
HGNC:29044	ENSG00000198837
HGNC:29045	ENSG00000184677
HGNC:29046	ENSG00000143756
HGNC:2905	ENSG00000170579
HGNC:29050	ENSG00000277147
HGNC:29051	ENSG00000159658
HGNC:29052	ENSG00000227372
HGNC:29058	ENSG00000135709
HGNC:29059	ENSG00000124313
HGNC:2906	ENSG00000198010
HGNC:29060	ENSG00000179314
HGNC:29061	ENSG00000173705
HGNC:29062	ENSG00000111731
HGNC:29063	ENSG00000107518
HGNC:29064	ENSG00000198089
HGNC:29066	ENSG00000186566
HGNC:29067	ENSG00000176049
HGNC:29068	ENSG00000047578
HGNC:29069	ENSG00000176681
HGNC:2907	ENSG00000185559
HGNC:29070	ENSG00000185158
HGNC:29071	ENSG00000102763
HGNC:29072	ENSG00000170160
HGNC:29073	ENSG00000154898
HGNC:29075	ENSG00000104059
HGNC:29076	ENSG00000011523
HGNC:29077	ENSG00000187535
HGNC:29079	ENSG00000004487
HGNC:2908	ENSG00000198719
HGNC:29081	ENSG00000274274
HGNC:29082	ENSG00000108239
HGNC:29083	ENSG00000198948
HGNC:29084	ENSG00000183309
HGNC:29086	ENSG00000174799
HGNC:29088	ENSG00000121892
HGNC:29089	ENSG00000196422
HGNC:2909	ENSG00000090932
HGNC:29090	ENSG00000101596
HGNC:29091	ENSG00000175224
HGNC:29092	ENSG00000124006
HGNC:29093	ENSG00000058673
HGNC:29094	ENSG00000132361
HGNC:29095	ENSG00000196428
HGNC:29096	ENSG00000006740
HGNC:29097	ENSG00000197226
HGNC:29098	ENSG00000122965
HGNC:29099	ENSG00000100726
HGNC:291	ENSG00000239900
HGNC:2910	ENSG00000128917
HGNC:29100	ENSG00000052749
HGNC:29101	ENSG00000176915
HGNC:29102	ENSG00000111647
HGNC:29103	ENSG00000064270
HGNC:29104	ENSG00000176595
HGNC:29105	ENSG00000171680
HGNC:29106	ENSG00000085788
HGNC:29108	ENSG00000091490
HGNC:29109	ENSG00000135426
HGNC:2911	ENSG00000119689
HGNC:29110	ENSG00000198920
HGNC:29112	ENSG00000144711
HGNC:29113	ENSG00000075240
HGNC:29114	ENSG00000137478
HGNC:29116	ENSG00000172765
HGNC:29117	ENSG00000075035
HGNC:29118	ENSG00000196187
HGNC:29119	ENSG00000163960
HGNC:2912	ENSG00000181227
HGNC:29120	ENSG00000114648
HGNC:29121	ENSG00000168502
HGNC:29122	ENSG00000156931
HGNC:29123	ENSG00000164080
HGNC:29125	ENSG00000197959
HGNC:29127	ENSG00000075539
HGNC:29129	ENSG00000149218
HGNC:29130	ENSG00000249115
HGNC:29131	ENSG00000116786
HGNC:29132	ENSG00000173210
HGNC:29134	ENSG00000105339
HGNC:29135	ENSG00000101745
HGNC:29136	ENSG00000127663
HGNC:29138	ENSG00000198780
HGNC:2914	ENSG00000144355
HGNC:29140	ENSG00000129933
HGNC:29141	ENSG00000085433
HGNC:29144	ENSG00000115504
HGNC:29145	ENSG00000132680
HGNC:29146	ENSG00000121210
HGNC:29147	ENSG00000198740
HGNC:29148	ENSG00000174013
HGNC:29149	ENSG00000040199
HGNC:2915	ENSG00000115844
HGNC:29150	ENSG00000151240
HGNC:29151	ENSG00000110042
HGNC:29152	ENSG00000107560
HGNC:29153	ENSG00000140320
HGNC:29154	ENSG00000164151
HGNC:29155	ENSG00000084710
HGNC:29157	ENSG00000116138
HGNC:29158	ENSG00000064932
HGNC:29159	ENSG00000070601
HGNC:2916	ENSG00000064195
HGNC:29160	ENSG00000118246
HGNC:29161	ENSG00000081386
HGNC:29162	ENSG00000138286
HGNC:29163	ENSG00000101004
HGNC:29164	ENSG00000111490
HGNC:29165	ENSG00000160584
HGNC:29167	ENSG00000179912
HGNC:29168	ENSG00000103494
HGNC:29169	ENSG00000153339
HGNC:2917	ENSG00000108813
HGNC:29170	ENSG00000198690
HGNC:29171	ENSG00000106012
HGNC:29172	ENSG00000169330
HGNC:29173	ENSG00000189337
HGNC:29174	ENSG00000136051
HGNC:29175	ENSG00000142784
HGNC:29176	ENSG00000132359
HGNC:29177	ENSG00000061987
HGNC:29178	ENSG00000198815
HGNC:29179	ENSG00000100154
HGNC:2918	ENSG00000105880
HGNC:29180	ENSG00000122733
HGNC:29181	ENSG00000141002
HGNC:29182	ENSG00000110274
HGNC:29183	ENSG00000167202
HGNC:29185	ENSG00000114805
HGNC:29186	ENSG00000107890
HGNC:29187	ENSG00000139718
HGNC:29188	ENSG00000118200
HGNC:29189	ENSG00000105278
HGNC:2919	ENSG00000006377
HGNC:29190	ENSG00000100354
HGNC:29191	ENSG00000064042
HGNC:29193	ENSG00000120645
HGNC:29194	ENSG00000255140
HGNC:29195	ENSG00000105063
HGNC:29196	ENSG00000022567
HGNC:29197	ENSG00000107771
HGNC:29198	ENSG00000163807
HGNC:29199	ENSG00000057704
HGNC:292	ENSG00000035687
HGNC:29200	ENSG00000124374
HGNC:29201	ENSG00000240682
HGNC:29203	ENSG00000162065
HGNC:29204	ENSG00000177868
HGNC:29205	ENSG00000113719
HGNC:29206	ENSG00000204851
HGNC:29207	ENSG00000130764
HGNC:29208	ENSG00000136541
HGNC:29209	ENSG00000122203
HGNC:29210	ENSG00000105556
HGNC:29211	ENSG00000165076
HGNC:29212	ENSG00000196700
HGNC:29213	ENSG00000103888
HGNC:29214	ENSG00000023171
HGNC:29215	ENSG00000158352
HGNC:29216	ENSG00000031081
HGNC:29217	ENSG00000126464
HGNC:29218	ENSG00000250423
HGNC:29219	ENSG00000109265
HGNC:29221	ENSG00000170471
HGNC:29222	ENSG00000122482
HGNC:29223	ENSG00000151458
HGNC:29225	ENSG00000122417
HGNC:29227	ENSG00000173706
HGNC:29228	ENSG00000166532
HGNC:29229	ENSG00000174145
HGNC:29230	ENSG00000119778
HGNC:29231	ENSG00000114656
HGNC:29232	ENSG00000173193
HGNC:29233	ENSG00000088888
HGNC:29235	ENSG00000047662
HGNC:29237	ENSG00000047644
HGNC:29238	ENSG00000168916
HGNC:29239	ENSG00000164066
HGNC:29241	ENSG00000108506
HGNC:29242	ENSG00000174705
HGNC:29243	ENSG00000091009
HGNC:29244	ENSG00000183775
HGNC:29245	ENSG00000243978
HGNC:29246	ENSG00000132405
HGNC:29248	ENSG00000150477
HGNC:29249	ENSG00000037637
HGNC:29250	ENSG00000118965
HGNC:29251	ENSG00000204624
HGNC:29252	ENSG00000087448
HGNC:29253	ENSG00000048342
HGNC:29254	ENSG00000197566
HGNC:29255	ENSG00000145390
HGNC:29256	ENSG00000112320
HGNC:29259	ENSG00000160551
HGNC:2926	ENSG00000187908
HGNC:29260	ENSG00000144959
HGNC:29262	ENSG00000068885
HGNC:29263	ENSG00000113369
HGNC:29264	ENSG00000110318
HGNC:29265	ENSG00000212916
HGNC:29266	ENSG00000197705
HGNC:29267	ENSG00000275052
HGNC:29268	ENSG00000172508
HGNC:29269	ENSG00000144583
HGNC:2927	ENSG00000100206
HGNC:29270	ENSG00000033100
HGNC:29271	ENSG00000124201
HGNC:29272	ENSG00000163617
HGNC:29273	ENSG00000008869
HGNC:29274	ENSG00000181819
HGNC:29276	ENSG00000164323
HGNC:29277	ENSG00000143373
HGNC:29278	ENSG00000088881
HGNC:29279	ENSG00000266074
HGNC:2928	ENSG00000198947
HGNC:29280	ENSG00000052795
HGNC:29282	ENSG00000109171
HGNC:29283	ENSG00000165757
HGNC:29284	ENSG00000066084
HGNC:29285	ENSG00000141084
HGNC:29286	ENSG00000167178
HGNC:29288	ENSG00000084444
HGNC:29289	ENSG00000134444
HGNC:29290	ENSG00000128011
HGNC:29291	ENSG00000144460
HGNC:29292	ENSG00000130224
HGNC:29293	ENSG00000275832
HGNC:29295	ENSG00000179172
HGNC:29296	ENSG00000135205
HGNC:29297	ENSG00000183647
HGNC:29298	ENSG00000103995
HGNC:29299	ENSG00000162415
HGNC:29300	ENSG00000197256
HGNC:29301	ENSG00000162522
HGNC:29302	ENSG00000163507
HGNC:29303	ENSG00000197816
HGNC:29304	ENSG00000163945
HGNC:29305	ENSG00000089351
HGNC:29306	ENSG00000012822
HGNC:29307	ENSG00000076826
HGNC:29308	ENSG00000112787
HGNC:29312	ENSG00000142065
HGNC:29313	ENSG00000204186
HGNC:29314	ENSG00000158966
HGNC:29315	ENSG00000171724
HGNC:29316	ENSG00000130449
HGNC:29317	ENSG00000148948
HGNC:29318	ENSG00000078687
HGNC:29319	ENSG00000187164
HGNC:2932	ENSG00000152592
HGNC:29320	ENSG00000151553
HGNC:29321	ENSG00000167566
HGNC:29322	ENSG00000163510
HGNC:29323	ENSG00000128815
HGNC:29324	ENSG00000119522
HGNC:29325	ENSG00000140950
HGNC:29326	ENSG00000013293
HGNC:29327	ENSG00000135835
HGNC:29328	ENSG00000186020
HGNC:29329	ENSG00000074855
HGNC:2933	ENSG00000104936
HGNC:29330	ENSG00000145388
HGNC:29331	ENSG00000152223
HGNC:29332	ENSG00000184454
HGNC:29333	ENSG00000196912
HGNC:29334	ENSG00000159733
HGNC:29335	ENSG00000138944
HGNC:29336	ENSG00000235954
HGNC:2934	ENSG00000137090
HGNC:29344	ENSG00000275793
HGNC:29345	ENSG00000197077
HGNC:29346	ENSG00000148814
HGNC:29347	ENSG00000174010
HGNC:29348	ENSG00000144229
HGNC:29349	ENSG00000184305
HGNC:2935	ENSG00000173253
HGNC:29350	ENSG00000130518
HGNC:29351	ENSG00000147799
HGNC:29352	ENSG00000185085
HGNC:29353	ENSG00000198908
HGNC:29356	ENSG00000164118
HGNC:29357	ENSG00000141431
HGNC:29359	ENSG00000253502
HGNC:2936	ENSG00000185800
HGNC:29360	ENSG00000175137
HGNC:29361	ENSG00000138018
HGNC:29362	ENSG00000149289
HGNC:29363	ENSG00000137460
HGNC:29364	ENSG00000115183
HGNC:29365	ENSG00000178163
HGNC:29366	ENSG00000166004
HGNC:29367	ENSG00000180543
HGNC:29368	ENSG00000142609
HGNC:29369	ENSG00000132478
HGNC:2937	ENSG00000172869
HGNC:29370	ENSG00000148841
HGNC:29371	ENSG00000198885
HGNC:29372	ENSG00000149633
HGNC:29373	ENSG00000133739
HGNC:29374	ENSG00000171798
HGNC:29375	ENSG00000256704
HGNC:29377	ENSG00000166432
HGNC:29378	ENSG00000165443
HGNC:29379	ENSG00000203965
HGNC:2938	ENSG00000104093
HGNC:29380	ENSG00000243943
HGNC:29381	ENSG00000107816
HGNC:29382	ENSG00000147234
HGNC:29383	ENSG00000170903
HGNC:29384	ENSG00000167555
HGNC:29385	ENSG00000189164
HGNC:29386	ENSG00000154222
HGNC:29387	ENSG00000162929
HGNC:29389	ENSG00000139767
HGNC:2939	ENSG00000138346
HGNC:29392	ENSG00000180626
HGNC:29393	ENSG00000167676
HGNC:29394	ENSG00000206579
HGNC:29395	ENSG00000198889
HGNC:29396	ENSG00000166897
HGNC:29397	ENSG00000139364
HGNC:29399	ENSG00000153404
HGNC:2940	ENSG00000114841
HGNC:29400	ENSG00000055813
HGNC:29401	ENSG00000162601
HGNC:29402	ENSG00000141576
HGNC:29403	ENSG00000272887
HGNC:29404	ENSG00000119771
HGNC:29405	ENSG00000080947
HGNC:29406	ENSG00000170234
HGNC:29408	ENSG00000142621
HGNC:29409	ENSG00000163013
HGNC:2941	ENSG00000197653
HGNC:29410	ENSG00000167037
HGNC:29411	ENSG00000151952
HGNC:29412	ENSG00000144369
HGNC:29413	ENSG00000146112
HGNC:29415	ENSG00000167625
HGNC:29416	ENSG00000157657
HGNC:29417	ENSG00000183186
HGNC:29418	ENSG00000217128
HGNC:29419	ENSG00000103356
HGNC:2942	ENSG00000105877
HGNC:29420	ENSG00000159579
HGNC:29421	ENSG00000261011
HGNC:29422	ENSG00000168096
HGNC:29423	ENSG00000203326
HGNC:29424	ENSG00000089847
HGNC:29425	ENSG00000182903
HGNC:29426	ENSG00000183287
HGNC:29427	ENSG00000169247
HGNC:2943	ENSG00000174844
HGNC:29430	ENSG00000242732
HGNC:29431	ENSG00000173517
HGNC:29433	ENSG00000050030
HGNC:29434	ENSG00000135870
HGNC:29435	ENSG00000113645
HGNC:29436	ENSG00000198715
HGNC:29437	ENSG00000147003
HGNC:29441	ENSG00000121621
HGNC:29442	ENSG00000116852
HGNC:29443	ENSG00000141200
HGNC:29445	ENSG00000151963
HGNC:29446	ENSG00000183569
HGNC:29448	ENSG00000227124
HGNC:2945	ENSG00000185842
HGNC:29450	ENSG00000126603
HGNC:29451	ENSG00000137441
HGNC:29452	ENSG00000166896
HGNC:29455	ENSG00000189068
HGNC:29456	ENSG00000143337
HGNC:29457	ENSG00000229919
HGNC:29458	ENSG00000260727
HGNC:29459	ENSG00000186844
HGNC:2946	ENSG00000187775
HGNC:29460	ENSG00000187180
HGNC:29461	ENSG00000185962
HGNC:29462	ENSG00000187238
HGNC:29463	ENSG00000185966
HGNC:29464	ENSG00000197084
HGNC:29465	ENSG00000172155
HGNC:29466	ENSG00000186226
HGNC:29467	ENSG00000240386
HGNC:29468	ENSG00000198854
HGNC:29469	ENSG00000187173
HGNC:29471	ENSG00000204381
HGNC:29472	ENSG00000257093
HGNC:29473	ENSG00000213015
HGNC:29477	ENSG00000213625
HGNC:29478	ENSG00000067836
HGNC:29479	ENSG00000123219
HGNC:2948	ENSG00000183914
HGNC:29480	ENSG00000171236
HGNC:29484	ENSG00000138336
HGNC:29485	ENSG00000204479
HGNC:29486	ENSG00000178172
HGNC:29487	ENSG00000231007
HGNC:29488	ENSG00000183336
HGNC:29489	ENSG00000183955
HGNC:2949	ENSG00000158486
HGNC:29499	ENSG00000164308
HGNC:2950	ENSG00000039139
HGNC:29500	ENSG00000157353
HGNC:29501	ENSG00000121957
HGNC:29502	ENSG00000204311
HGNC:29503	ENSG00000196233
HGNC:29504	ENSG00000186919
HGNC:29506	ENSG00000277363
HGNC:29507	ENSG00000121064
HGNC:29508	ENSG00000134313
HGNC:29509	ENSG00000117362
HGNC:2951	ENSG00000115423
HGNC:29510	ENSG00000066855
HGNC:29511	ENSG00000141577
HGNC:29513	ENSG00000021776
HGNC:29514	ENSG00000186417
HGNC:29515	ENSG00000090924
HGNC:29517	ENSG00000108771
HGNC:2952	ENSG00000124721
HGNC:29520	ENSG00000062194
HGNC:29521	ENSG00000111678
HGNC:29522	ENSG00000111671
HGNC:29523	ENSG00000070761
HGNC:29524	ENSG00000163440
HGNC:29525	ENSG00000174332
HGNC:29526	ENSG00000187522
HGNC:29527	ENSG00000181061
HGNC:29528	ENSG00000065548
HGNC:29529	ENSG00000177565
HGNC:2953	ENSG00000007174
HGNC:29530	ENSG00000167702
HGNC:29531	ENSG00000155506
HGNC:29532	ENSG00000213626
HGNC:29533	ENSG00000121579
HGNC:29534	ENSG00000139641
HGNC:29535	ENSG00000143033
HGNC:29536	ENSG00000137802
HGNC:29537	ENSG00000105419
HGNC:2954	ENSG00000122735
HGNC:29540	ENSG00000141101
HGNC:29543	ENSG00000173954
HGNC:29544	ENSG00000186312
HGNC:29545	ENSG00000111707
HGNC:29546	ENSG00000035115
HGNC:29547	ENSG00000171241
HGNC:29548	ENSG00000130159
HGNC:29549	ENSG00000166211
HGNC:2955	ENSG00000100246
HGNC:29550	ENSG00000177963
HGNC:29551	ENSG00000154144
HGNC:29553	ENSG00000176912
HGNC:29554	ENSG00000175931
HGNC:29555	ENSG00000120784
HGNC:29556	ENSG00000115468
HGNC:29557	ENSG00000162614
HGNC:29558	ENSG00000163545
HGNC:29559	ENSG00000062716
HGNC:2956	ENSG00000213918
HGNC:29560	ENSG00000151500
HGNC:29561	ENSG00000173409
HGNC:29562	ENSG00000166783
HGNC:29563	ENSG00000119242
HGNC:29564	ENSG00000125149
HGNC:29565	ENSG00000167130
HGNC:29566	ENSG00000105520
HGNC:29567	ENSG00000103740
HGNC:29568	ENSG00000156959
HGNC:29569	ENSG00000144182
HGNC:2957	ENSG00000013563
HGNC:29570	ENSG00000135423
HGNC:29571	ENSG00000164406
HGNC:29572	ENSG00000105699
HGNC:29573	ENSG00000144824
HGNC:29574	ENSG00000156384
HGNC:29575	ENSG00000153498
HGNC:29576	ENSG00000153443
HGNC:29577	ENSG00000166822
HGNC:29578	ENSG00000154429
HGNC:29579	ENSG00000163071
HGNC:2958	ENSG00000167968
HGNC:29580	ENSG00000165120
HGNC:29581	ENSG00000270806
HGNC:29583	ENSG00000169224
HGNC:29585	ENSG00000151575
HGNC:29586	ENSG00000163016
HGNC:29587	ENSG00000175449
HGNC:29588	ENSG00000166960
HGNC:29589	ENSG00000186118
HGNC:2959	ENSG00000163687
HGNC:29590	ENSG00000142544
HGNC:29591	ENSG00000180999
HGNC:29592	ENSG00000184811
HGNC:29593	ENSG00000186352
HGNC:29594	ENSG00000164405
HGNC:29595	ENSG00000143954
HGNC:29596	ENSG00000106565
HGNC:29597	ENSG00000237693
HGNC:29598	ENSG00000133315
HGNC:29599	ENSG00000118307
HGNC:2960	ENSG00000105612
HGNC:29600	ENSG00000156603
HGNC:29601	ENSG00000141219
HGNC:29602	ENSG00000162493
HGNC:29603	ENSG00000171116
HGNC:29604	ENSG00000180155
HGNC:29605	ENSG00000111252
HGNC:29606	ENSG00000213512
HGNC:29607	ENSG00000270276
HGNC:29608	ENSG00000147649
HGNC:29609	ENSG00000162836
HGNC:2961	ENSG00000197102
HGNC:29611	ENSG00000213403
HGNC:29612	ENSG00000162511
HGNC:29613	ENSG00000151033
HGNC:29614	ENSG00000275722
HGNC:29615	ENSG00000185674
HGNC:29616	ENSG00000170037
HGNC:29618	ENSG00000116299
HGNC:29619	ENSG00000197629
HGNC:2962	ENSG00000187240
HGNC:29620	ENSG00000139168
HGNC:29622	ENSG00000100294
HGNC:29623	ENSG00000013288
HGNC:29624	ENSG00000253915
HGNC:29625	ENSG00000185888
HGNC:29626	ENSG00000172938
HGNC:29629	ENSG00000106245
HGNC:2963	ENSG00000158560
HGNC:29631	ENSG00000105518
HGNC:29632	ENSG00000160472
HGNC:29633	ENSG00000197880
HGNC:29634	ENSG00000145794
HGNC:29635	ENSG00000157890
HGNC:29636	ENSG00000138587
HGNC:29639	ENSG00000177383
HGNC:2964	ENSG00000077380
HGNC:29641	ENSG00000160953
HGNC:29642	ENSG00000206199
HGNC:29643	ENSG00000115648
HGNC:29644	ENSG00000006007
HGNC:29645	ENSG00000137819
HGNC:29646	ENSG00000167695
HGNC:29647	ENSG00000081026
HGNC:29650	ENSG00000127564
HGNC:29652	ENSG00000116455
HGNC:29653	ENSG00000179965
HGNC:29654	ENSG00000184838
HGNC:29656	ENSG00000130193
HGNC:29657	ENSG00000198160
HGNC:29658	ENSG00000166823
HGNC:29659	ENSG00000188095
HGNC:2966	ENSG00000135720
HGNC:29660	ENSG00000220884
HGNC:29661	ENSG00000162600
HGNC:29663	ENSG00000215183
HGNC:29665	ENSG00000251562
HGNC:29666	ENSG00000103707
HGNC:29667	ENSG00000167747
HGNC:29668	ENSG00000288859
HGNC:29669	ENSG00000119650
HGNC:29670	ENSG00000111670
HGNC:29672	ENSG00000164877
HGNC:29673	ENSG00000197614
HGNC:29674	ENSG00000139547
HGNC:29675	ENSG00000121940
HGNC:29676	ENSG00000080608
HGNC:29677	ENSG00000158497
HGNC:29678	ENSG00000125459
HGNC:29679	ENSG00000217930
HGNC:29680	ENSG00000075303
HGNC:29681	ENSG00000171612
HGNC:29682	ENSG00000164347
HGNC:29683	ENSG00000164933
HGNC:29685	ENSG00000067704
HGNC:29686	ENSG00000273698
HGNC:29688	ENSG00000275940
HGNC:29689	ENSG00000249449
HGNC:29690	ENSG00000254312
HGNC:29691	ENSG00000282625
HGNC:29697	ENSG00000259441
HGNC:29698	ENSG00000257480
HGNC:29699	ENSG00000215734
HGNC:297	ENSG00000234479
HGNC:29700	ENSG00000250324
HGNC:29701	ENSG00000215349
HGNC:29702	ENSG00000276576
HGNC:29704	ENSG00000220125
HGNC:29705	ENSG00000220868
HGNC:29706	ENSG00000232075
HGNC:29707	ENSG00000230691
HGNC:29708	ENSG00000225392
HGNC:29710	ENSG00000178636
HGNC:29711	ENSG00000216364
HGNC:29712	ENSG00000219297
HGNC:29713	ENSG00000242552
HGNC:29715	ENSG00000232508
HGNC:29716	ENSG00000228782
HGNC:29717	ENSG00000224296
HGNC:29718	ENSG00000253934
HGNC:29719	ENSG00000234587
HGNC:2972	ENSG00000106976
HGNC:29720	ENSG00000238285
HGNC:29722	ENSG00000235469
HGNC:29724	ENSG00000232777
HGNC:29725	ENSG00000235299
HGNC:29726	ENSG00000254305
HGNC:29727	ENSG00000234325
HGNC:29728	ENSG00000235378
HGNC:2973	ENSG00000087470
HGNC:29730	ENSG00000259186
HGNC:29732	ENSG00000229182
HGNC:29733	ENSG00000226336
HGNC:29734	ENSG00000268949
HGNC:29736	ENSG00000239226
HGNC:29737	ENSG00000274493
HGNC:29739	ENSG00000227814
HGNC:2974	ENSG00000079805
HGNC:29740	ENSG00000229759
HGNC:29741	ENSG00000226013
HGNC:29742	ENSG00000235232
HGNC:29745	ENSG00000255763
HGNC:29747	ENSG00000228807
HGNC:29748	ENSG00000234496
HGNC:29749	ENSG00000227425
HGNC:29750	ENSG00000221879
HGNC:29752	ENSG00000226395
HGNC:29753	ENSG00000214298
HGNC:29754	ENSG00000260024
HGNC:29755	ENSG00000259978
HGNC:29756	ENSG00000262759
HGNC:29757	ENSG00000271056
HGNC:2976	ENSG00000130816
HGNC:29762	ENSG00000228507
HGNC:29763	ENSG00000275256
HGNC:29765	ENSG00000249649
HGNC:29766	ENSG00000251308
HGNC:29767	ENSG00000234821
HGNC:29769	ENSG00000250830
HGNC:2977	ENSG00000107614
HGNC:29770	ENSG00000270192
HGNC:29771	ENSG00000236152
HGNC:29772	ENSG00000249539
HGNC:29773	ENSG00000253814
HGNC:29774	ENSG00000255231
HGNC:29775	ENSG00000257927
HGNC:29778	ENSG00000214743
HGNC:29779	ENSG00000266915
HGNC:2978	ENSG00000119772
HGNC:29781	ENSG00000237130
HGNC:29782	ENSG00000257820
HGNC:29786	ENSG00000147454
HGNC:29787	ENSG00000184428
HGNC:29788	ENSG00000122033
HGNC:29789	ENSG00000129422
HGNC:2979	ENSG00000088305
HGNC:29796	ENSG00000116586
HGNC:29797	ENSG00000163002
HGNC:29798	ENSG00000143674
HGNC:29799	ENSG00000198964
HGNC:298	ENSG00000232707
HGNC:2980	ENSG00000142182
HGNC:29800	ENSG00000142961
HGNC:29801	ENSG00000173542
HGNC:29802	ENSG00000172081
HGNC:29803	ENSG00000215264
HGNC:29804	ENSG00000100139
HGNC:29805	ENSG00000144802
HGNC:29806	ENSG00000175489
HGNC:29807	ENSG00000139714
HGNC:29808	ENSG00000137747
HGNC:2981	ENSG00000123992
HGNC:29810	ENSG00000196199
HGNC:29811	ENSG00000188038
HGNC:29812	ENSG00000110063
HGNC:29813	ENSG00000136715
HGNC:29814	ENSG00000172732
HGNC:29816	ENSG00000163833
HGNC:29818	ENSG00000184905
HGNC:29819	ENSG00000186260
HGNC:29821	ENSG00000105655
HGNC:29822	ENSG00000041515
HGNC:29823	ENSG00000196465
HGNC:29824	ENSG00000180209
HGNC:29825	ENSG00000106436
HGNC:29826	ENSG00000140795
HGNC:29827	ENSG00000118680
HGNC:29828	ENSG00000164989
HGNC:29829	ENSG00000171219
HGNC:2983	ENSG00000107447
HGNC:29830	ENSG00000135372
HGNC:29831	ENSG00000008130
HGNC:29832	ENSG00000172890
HGNC:29834	ENSG00000184860
HGNC:29835	ENSG00000224550
HGNC:29836	ENSG00000185633
HGNC:29838	ENSG00000188566
HGNC:29841	ENSG00000257127
HGNC:29843	ENSG00000165802
HGNC:29845	ENSG00000182489
HGNC:29846	ENSG00000274211
HGNC:29847	ENSG00000176771
HGNC:29849	ENSG00000175161
HGNC:2985	ENSG00000149927
HGNC:29850	ENSG00000102921
HGNC:29851	ENSG00000078177
HGNC:29852	ENSG00000145911
HGNC:29853	ENSG00000138411
HGNC:29856	ENSG00000172775
HGNC:29857	ENSG00000011243
HGNC:29858	ENSG00000087095
HGNC:29859	ENSG00000108798
HGNC:2986	ENSG00000272636
HGNC:29860	ENSG00000260287
HGNC:29861	ENSG00000101938
HGNC:29862	ENSG00000169752
HGNC:29865	ENSG00000115561
HGNC:29866	ENSG00000163531
HGNC:29867	ENSG00000197847
HGNC:29868	ENSG00000144834
HGNC:29869	ENSG00000129946
HGNC:2987	ENSG00000150760
HGNC:29872	ENSG00000235568
HGNC:29873	ENSG00000101882
HGNC:29874	ENSG00000163634
HGNC:29875	ENSG00000169509
HGNC:29876	ENSG00000143612
HGNC:29877	ENSG00000143569
HGNC:29878	ENSG00000114021
HGNC:2988	ENSG00000134516
HGNC:29882	ENSG00000136003
HGNC:29883	ENSG00000186074
HGNC:29884	ENSG00000154127
HGNC:29885	ENSG00000128915
HGNC:29886	ENSG00000277883
HGNC:29887	ENSG00000215174
HGNC:29888	ENSG00000256581
HGNC:29889	ENSG00000167984
HGNC:2989	ENSG00000088538
HGNC:29890	ENSG00000160703
HGNC:29891	ENSG00000230409
HGNC:29893	ENSG00000255794
HGNC:29895	ENSG00000280650
HGNC:29897	ENSG00000169189
HGNC:29898	ENSG00000166920
HGNC:29899	ENSG00000121690
HGNC:2990	ENSG00000115325
HGNC:29902	ENSG00000230257
HGNC:29904	ENSG00000231177
HGNC:29905	ENSG00000009307
HGNC:29907	ENSG00000255284
HGNC:29909	ENSG00000157045
HGNC:2991	ENSG00000147443
HGNC:29910	ENSG00000255397
HGNC:29911	ENSG00000197223
HGNC:29912	ENSG00000136436
HGNC:29913	ENSG00000091732
HGNC:29914	ENSG00000111581
HGNC:29915	ENSG00000143552
HGNC:29916	ENSG00000141562
HGNC:29917	ENSG00000111554
HGNC:29918	ENSG00000178057
HGNC:29919	ENSG00000184507
HGNC:2992	ENSG00000204348
HGNC:29920	ENSG00000166582
HGNC:29923	ENSG00000069275
HGNC:29925	ENSG00000134697
HGNC:29926	ENSG00000055044
HGNC:29928	ENSG00000219682
HGNC:29929	ENSG00000075188
HGNC:2993	ENSG00000159147
HGNC:29930	ENSG00000186599
HGNC:29931	ENSG00000163938
HGNC:29932	ENSG00000068120
HGNC:29933	ENSG00000140853
HGNC:29934	ENSG00000171804
HGNC:29935	ENSG00000144962
HGNC:29936	ENSG00000137473
HGNC:29937	ENSG00000139537
HGNC:29938	ENSG00000105298
HGNC:29940	ENSG00000170074
HGNC:29941	ENSG00000157259
HGNC:29942	ENSG00000182612
HGNC:29943	ENSG00000145934
HGNC:29944	ENSG00000218336
HGNC:29945	ENSG00000149256
HGNC:29946	ENSG00000229863
HGNC:29947	ENSG00000182606
HGNC:2995	ENSG00000172269
HGNC:29953	ENSG00000138315
HGNC:29954	ENSG00000239521
HGNC:29955	ENSG00000163959
HGNC:29956	ENSG00000186198
HGNC:29957	ENSG00000142920
HGNC:29958	ENSG00000170426
HGNC:29959	ENSG00000113638
HGNC:29960	ENSG00000170909
HGNC:29961	ENSG00000188729
HGNC:29962	ENSG00000185448
HGNC:29966	ENSG00000184276
HGNC:29969	ENSG00000137463
HGNC:29970	ENSG00000183378
HGNC:29971	ENSG00000116885
HGNC:29972	ENSG00000114107
HGNC:29980	ENSG00000176302
HGNC:29982	ENSG00000188710
HGNC:29983	ENSG00000172667
HGNC:29984	ENSG00000120471
HGNC:29989	ENSG00000167491
HGNC:29990	ENSG00000176046
HGNC:29991	ENSG00000152520
HGNC:29992	ENSG00000158639
HGNC:29993	ENSG00000101883
HGNC:29994	ENSG00000198092
HGNC:29995	ENSG00000215704
HGNC:29996	ENSG00000179271
HGNC:29997	ENSG00000196143
HGNC:29999	ENSG00000109089
HGNC:30	ENSG00000154263
HGNC:30000	ENSG00000122507
HGNC:30002	ENSG00000143164
HGNC:30003	ENSG00000203724
HGNC:30004	ENSG00000213648
HGNC:30005	ENSG00000184389
HGNC:30006	ENSG00000269313
HGNC:30008	ENSG00000228369
HGNC:30009	ENSG00000162517
HGNC:30010	ENSG00000174516
HGNC:30011	ENSG00000131721
HGNC:30012	ENSG00000258429
HGNC:30013	ENSG00000161031
HGNC:30014	ENSG00000159527
HGNC:30015	ENSG00000163218
HGNC:3002	ENSG00000015413
HGNC:30020	ENSG00000215049
HGNC:30021	ENSG00000130589
HGNC:30022	ENSG00000155846
HGNC:30023	ENSG00000081154
HGNC:30024	ENSG00000114757
HGNC:30025	ENSG00000148840
HGNC:30026	ENSG00000241839
HGNC:30027	ENSG00000077684
HGNC:30029	ENSG00000087157
HGNC:3003	ENSG00000108963
HGNC:30031	ENSG00000155252
HGNC:30032	ENSG00000175115
HGNC:30033	ENSG00000054148
HGNC:30034	ENSG00000155629
HGNC:30035	ENSG00000141506
HGNC:30036	ENSG00000052126
HGNC:30037	ENSG00000106086
HGNC:30038	ENSG00000159337
HGNC:3004	ENSG00000132768
HGNC:30040	ENSG00000158786
HGNC:30041	ENSG00000163803
HGNC:30042	ENSG00000107902
HGNC:30043	ENSG00000076641
HGNC:30045	ENSG00000157106
HGNC:30046	ENSG00000254093
HGNC:30047	ENSG00000256977
HGNC:30048	ENSG00000087842
HGNC:30049	ENSG00000176840
HGNC:3005	ENSG00000000419
HGNC:30052	ENSG00000132182
HGNC:30053	ENSG00000188771
HGNC:30054	ENSG00000006659
HGNC:30055	ENSG00000126062
HGNC:30057	ENSG00000174946
HGNC:30059	ENSG00000176454
HGNC:3006	ENSG00000136908
HGNC:30060	ENSG00000103512
HGNC:30061	ENSG00000187953
HGNC:30062	ENSG00000197989
HGNC:30064	ENSG00000163939
HGNC:30065	ENSG00000244257
HGNC:30066	ENSG00000227827
HGNC:30067	ENSG00000183458
HGNC:30068	ENSG00000205746
HGNC:30069	ENSG00000254681
HGNC:3007	ENSG00000179085
HGNC:30070	ENSG00000250251
HGNC:30071	ENSG00000142687
HGNC:30072	ENSG00000204936
HGNC:30073	ENSG00000014138
HGNC:30074	ENSG00000148606
HGNC:30075	ENSG00000113356
HGNC:30076	ENSG00000186141
HGNC:30077	ENSG00000129625
HGNC:30078	ENSG00000115255
HGNC:30079	ENSG00000178297
HGNC:3008	ENSG00000254986
HGNC:30080	ENSG00000128262
HGNC:30081	ENSG00000105171
HGNC:30083	ENSG00000185774
HGNC:30084	ENSG00000185222
HGNC:30085	ENSG00000107738
HGNC:30086	ENSG00000169718
HGNC:30087	ENSG00000136925
HGNC:30088	ENSG00000279730
HGNC:30089	ENSG00000279050
HGNC:3009	ENSG00000197635
HGNC:30090	ENSG00000279192
HGNC:30091	ENSG00000133246
HGNC:30092	ENSG00000105835
HGNC:30093	ENSG00000140961
HGNC:30096	ENSG00000115128
HGNC:30097	ENSG00000165494
HGNC:30098	ENSG00000149532
HGNC:30099	ENSG00000183979
HGNC:3010	ENSG00000130226
HGNC:30100	ENSG00000205155
HGNC:30102	ENSG00000280837
HGNC:30103	ENSG00000182831
HGNC:3011	ENSG00000143196
HGNC:30114	ENSG00000268350
HGNC:30119	ENSG00000259073
HGNC:3012	ENSG00000188641
HGNC:30123	ENSG00000156802
HGNC:30125	ENSG00000170476
HGNC:30129	ENSG00000104356
HGNC:3013	ENSG00000147647
HGNC:30130	ENSG00000163291
HGNC:30131	ENSG00000188582
HGNC:30132	ENSG00000160781
HGNC:30133	ENSG00000136297
HGNC:30134	ENSG00000141456
HGNC:30135	ENSG00000149380
HGNC:30136	ENSG00000011638
HGNC:30138	ENSG00000152558
HGNC:30139	ENSG00000088899
HGNC:3014	ENSG00000092964
HGNC:30140	ENSG00000198933
HGNC:30141	ENSG00000166199
HGNC:30142	ENSG00000130513
HGNC:30143	ENSG00000229637
HGNC:30145	ENSG00000227418
HGNC:30146	ENSG00000186103
HGNC:30147	ENSG00000241506
HGNC:30148	ENSG00000264176
HGNC:3015	ENSG00000113657
HGNC:30150	ENSG00000235444
HGNC:30151	ENSG00000226652
HGNC:30152	ENSG00000232041
HGNC:30153	ENSG00000240135
HGNC:30156	ENSG00000248988
HGNC:30157	ENSG00000251332
HGNC:30158	ENSG00000253208
HGNC:30159	ENSG00000227462
HGNC:3016	ENSG00000151640
HGNC:30160	ENSG00000225131
HGNC:30162	ENSG00000283632
HGNC:30163	ENSG00000185238
HGNC:30164	ENSG00000086666
HGNC:30166	ENSG00000188010
HGNC:30167	ENSG00000155660
HGNC:30168	ENSG00000143870
HGNC:3017	ENSG00000117505
HGNC:30171	ENSG00000152137
HGNC:30172	ENSG00000266173
HGNC:30173	ENSG00000108666
HGNC:30174	ENSG00000254623
HGNC:30175	ENSG00000250483
HGNC:30178	ENSG00000214517
HGNC:30179	ENSG00000168061
HGNC:3018	ENSG00000091138
HGNC:30180	ENSG00000204856
HGNC:30181	ENSG00000173581
HGNC:30182	ENSG00000204434
HGNC:30183	ENSG00000105427
HGNC:30184	ENSG00000158079
HGNC:30185	ENSG00000113851
HGNC:30186	ENSG00000111231
HGNC:30187	ENSG00000215717
HGNC:30189	ENSG00000178605
HGNC:3019	ENSG00000175550
HGNC:30193	ENSG00000177257
HGNC:30195	ENSG00000257844
HGNC:30196	ENSG00000274928
HGNC:30197	ENSG00000284883
HGNC:30198	ENSG00000135477
HGNC:3020	ENSG00000184845
HGNC:30200	ENSG00000188730
HGNC:30201	ENSG00000145781
HGNC:30203	ENSG00000105583
HGNC:30204	ENSG00000182919
HGNC:30205	ENSG00000087884
HGNC:30206	ENSG00000189050
HGNC:30207	ENSG00000137962
HGNC:30208	ENSG00000087502
HGNC:30209	ENSG00000174788
HGNC:30211	ENSG00000240303
HGNC:30212	ENSG00000170921
HGNC:30213	ENSG00000159363
HGNC:30215	ENSG00000183742
HGNC:30216	ENSG00000130724
HGNC:30217	ENSG00000086189
HGNC:30219	ENSG00000206422
HGNC:30220	ENSG00000163933
HGNC:30221	ENSG00000130560
HGNC:30222	ENSG00000134297
HGNC:30224	ENSG00000185803
HGNC:30225	ENSG00000132517
HGNC:30227	ENSG00000138600
HGNC:30228	ENSG00000138078
HGNC:30229	ENSG00000123689
HGNC:3023	ENSG00000149295
HGNC:30231	ENSG00000143155
HGNC:30232	ENSG00000055070
HGNC:30233	ENSG00000203730
HGNC:30235	ENSG00000204872
HGNC:30236	ENSG00000135569
HGNC:30237	ENSG00000132024
HGNC:30238	ENSG00000116729
HGNC:30239	ENSG00000120306
HGNC:3024	ENSG00000151577
HGNC:30240	ENSG00000124380
HGNC:30242	ENSG00000104723
HGNC:30243	ENSG00000232307
HGNC:30244	ENSG00000111684
HGNC:30245	ENSG00000147138
HGNC:30246	ENSG00000121766
HGNC:30247	ENSG00000164081
HGNC:30248	ENSG00000256235
HGNC:30249	ENSG00000165661
HGNC:3025	ENSG00000069696
HGNC:30251	ENSG00000095739
HGNC:30252	ENSG00000243477
HGNC:30253	ENSG00000114395
HGNC:30255	ENSG00000169230
HGNC:30256	ENSG00000171016
HGNC:30257	ENSG00000163348
HGNC:30258	ENSG00000170473
HGNC:30259	ENSG00000241360
HGNC:3026	ENSG00000169676
HGNC:30260	ENSG00000108439
HGNC:30261	ENSG00000169900
HGNC:30262	ENSG00000143811
HGNC:30263	ENSG00000172840
HGNC:30264	ENSG00000090857
HGNC:30265	ENSG00000156675
HGNC:30266	ENSG00000167705
HGNC:30267	ENSG00000131242
HGNC:30268	ENSG00000172794
HGNC:30269	ENSG00000152932
HGNC:3027	ENSG00000184303
HGNC:30272	ENSG00000233087
HGNC:30273	ENSG00000166128
HGNC:30275	ENSG00000240771
HGNC:30278	ENSG00000131378
HGNC:30279	ENSG00000116191
HGNC:3028	ENSG00000175658
HGNC:30281	ENSG00000143344
HGNC:30282	ENSG00000205517
HGNC:30285	ENSG00000018189
HGNC:30286	ENSG00000105784
HGNC:30287	ENSG00000141564
HGNC:30288	ENSG00000143476
HGNC:30289	ENSG00000103710
HGNC:3029	ENSG00000185721
HGNC:30290	ENSG00000115137
HGNC:30291	ENSG00000138757
HGNC:30292	ENSG00000145907
HGNC:30293	ENSG00000249992
HGNC:30295	ENSG00000270885
HGNC:30296	ENSG00000161847
HGNC:30297	ENSG00000179051
HGNC:30298	ENSG00000087206
HGNC:30299	ENSG00000121931
HGNC:303	ENSG00000106624
HGNC:3030	ENSG00000108591
HGNC:30300	ENSG00000140395
HGNC:30301	ENSG00000120341
HGNC:30303	ENSG00000253431
HGNC:30304	ENSG00000186326
HGNC:30305	ENSG00000204086
HGNC:30306	ENSG00000215021
HGNC:30307	ENSG00000104691
HGNC:30308	ENSG00000182175
HGNC:30309	ENSG00000157916
HGNC:3031	ENSG00000116017
HGNC:30310	ENSG00000132026
HGNC:30311	ENSG00000170786
HGNC:30313	ENSG00000127481
HGNC:30314	ENSG00000163946
HGNC:30316	ENSG00000162444
HGNC:30319	ENSG00000053524
HGNC:3032	ENSG00000102385
HGNC:30320	ENSG00000128805
HGNC:30321	ENSG00000133030
HGNC:30322	ENSG00000214944
HGNC:30323	ENSG00000163840
HGNC:30324	ENSG00000135002
HGNC:30325	ENSG00000171174
HGNC:30326	ENSG00000172799
HGNC:30327	ENSG00000163684
HGNC:30329	ENSG00000152464
HGNC:3033	ENSG00000111676
HGNC:30335	ENSG00000238103
HGNC:30338	ENSG00000166405
HGNC:30339	ENSG00000060709
HGNC:30340	ENSG00000261192
HGNC:30341	ENSG00000268140
HGNC:30342	ENSG00000250853
HGNC:30343	ENSG00000138246
HGNC:30344	ENSG00000174930
HGNC:30346	ENSG00000085721
HGNC:30347	ENSG00000058600
HGNC:30348	ENSG00000013503
HGNC:30349	ENSG00000100413
HGNC:3035	ENSG00000134765
HGNC:30350	ENSG00000117133
HGNC:30352	ENSG00000202252
HGNC:30353	ENSG00000207118
HGNC:30354	ENSG00000200879
HGNC:30355	ENSG00000202031
HGNC:30356	ENSG00000207421
HGNC:30357	ENSG00000201264
HGNC:30358	ENSG00000163694
HGNC:30359	ENSG00000172346
HGNC:3036	ENSG00000134755
HGNC:30361	ENSG00000178718
HGNC:30362	ENSG00000164764
HGNC:30365	ENSG00000132199
HGNC:30366	ENSG00000075568
HGNC:30367	ENSG00000171643
HGNC:30368	ENSG00000116544
HGNC:30369	ENSG00000181433
HGNC:3037	ENSG00000134762
HGNC:30370	ENSG00000122483
HGNC:30372	ENSG00000157119
HGNC:30373	ENSG00000107554
HGNC:30375	ENSG00000177675
HGNC:30376	ENSG00000164054
HGNC:30377	ENSG00000180900
HGNC:30378	ENSG00000180104
HGNC:30379	ENSG00000085415
HGNC:30380	ENSG00000090989
HGNC:30381	ENSG00000141295
HGNC:30382	ENSG00000144306
HGNC:30384	ENSG00000117691
HGNC:30385	ENSG00000227500
HGNC:30386	ENSG00000198794
HGNC:30387	ENSG00000182853
HGNC:30388	ENSG00000157322
HGNC:30389	ENSG00000131558
HGNC:3039	ENSG00000171587
HGNC:30390	ENSG00000167208
HGNC:30391	ENSG00000138002
HGNC:30394	ENSG00000113811
HGNC:30395	ENSG00000073169
HGNC:30396	ENSG00000131871
HGNC:30397	ENSG00000198832
HGNC:30399	ENSG00000186838
HGNC:304	ENSG00000124812
HGNC:3040	ENSG00000159200
HGNC:30400	ENSG00000010319
HGNC:30401	ENSG00000166477
HGNC:30402	ENSG00000138468
HGNC:30403	ENSG00000126461
HGNC:30404	ENSG00000139410
HGNC:30405	ENSG00000103355
HGNC:30406	ENSG00000170801
HGNC:3041	ENSG00000172348
HGNC:30410	ENSG00000178093
HGNC:30411	ENSG00000183935
HGNC:30412	ENSG00000145391
HGNC:30413	ENSG00000163870
HGNC:30414	ENSG00000105677
HGNC:30416	ENSG00000198574
HGNC:30417	ENSG00000178188
HGNC:30418	ENSG00000109686
HGNC:30419	ENSG00000167733
HGNC:3042	ENSG00000117602
HGNC:30422	ENSG00000138771
HGNC:30423	ENSG00000116161
HGNC:30424	ENSG00000157837
HGNC:30425	ENSG00000175356
HGNC:30426	ENSG00000227689
HGNC:30427	ENSG00000266129
HGNC:30428	ENSG00000237911
HGNC:3043	ENSG00000183527
HGNC:30430	ENSG00000178078
HGNC:30434	ENSG00000221986
HGNC:30435	ENSG00000173728
HGNC:30437	ENSG00000128203
HGNC:30438	ENSG00000180611
HGNC:30439	ENSG00000152292
HGNC:3044	ENSG00000157538
HGNC:30443	ENSG00000235156
HGNC:30444	ENSG00000227888
HGNC:30446	ENSG00000223518
HGNC:30447	ENSG00000179598
HGNC:30449	ENSG00000188647
HGNC:3045	ENSG00000184029
HGNC:30450	ENSG00000147813
HGNC:30451	ENSG00000145832
HGNC:30452	ENSG00000188343
HGNC:30453	ENSG00000175106
HGNC:30454	ENSG00000182841
HGNC:30455	ENSG00000161649
HGNC:30456	ENSG00000162078
HGNC:30457	ENSG00000166965
HGNC:30459	ENSG00000172782
HGNC:3046	ENSG00000185808
HGNC:30460	ENSG00000186166
HGNC:30461	ENSG00000188171
HGNC:30464	ENSG00000142459
HGNC:30465	ENSG00000170571
HGNC:30466	ENSG00000142396
HGNC:30467	ENSG00000144357
HGNC:30468	ENSG00000233220
HGNC:30469	ENSG00000189299
HGNC:3047	ENSG00000183145
HGNC:30470	ENSG00000230542
HGNC:30472	ENSG00000230373
HGNC:30476	ENSG00000144401
HGNC:30477	ENSG00000181333
HGNC:3048	ENSG00000134760
HGNC:30480	ENSG00000161682
HGNC:30482	ENSG00000130045
HGNC:30483	ENSG00000168300
HGNC:30486	ENSG00000229715
HGNC:30487	ENSG00000152439
HGNC:30488	ENSG00000110328
HGNC:30489	ENSG00000229809
HGNC:3049	ENSG00000046604
HGNC:30490	ENSG00000156504
HGNC:30491	ENSG00000203685
HGNC:30492	ENSG00000167646
HGNC:30493	ENSG00000156232
HGNC:30494	ENSG00000176542
HGNC:30495	ENSG00000206149
HGNC:30497	ENSG00000166813
HGNC:30498	ENSG00000188868
HGNC:30499	ENSG00000176531
HGNC:3050	ENSG00000134757
HGNC:30500	ENSG00000167371
HGNC:30502	ENSG00000120563
HGNC:30506	ENSG00000152527
HGNC:30509	ENSG00000183971
HGNC:3051	ENSG00000157514
HGNC:30510	ENSG00000186583
HGNC:30511	ENSG00000167645
HGNC:30512	ENSG00000131725
HGNC:30513	ENSG00000276600
HGNC:30518	ENSG00000232818
HGNC:30519	ENSG00000166840
HGNC:3052	ENSG00000096696
HGNC:30520	ENSG00000164366
HGNC:30521	ENSG00000076351
HGNC:30522	ENSG00000184508
HGNC:30524	ENSG00000182645
HGNC:30525	ENSG00000140832
HGNC:30526	ENSG00000213533
HGNC:30527	ENSG00000150750
HGNC:30528	ENSG00000205981
HGNC:30529	ENSG00000197191
HGNC:3053	ENSG00000083782
HGNC:30530	ENSG00000243775
HGNC:30531	ENSG00000149300
HGNC:30532	ENSG00000131351
HGNC:30533	ENSG00000224440
HGNC:30534	ENSG00000174606
HGNC:30535	ENSG00000170584
HGNC:30536	ENSG00000137038
HGNC:30539	ENSG00000154099
HGNC:3054	ENSG00000152591
HGNC:30540	ENSG00000163001
HGNC:30541	ENSG00000196678
HGNC:30542	ENSG00000048471
HGNC:30543	ENSG00000134146
HGNC:30544	ENSG00000163900
HGNC:30545	ENSG00000237190
HGNC:30546	ENSG00000267673
HGNC:30547	ENSG00000134717
HGNC:30548	ENSG00000248124
HGNC:30550	ENSG00000145495
HGNC:30551	ENSG00000141759
HGNC:30552	ENSG00000165966
HGNC:30553	ENSG00000215475
HGNC:30554	ENSG00000276085
HGNC:30555	ENSG00000145358
HGNC:30557	ENSG00000077713
HGNC:30559	ENSG00000111011
HGNC:30563	ENSG00000162396
HGNC:30564	ENSG00000213260
HGNC:30565	ENSG00000103353
HGNC:30567	ENSG00000214832
HGNC:30568	ENSG00000226478
HGNC:30569	ENSG00000215165
HGNC:3057	ENSG00000134769
HGNC:30570	ENSG00000198551
HGNC:30571	ENSG00000257591
HGNC:30574	ENSG00000175322
HGNC:30575	ENSG00000185187
HGNC:30576	ENSG00000182551
HGNC:30577	ENSG00000197530
HGNC:30578	ENSG00000110723
HGNC:30579	ENSG00000084112
HGNC:3058	ENSG00000138101
HGNC:30580	ENSG00000141298
HGNC:30581	ENSG00000172830
HGNC:30583	ENSG00000232423
HGNC:30584	ENSG00000171943
HGNC:30586	ENSG00000164621
HGNC:30587	ENSG00000163877
HGNC:30588	ENSG00000172551
HGNC:30589	ENSG00000260325
HGNC:3059	ENSG00000113070
HGNC:30590	ENSG00000183726
HGNC:30591	ENSG00000159182
HGNC:30593	ENSG00000213522
HGNC:30594	ENSG00000140553
HGNC:30595	ENSG00000162869
HGNC:30596	ENSG00000119227
HGNC:30598	ENSG00000163788
HGNC:30599	ENSG00000164695
HGNC:3060	ENSG00000135144
HGNC:30600	ENSG00000158062
HGNC:30602	ENSG00000263513
HGNC:30603	ENSG00000145283
HGNC:30605	ENSG00000109618
HGNC:3061	ENSG00000168393
HGNC:30611	ENSG00000163527
HGNC:30612	ENSG00000279245
HGNC:30613	ENSG00000163806
HGNC:30614	ENSG00000166118
HGNC:30615	ENSG00000128487
HGNC:30616	ENSG00000188662
HGNC:30617	ENSG00000170291
HGNC:30619	ENSG00000153820
HGNC:3062	ENSG00000137857
HGNC:30620	ENSG00000170962
HGNC:30621	ENSG00000169682
HGNC:30622	ENSG00000134278
HGNC:30623	ENSG00000204991
HGNC:30626	ENSG00000083896
HGNC:30627	ENSG00000005206
HGNC:30628	ENSG00000171621
HGNC:30629	ENSG00000162032
HGNC:30630	ENSG00000175093
HGNC:30631	ENSG00000152382
HGNC:30632	ENSG00000119760
HGNC:30633	ENSG00000105251
HGNC:30634	ENSG00000114650
HGNC:30635	ENSG00000039600
HGNC:30636	ENSG00000163467
HGNC:30637	ENSG00000197185
HGNC:30638	ENSG00000217330
HGNC:3064	ENSG00000120129
HGNC:30640	ENSG00000225198
HGNC:30641	ENSG00000185319
HGNC:30642	ENSG00000225508
HGNC:30645	ENSG00000227302
HGNC:30646	ENSG00000197157
HGNC:30649	ENSG00000091986
HGNC:3065	ENSG00000143507
HGNC:30650	ENSG00000137868
HGNC:30651	ENSG00000068781
HGNC:30652	ENSG00000140022
HGNC:30653	ENSG00000146857
HGNC:30654	ENSG00000114127
HGNC:30655	ENSG00000174429
HGNC:30656	ENSG00000237456
HGNC:30657	ENSG00000169241
HGNC:30659	ENSG00000236959
HGNC:3066	ENSG00000144048
HGNC:30660	ENSG00000142230
HGNC:30661	ENSG00000126261
HGNC:30664	ENSG00000162129
HGNC:30666	ENSG00000189030
HGNC:30667	ENSG00000099994
HGNC:30668	ENSG00000102359
HGNC:30669	ENSG00000143740
HGNC:3067	ENSG00000081721
HGNC:30670	ENSG00000122012
HGNC:30672	ENSG00000171992
HGNC:30676	ENSG00000184178
HGNC:30677	ENSG00000068394
HGNC:30678	ENSG00000267692
HGNC:3068	ENSG00000158050
HGNC:30681	ENSG00000157625
HGNC:30682	ENSG00000173442
HGNC:30683	ENSG00000139192
HGNC:30684	ENSG00000213977
HGNC:30685	ENSG00000084652
HGNC:30687	ENSG00000213871
HGNC:30688	ENSG00000111530
HGNC:30689	ENSG00000144712
HGNC:3069	ENSG00000108861
HGNC:30690	ENSG00000217236
HGNC:30691	ENSG00000163376
HGNC:30692	ENSG00000197147
HGNC:30693	ENSG00000279804
HGNC:30694	ENSG00000184350
HGNC:30695	ENSG00000196850
HGNC:30696	ENSG00000134987
HGNC:30697	ENSG00000129636
HGNC:30698	ENSG00000163519
HGNC:307	ENSG00000104964
HGNC:3070	ENSG00000120875
HGNC:30700	ENSG00000121297
HGNC:30701	ENSG00000130054
HGNC:30702	ENSG00000139146
HGNC:30703	ENSG00000138483
HGNC:30704	ENSG00000135248
HGNC:30705	ENSG00000141255
HGNC:30706	ENSG00000166928
HGNC:30707	ENSG00000240280
HGNC:30708	ENSG00000274226
HGNC:3071	ENSG00000138166
HGNC:30710	ENSG00000145309
HGNC:30711	ENSG00000162643
HGNC:30712	ENSG00000144043
HGNC:30713	ENSG00000164113
HGNC:30714	ENSG00000140955
HGNC:30715	ENSG00000215148
HGNC:30716	ENSG00000178055
HGNC:30717	ENSG00000188086
HGNC:30718	ENSG00000187726
HGNC:30719	ENSG00000126467
HGNC:3072	ENSG00000139318
HGNC:30720	ENSG00000174015
HGNC:30721	ENSG00000164299
HGNC:30722	ENSG00000131126
HGNC:30723	ENSG00000130783
HGNC:30724	ENSG00000180525
HGNC:30725	ENSG00000130167
HGNC:30726	ENSG00000156042
HGNC:30727	ENSG00000242441
HGNC:30728	ENSG00000164346
HGNC:30729	ENSG00000178662
HGNC:3073	ENSG00000164086
HGNC:30730	ENSG00000259339
HGNC:30738	ENSG00000257115
HGNC:30739	ENSG00000213593
HGNC:3074	ENSG00000184545
HGNC:30740	ENSG00000143374
HGNC:30743	ENSG00000145777
HGNC:30744	ENSG00000158164
HGNC:30745	ENSG00000197380
HGNC:30747	ENSG00000166200
HGNC:30748	ENSG00000072657
HGNC:30749	ENSG00000224032
HGNC:3075	ENSG00000215065
HGNC:30750	ENSG00000075131
HGNC:30751	ENSG00000233327
HGNC:30754	ENSG00000254618
HGNC:30755	ENSG00000234186
HGNC:30757	ENSG00000145087
HGNC:30758	ENSG00000121274
HGNC:30759	ENSG00000183632
HGNC:3076	ENSG00000130829
HGNC:30760	ENSG00000134851
HGNC:30761	ENSG00000168026
HGNC:30762	ENSG00000204930
HGNC:30763	ENSG00000184162
HGNC:30764	ENSG00000183763
HGNC:30765	ENSG00000154310
HGNC:30766	ENSG00000009790
HGNC:30767	ENSG00000128944
HGNC:30768	ENSG00000197372
HGNC:30770	ENSG00000274180
HGNC:30771	ENSG00000206181
HGNC:30773	ENSG00000223731
HGNC:30774	ENSG00000116819
HGNC:30775	ENSG00000196275
HGNC:30776	ENSG00000178177
HGNC:30777	ENSG00000164649
HGNC:30778	ENSG00000143614
HGNC:30779	ENSG00000120832
HGNC:3078	ENSG00000128951
HGNC:30780	ENSG00000125462
HGNC:30781	ENSG00000173011
HGNC:30782	ENSG00000164134
HGNC:30784	ENSG00000179833
HGNC:30785	ENSG00000161526
HGNC:30788	ENSG00000104953
HGNC:30790	ENSG00000159495
HGNC:30791	ENSG00000120942
HGNC:30792	ENSG00000114784
HGNC:30793	ENSG00000158417
HGNC:30794	ENSG00000166037
HGNC:30795	ENSG00000110900
HGNC:30796	ENSG00000023734
HGNC:30797	ENSG00000101337
HGNC:30798	ENSG00000130032
HGNC:30799	ENSG00000135378
HGNC:30800	ENSG00000181585
HGNC:30801	ENSG00000196581
HGNC:30802	ENSG00000177666
HGNC:30803	ENSG00000236287
HGNC:30804	ENSG00000221886
HGNC:30806	ENSG00000184106
HGNC:30807	ENSG00000188056
HGNC:30808	ENSG00000225690
HGNC:30809	ENSG00000071575
HGNC:30810	ENSG00000120555
HGNC:30811	ENSG00000178789
HGNC:30812	ENSG00000163535
HGNC:30813	ENSG00000180098
HGNC:30815	ENSG00000245532
HGNC:30817	ENSG00000161010
HGNC:3082	ENSG00000280757
HGNC:30824	ENSG00000184647
HGNC:30825	ENSG00000105767
HGNC:30826	ENSG00000111696
HGNC:30827	ENSG00000168309
HGNC:30828	ENSG00000142538
HGNC:30829	ENSG00000137285
HGNC:30830	ENSG00000183814
HGNC:30831	ENSG00000196116
HGNC:30832	ENSG00000167632
HGNC:30833	ENSG00000167797
HGNC:30834	ENSG00000213186
HGNC:30836	ENSG00000139323
HGNC:30838	ENSG00000254866
HGNC:30839	ENSG00000204897
HGNC:3084	ENSG00000107404
HGNC:30840	ENSG00000186393
HGNC:30841	ENSG00000171446
HGNC:30842	ENSG00000173908
HGNC:30843	ENSG00000241399
HGNC:30844	ENSG00000174938
HGNC:30846	ENSG00000176040
HGNC:30847	ENSG00000215371
HGNC:30849	ENSG00000215199
HGNC:30851	ENSG00000213131
HGNC:30852	ENSG00000184209
HGNC:30855	ENSG00000163714
HGNC:30856	ENSG00000136718
HGNC:30857	ENSG00000060688
HGNC:30858	ENSG00000108883
HGNC:30859	ENSG00000144028
HGNC:3086	ENSG00000004975
HGNC:30860	ENSG00000155858
HGNC:30862	ENSG00000127540
HGNC:30863	ENSG00000184076
HGNC:30864	ENSG00000233966
HGNC:30866	ENSG00000151116
HGNC:30869	ENSG00000100403
HGNC:3087	ENSG00000161202
HGNC:30871	ENSG00000182050
HGNC:30873	ENSG00000166451
HGNC:30879	ENSG00000111203
HGNC:30880	ENSG00000122873
HGNC:30881	ENSG00000101901
HGNC:30882	ENSG00000053501
HGNC:30883	ENSG00000171204
HGNC:30884	ENSG00000136478
HGNC:30885	ENSG00000232656
HGNC:30886	ENSG00000221930
HGNC:30887	ENSG00000167515
HGNC:30888	ENSG00000156787
HGNC:30889	ENSG00000173915
HGNC:30890	ENSG00000106608
HGNC:30891	ENSG00000215115
HGNC:30892	ENSG00000086758
HGNC:30893	ENSG00000231884
HGNC:30894	ENSG00000188958
HGNC:30895	ENSG00000239265
HGNC:30897	ENSG00000175073
HGNC:30898	ENSG00000119986
HGNC:30899	ENSG00000197343
HGNC:30900	ENSG00000259849
HGNC:30901	ENSG00000215037
HGNC:30902	ENSG00000257364
HGNC:30903	ENSG00000230465
HGNC:30904	ENSG00000138768
HGNC:30905	ENSG00000165084
HGNC:30906	ENSG00000136059
HGNC:30907	ENSG00000120896
HGNC:30908	ENSG00000134321
HGNC:30909	ENSG00000187483
HGNC:3091	ENSG00000157540
HGNC:30910	ENSG00000179403
HGNC:30911	ENSG00000145041
HGNC:30912	ENSG00000127578
HGNC:30914	ENSG00000114742
HGNC:30915	ENSG00000136485
HGNC:30916	ENSG00000173714
HGNC:30917	ENSG00000011451
HGNC:3092	ENSG00000105204
HGNC:30922	ENSG00000140471
HGNC:30923	ENSG00000171475
HGNC:30925	ENSG00000170222
HGNC:30926	ENSG00000104047
HGNC:30927	ENSG00000163817
HGNC:3093	ENSG00000127334
HGNC:30930	ENSG00000171405
HGNC:30931	ENSG00000066813
HGNC:30932	ENSG00000132530
HGNC:30933	ENSG00000133134
HGNC:30934	ENSG00000234627
HGNC:30935	ENSG00000163374
HGNC:30936	ENSG00000197933
HGNC:30937	ENSG00000281641
HGNC:30938	ENSG00000198919
HGNC:30939	ENSG00000091656
HGNC:3094	ENSG00000143479
HGNC:30940	ENSG00000074657
HGNC:30941	ENSG00000144161
HGNC:30942	ENSG00000260220
HGNC:30943	ENSG00000142684
HGNC:30945	ENSG00000203416
HGNC:30946	ENSG00000159915
HGNC:30948	ENSG00000245680
HGNC:30949	ENSG00000179059
HGNC:3095	ENSG00000010219
HGNC:30950	ENSG00000121864
HGNC:30951	ENSG00000189190
HGNC:30953	ENSG00000205189
HGNC:30954	ENSG00000197472
HGNC:30955	ENSG00000198466
HGNC:30956	ENSG00000214894
HGNC:30957	ENSG00000235197
HGNC:30958	ENSG00000173545
HGNC:30959	ENSG00000122299
HGNC:30960	ENSG00000160445
HGNC:30961	ENSG00000174992
HGNC:30963	ENSG00000228203
HGNC:30964	ENSG00000165309
HGNC:30966	ENSG00000230227
HGNC:30967	ENSG00000136932
HGNC:30968	ENSG00000215274
HGNC:3097	ENSG00000135636
HGNC:30972	ENSG00000187742
HGNC:30973	ENSG00000231409
HGNC:30974	ENSG00000229205
HGNC:30975	ENSG00000177590
HGNC:3098	ENSG00000136827
HGNC:30983	ENSG00000227758
HGNC:30984	ENSG00000281831
HGNC:30988	ENSG00000173068
HGNC:30989	ENSG00000109083
HGNC:30990	ENSG00000163012
HGNC:30991	ENSG00000139263
HGNC:30994	ENSG00000213250
HGNC:30999	ENSG00000264350
HGNC:31	ENSG00000251595
HGNC:31000	ENSG00000215457
HGNC:31001	ENSG00000266520
HGNC:31002	ENSG00000267717
HGNC:31003	ENSG00000266946
HGNC:31004	ENSG00000267647
HGNC:31007	ENSG00000288607
HGNC:31008	ENSG00000222047
HGNC:31009	ENSG00000238227
HGNC:31010	ENSG00000198680
HGNC:31012	ENSG00000163060
HGNC:31014	ENSG00000270855
HGNC:31015	ENSG00000215492
HGNC:31018	ENSG00000279484
HGNC:31019	ENSG00000239649
HGNC:31021	ENSG00000261679
HGNC:31022	ENSG00000169612
HGNC:31023	ENSG00000277988
HGNC:31024	ENSG00000259698
HGNC:31026	ENSG00000258741
HGNC:31027	ENSG00000241890
HGNC:31028	ENSG00000259389
HGNC:31029	ENSG00000242747
HGNC:31030	ENSG00000239465
HGNC:31032	ENSG00000240484
HGNC:31033	ENSG00000243094
HGNC:31034	ENSG00000242276
HGNC:31035	ENSG00000242088
HGNC:31036	ENSG00000258071
HGNC:31037	ENSG00000174327
HGNC:31038	ENSG00000002079
HGNC:31041	ENSG00000188766
HGNC:31042	ENSG00000141449
HGNC:31043	ENSG00000236396
HGNC:31044	ENSG00000264736
HGNC:31045	ENSG00000136052
HGNC:31046	ENSG00000114544
HGNC:31051	ENSG00000254181
HGNC:31052	ENSG00000205333
HGNC:31053	ENSG00000253570
HGNC:31054	ENSG00000205771
HGNC:31056	ENSG00000254285
HGNC:31057	ENSG00000248231
HGNC:31058	ENSG00000255815
HGNC:31059	ENSG00000236972
HGNC:31060	ENSG00000236044
HGNC:31061	ENSG00000229287
HGNC:31062	ENSG00000253781
HGNC:31063	ENSG00000259308
HGNC:31064	ENSG00000259630
HGNC:31065	ENSG00000234588
HGNC:31066	ENSG00000213201
HGNC:31067	ENSG00000249367
HGNC:31068	ENSG00000213716
HGNC:31069	ENSG00000249919
HGNC:31070	ENSG00000234964
HGNC:31071	ENSG00000237106
HGNC:31073	ENSG00000144821
HGNC:31074	ENSG00000185031
HGNC:31076	ENSG00000254088
HGNC:31077	ENSG00000275768
HGNC:31078	ENSG00000213236
HGNC:31079	ENSG00000253677
HGNC:31080	ENSG00000241431
HGNC:31081	ENSG00000188873
HGNC:31083	ENSG00000239281
HGNC:31087	ENSG00000263846
HGNC:31088	ENSG00000175548
HGNC:31090	ENSG00000212994
HGNC:31091	ENSG00000236184
HGNC:31092	ENSG00000006118
HGNC:31093	ENSG00000264644
HGNC:31094	ENSG00000267573
HGNC:31095	ENSG00000265182
HGNC:31096	ENSG00000188451
HGNC:31098	ENSG00000248522
HGNC:31099	ENSG00000250115
HGNC:31100	ENSG00000254272
HGNC:31101	ENSG00000229932
HGNC:31102	ENSG00000274847
HGNC:31103	ENSG00000176732
HGNC:31104	ENSG00000196535
HGNC:31106	ENSG00000249709
HGNC:31108	ENSG00000178531
HGNC:31109	ENSG00000233932
HGNC:31110	ENSG00000205279
HGNC:31111	ENSG00000141748
HGNC:31113	ENSG00000237584
HGNC:31114	ENSG00000230425
HGNC:31115	ENSG00000266648
HGNC:31116	ENSG00000204352
HGNC:31123	ENSG00000224357
HGNC:31124	ENSG00000182707
HGNC:31125	ENSG00000259358
HGNC:31126	ENSG00000220585
HGNC:31127	ENSG00000259122
HGNC:31129	ENSG00000261524
HGNC:3113	ENSG00000101412
HGNC:31130	ENSG00000260053
HGNC:31132	ENSG00000234297
HGNC:31133	ENSG00000241627
HGNC:31134	ENSG00000240809
HGNC:31136	ENSG00000160124
HGNC:3114	ENSG00000007968
HGNC:3115	ENSG00000112242
HGNC:3116	ENSG00000267046
HGNC:3117	ENSG00000203435
HGNC:3118	ENSG00000205250
HGNC:3119	ENSG00000133740
HGNC:3120	ENSG00000169016
HGNC:3121	ENSG00000167967
HGNC:3122	ENSG00000143768
HGNC:31229	ENSG00000257109
HGNC:3123	ENSG00000147654
HGNC:31230	ENSG00000212807
HGNC:31231	ENSG00000233176
HGNC:31232	ENSG00000254948
HGNC:31234	ENSG00000206014
HGNC:31235	ENSG00000272837
HGNC:31236	ENSG00000254807
HGNC:31238	ENSG00000258494
HGNC:31239	ENSG00000237650
HGNC:31240	ENSG00000226653
HGNC:31241	ENSG00000272443
HGNC:31242	ENSG00000272480
HGNC:31243	ENSG00000267129
HGNC:31244	ENSG00000267154
HGNC:31245	ENSG00000214351
HGNC:31246	ENSG00000239967
HGNC:31247	ENSG00000240621
HGNC:31248	ENSG00000271934
HGNC:31249	ENSG00000177535
HGNC:31250	ENSG00000272882
HGNC:31252	ENSG00000187701
HGNC:31253	ENSG00000182783
HGNC:31254	ENSG00000197067
HGNC:31255	ENSG00000177212
HGNC:31256	ENSG00000183310
HGNC:31257	ENSG00000177151
HGNC:31258	ENSG00000224830
HGNC:31259	ENSG00000254832
HGNC:3126	ENSG00000164330
HGNC:31260	ENSG00000255297
HGNC:31261	ENSG00000254674
HGNC:31262	ENSG00000255534
HGNC:31263	ENSG00000255053
HGNC:31264	ENSG00000213607
HGNC:31265	ENSG00000255304
HGNC:31266	ENSG00000237388
HGNC:31267	ENSG00000255113
HGNC:31268	ENSG00000254472
HGNC:31269	ENSG00000255294
HGNC:31270	ENSG00000260811
HGNC:31271	ENSG00000185926
HGNC:31272	ENSG00000283605
HGNC:31273	ENSG00000260595
HGNC:31274	ENSG00000237610
HGNC:31275	ENSG00000284733
HGNC:31276	ENSG00000240361
HGNC:31277	ENSG00000255077
HGNC:31278	ENSG00000229093
HGNC:31279	ENSG00000236359
HGNC:3128	ENSG00000169508
HGNC:31280	ENSG00000272664
HGNC:31281	ENSG00000272559
HGNC:31282	ENSG00000273051
HGNC:31283	ENSG00000272634
HGNC:31284	ENSG00000251090
HGNC:31285	ENSG00000272676
HGNC:31286	ENSG00000236032
HGNC:31287	ENSG00000233412
HGNC:31288	ENSG00000231278
HGNC:31289	ENSG00000255217
HGNC:3129	ENSG00000105246
HGNC:31290	ENSG00000206536
HGNC:31291	ENSG00000196098
HGNC:31292	ENSG00000230307
HGNC:31293	ENSG00000188324
HGNC:31294	ENSG00000234670
HGNC:31295	ENSG00000205328
HGNC:31296	ENSG00000233606
HGNC:31297	ENSG00000205327
HGNC:31298	ENSG00000213451
HGNC:31299	ENSG00000184954
HGNC:31300	ENSG00000203408
HGNC:31301	ENSG00000205331
HGNC:31302	ENSG00000257414
HGNC:31303	ENSG00000197706
HGNC:31304	ENSG00000187857
HGNC:31305	ENSG00000185821
HGNC:31306	ENSG00000257757
HGNC:31307	ENSG00000273484
HGNC:31309	ENSG00000254715
HGNC:31310	ENSG00000234655
HGNC:31311	ENSG00000274052
HGNC:31312	ENSG00000258849
HGNC:31313	ENSG00000275787
HGNC:31314	ENSG00000251261
HGNC:31315	ENSG00000255315
HGNC:31316	ENSG00000254524
HGNC:31317	ENSG00000273434
HGNC:31318	ENSG00000255048
HGNC:31323	ENSG00000230201
HGNC:31324	ENSG00000213896
HGNC:31325	ENSG00000232083
HGNC:31326	ENSG00000168488
HGNC:31328	ENSG00000228007
HGNC:31329	ENSG00000204652
HGNC:3133	ENSG00000147155
HGNC:31330	ENSG00000231376
HGNC:31331	ENSG00000214643
HGNC:31332	ENSG00000206418
HGNC:31334	ENSG00000228022
HGNC:31335	ENSG00000233529
HGNC:31336	ENSG00000224486
HGNC:31337	ENSG00000231074
HGNC:31338	ENSG00000236475
HGNC:31339	ENSG00000270604
HGNC:31340	ENSG00000238211
HGNC:31341	ENSG00000230622
HGNC:31342	ENSG00000235040
HGNC:31343	ENSG00000243307
HGNC:31347	ENSG00000231501
HGNC:31350	ENSG00000180891
HGNC:31351	ENSG00000259224
HGNC:31353	ENSG00000171489
HGNC:31354	ENSG00000278664
HGNC:31355	ENSG00000230911
HGNC:31356	ENSG00000220541
HGNC:31357	ENSG00000187664
HGNC:31358	ENSG00000123009
HGNC:31359	ENSG00000213174
HGNC:31362	ENSG00000236691
HGNC:31363	ENSG00000225770
HGNC:31364	ENSG00000240776
HGNC:31365	ENSG00000177234
HGNC:31367	ENSG00000148057
HGNC:31368	ENSG00000204011
HGNC:31369	ENSG00000175768
HGNC:31370	ENSG00000179082
HGNC:31371	ENSG00000277399
HGNC:31372	ENSG00000204250
HGNC:31374	ENSG00000184471
HGNC:31375	ENSG00000285160
HGNC:31377	ENSG00000213842
HGNC:31378	ENSG00000236686
HGNC:31384	ENSG00000139239
HGNC:31386	ENSG00000240342
HGNC:31387	ENSG00000213442
HGNC:31388	ENSG00000256238
HGNC:31391	ENSG00000226800
HGNC:31393	ENSG00000226259
HGNC:31394	ENSG00000183474
HGNC:31395	ENSG00000289568
HGNC:31396	ENSG00000220842
HGNC:31397	ENSG00000185198
HGNC:31399	ENSG00000197106
HGNC:314	ENSG00000223959
HGNC:31400	ENSG00000269009
HGNC:31401	ENSG00000172139
HGNC:31403	ENSG00000228451
HGNC:31404	ENSG00000230750
HGNC:31405	ENSG00000260075
HGNC:31406	ENSG00000047056
HGNC:31407	ENSG00000205784
HGNC:31408	ENSG00000225194
HGNC:31409	ENSG00000184709
HGNC:31411	ENSG00000231649
HGNC:31412	ENSG00000175854
HGNC:31414	ENSG00000249936
HGNC:31416	ENSG00000186897
HGNC:31418	ENSG00000174038
HGNC:31419	ENSG00000167106
HGNC:31420	ENSG00000235453
HGNC:31421	ENSG00000205442
HGNC:31422	ENSG00000204711
HGNC:31425	ENSG00000165874
HGNC:31426	ENSG00000180539
HGNC:31427	ENSG00000259096
HGNC:31428	ENSG00000188373
HGNC:31429	ENSG00000225738
HGNC:31432	ENSG00000236756
HGNC:31433	ENSG00000223817
HGNC:31435	ENSG00000213025
HGNC:31437	ENSG00000205636
HGNC:31438	ENSG00000230185
HGNC:31439	ENSG00000258244
HGNC:31440	ENSG00000178217
HGNC:31442	ENSG00000234743
HGNC:31444	ENSG00000264070
HGNC:31446	ENSG00000177125
HGNC:31448	ENSG00000204682
HGNC:3145	ENSG00000127412
HGNC:31452	ENSG00000153714
HGNC:31454	ENSG00000204193
HGNC:31455	ENSG00000188959
HGNC:31456	ENSG00000187753
HGNC:31457	ENSG00000170161
HGNC:31458	ENSG00000214629
HGNC:31459	ENSG00000228938
HGNC:3146	ENSG00000117298
HGNC:31460	ENSG00000224439
HGNC:31461	ENSG00000237032
HGNC:31462	ENSG00000230592
HGNC:31463	ENSG00000234618
HGNC:31464	ENSG00000237506
HGNC:31465	ENSG00000231245
HGNC:31466	ENSG00000265097
HGNC:3147	ENSG00000171551
HGNC:31476	ENSG00000199165
HGNC:31477	ENSG00000198975
HGNC:31478	ENSG00000283990
HGNC:31479	ENSG00000284520
HGNC:3148	ENSG00000025708
HGNC:31480	ENSG00000199030
HGNC:31481	ENSG00000199133
HGNC:31482	ENSG00000198972
HGNC:31483	ENSG00000199072
HGNC:31484	ENSG00000208012
HGNC:31485	ENSG00000199150
HGNC:31486	ENSG00000199179
HGNC:31487	ENSG00000207994
HGNC:31488	ENSG00000199135
HGNC:31489	ENSG00000199065
HGNC:3149	ENSG00000104823
HGNC:31490	ENSG00000199035
HGNC:31491	ENSG00000199024
HGNC:31492	ENSG00000207957
HGNC:31493	ENSG00000207818
HGNC:31494	ENSG00000284157
HGNC:31495	ENSG00000208036
HGNC:31496	ENSG00000198997
HGNC:31498	ENSG00000207744
HGNC:31499	ENSG00000199017
HGNC:315	ENSG00000141385
HGNC:31500	ENSG00000284453
HGNC:31501	ENSG00000284440
HGNC:31502	ENSG00000284321
HGNC:31503	ENSG00000207816
HGNC:31504	ENSG00000207598
HGNC:31505	ENSG00000208008
HGNC:31506	ENSG00000207971
HGNC:31507	ENSG00000207863
HGNC:31508	ENSG00000199161
HGNC:31509	ENSG00000207608
HGNC:3151	ENSG00000127884
HGNC:31510	ENSG00000207654
HGNC:31511	ENSG00000207625
HGNC:31512	ENSG00000207705
HGNC:31513	ENSG00000199077
HGNC:31514	ENSG00000208009
HGNC:31515	ENSG00000283871
HGNC:31516	ENSG00000267200
HGNC:31517	ENSG00000283927
HGNC:31518	ENSG00000284508
HGNC:31519	ENSG00000207993
HGNC:31520	ENSG00000207926
HGNC:31521	ENSG00000207586
HGNC:31522	ENSG00000207942
HGNC:31523	ENSG00000284202
HGNC:31524	ENSG00000207954
HGNC:31525	ENSG00000207649
HGNC:31526	ENSG00000272036
HGNC:31527	ENSG00000208017
HGNC:31528	ENSG00000207708
HGNC:3153	ENSG00000143369
HGNC:31530	ENSG00000284182
HGNC:31531	ENSG00000283819
HGNC:31532	ENSG00000276365
HGNC:31533	ENSG00000283733
HGNC:31534	ENSG00000207814
HGNC:31535	ENSG00000199085
HGNC:31536	ENSG00000207611
HGNC:31537	ENSG00000207782
HGNC:31538	ENSG00000207947
HGNC:31539	ENSG00000207647
HGNC:3154	ENSG00000106823
HGNC:31540	ENSG00000207960
HGNC:31541	ENSG00000207978
HGNC:31542	ENSG00000283904
HGNC:31543	ENSG00000283785
HGNC:31544	ENSG00000207779
HGNC:31545	ENSG00000208006
HGNC:31546	ENSG00000198987
HGNC:31547	ENSG00000284536
HGNC:31548	ENSG00000283815
HGNC:31549	ENSG00000207595
HGNC:3155	ENSG00000114346
HGNC:31550	ENSG00000207975
HGNC:31551	ENSG00000207737
HGNC:31552	ENSG00000207613
HGNC:31553	ENSG00000207990
HGNC:31554	ENSG00000207691
HGNC:31555	ENSG00000207695
HGNC:31556	ENSG00000208023
HGNC:31557	ENSG00000207721
HGNC:31558	ENSG00000207797
HGNC:31559	ENSG00000207768
HGNC:31560	ENSG00000211137
HGNC:31561	ENSG00000207605
HGNC:31562	ENSG00000283926
HGNC:31563	ENSG00000207614
HGNC:31564	ENSG00000207624
HGNC:31565	ENSG00000284155
HGNC:31566	ENSG00000284112
HGNC:31567	ENSG00000210741
HGNC:31568	ENSG00000207924
HGNC:31569	ENSG00000284443
HGNC:3157	ENSG00000158813
HGNC:31571	ENSG00000207752
HGNC:31572	ENSG00000208024
HGNC:31573	ENSG00000207581
HGNC:31574	ENSG00000284204
HGNC:31575	ENSG00000284375
HGNC:31576	ENSG00000284107
HGNC:31577	ENSG00000283762
HGNC:31578	ENSG00000207607
HGNC:31579	ENSG00000207730
HGNC:31580	ENSG00000207713
HGNC:31581	ENSG00000207568
HGNC:31582	ENSG00000207935
HGNC:31583	ENSG00000284485
HGNC:31584	ENSG00000207604
HGNC:31585	ENSG00000199157
HGNC:31586	ENSG00000284190
HGNC:31587	ENSG00000199038
HGNC:31588	ENSG00000207702
HGNC:31589	ENSG00000267195
HGNC:31590	ENSG00000207759
HGNC:31591	ENSG00000283844
HGNC:31592	ENSG00000207590
HGNC:31593	ENSG00000207798
HGNC:31594	ENSG00000207548
HGNC:31595	ENSG00000207732
HGNC:31596	ENSG00000207739
HGNC:31597	ENSG00000199036
HGNC:31598	ENSG00000284185
HGNC:31599	ENSG00000283824
HGNC:316	ENSG00000079557
HGNC:31601	ENSG00000207870
HGNC:31602	ENSG00000207725
HGNC:31603	ENSG00000284567
HGNC:31604	ENSG00000284363
HGNC:31605	ENSG00000207980
HGNC:31606	ENSG00000207563
HGNC:31609	ENSG00000207547
HGNC:31610	ENSG00000199075
HGNC:31611	ENSG00000207789
HGNC:31612	ENSG00000199121
HGNC:31613	ENSG00000207808
HGNC:31614	ENSG00000207864
HGNC:31615	ENSG00000207651
HGNC:31616	ENSG00000284032
HGNC:31618	ENSG00000207749
HGNC:31619	ENSG00000283797
HGNC:31620	ENSG00000284203
HGNC:31621	ENSG00000284214
HGNC:31622	ENSG00000207996
HGNC:31623	ENSG00000207927
HGNC:31624	ENSG00000207827
HGNC:31625	ENSG00000207582
HGNC:31626	ENSG00000207962
HGNC:31627	ENSG00000199094
HGNC:31628	ENSG00000199153
HGNC:31629	ENSG00000198974
HGNC:31630	ENSG00000199177
HGNC:31631	ENSG00000207698
HGNC:31632	ENSG00000208037
HGNC:31634	ENSG00000207932
HGNC:31635	ENSG00000284357
HGNC:31636	ENSG00000207811
HGNC:31637	ENSG00000207562
HGNC:31638	ENSG00000284179
HGNC:31639	ENSG00000207703
HGNC:3164	ENSG00000107223
HGNC:31640	ENSG00000207630
HGNC:31641	ENSG00000207933
HGNC:31642	ENSG00000284447
HGNC:31643	ENSG00000283705
HGNC:31644	ENSG00000284538
HGNC:31645	ENSG00000207757
HGNC:31646	ENSG00000284329
HGNC:31647	ENSG00000207807
HGNC:31648	ENSG00000199158
HGNC:31649	ENSG00000271886
HGNC:3165	ENSG00000170989
HGNC:31650	ENSG00000207638
HGNC:31651	ENSG00000207550
HGNC:31652	ENSG00000229544
HGNC:31653	ENSG00000175018
HGNC:31658	ENSG00000187783
HGNC:31659	ENSG00000237956
HGNC:3166	ENSG00000198121
HGNC:31660	ENSG00000236217
HGNC:31661	ENSG00000224760
HGNC:31662	ENSG00000212769
HGNC:31663	ENSG00000228169
HGNC:31664	ENSG00000236493
HGNC:31665	ENSG00000173124
HGNC:31666	ENSG00000188649
HGNC:31668	ENSG00000155265
HGNC:3167	ENSG00000213694
HGNC:31670	ENSG00000188316
HGNC:31673	ENSG00000215203
HGNC:31675	ENSG00000198492
HGNC:31676	ENSG00000177337
HGNC:31677	ENSG00000146205
HGNC:3168	ENSG00000064547
HGNC:31681	ENSG00000251389
HGNC:31682	ENSG00000186654
HGNC:31683	ENSG00000277215
HGNC:31684	ENSG00000230797
HGNC:31685	ENSG00000182484
HGNC:31686	ENSG00000184911
HGNC:31689	ENSG00000180815
HGNC:3169	ENSG00000267534
HGNC:31690	ENSG00000177576
HGNC:31692	ENSG00000265545
HGNC:31695	ENSG00000229248
HGNC:31696	ENSG00000141622
HGNC:317	ENSG00000081051
HGNC:3170	ENSG00000125910
HGNC:31700	ENSG00000184828
HGNC:31702	ENSG00000177243
HGNC:31703	ENSG00000117598
HGNC:31704	ENSG00000188886
HGNC:31705	ENSG00000282989
HGNC:31706	ENSG00000204118
HGNC:31708	ENSG00000147650
HGNC:31709	ENSG00000174225
HGNC:31710	ENSG00000276380
HGNC:31713	ENSG00000172322
HGNC:31714	ENSG00000240216
HGNC:31715	ENSG00000188828
HGNC:31716	ENSG00000231549
HGNC:31717	ENSG00000235254
HGNC:31718	ENSG00000258456
HGNC:31719	ENSG00000259000
HGNC:31721	ENSG00000266251
HGNC:31723	ENSG00000134490
HGNC:31724	ENSG00000267761
HGNC:31729	ENSG00000187773
HGNC:3173	ENSG00000164176
HGNC:31731	ENSG00000263405
HGNC:31732	ENSG00000266296
HGNC:31734	ENSG00000264444
HGNC:31735	ENSG00000214424
HGNC:31736	ENSG00000223572
HGNC:31737	ENSG00000267742
HGNC:31739	ENSG00000259404
HGNC:31741	ENSG00000250951
HGNC:31742	ENSG00000249501
HGNC:31743	ENSG00000226353
HGNC:31744	ENSG00000229302
HGNC:31745	ENSG00000168333
HGNC:31746	ENSG00000173261
HGNC:31748	ENSG00000197745
HGNC:31749	ENSG00000187969
HGNC:31750	ENSG00000177570
HGNC:31751	ENSG00000129862
HGNC:31754	ENSG00000234512
HGNC:31759	ENSG00000199080
HGNC:3176	ENSG00000078401
HGNC:31760	ENSG00000199059
HGNC:31761	ENSG00000199122
HGNC:31762	ENSG00000254324
HGNC:31764	ENSG00000199102
HGNC:31765	ENSG00000199145
HGNC:31766	ENSG00000199069
HGNC:31767	ENSG00000199053
HGNC:31768	ENSG00000207995
HGNC:31769	ENSG00000199090
HGNC:3177	ENSG00000127129
HGNC:31770	ENSG00000207948
HGNC:31771	ENSG00000284544
HGNC:31772	ENSG00000199172
HGNC:31773	ENSG00000199043
HGNC:31774	ENSG00000199151
HGNC:31776	ENSG00000199023
HGNC:31777	ENSG00000198995
HGNC:31778	ENSG00000199082
HGNC:31779	ENSG00000198984
HGNC:3178	ENSG00000124205
HGNC:31780	ENSG00000199104
HGNC:31781	ENSG00000199169
HGNC:31782	ENSG00000283279
HGNC:31783	ENSG00000199025
HGNC:31784	ENSG00000199005
HGNC:31785	ENSG00000199031
HGNC:31786	ENSG00000199095
HGNC:31787	ENSG00000199143
HGNC:31788	ENSG00000199168
HGNC:31789	ENSG00000187527
HGNC:3179	ENSG00000151617
HGNC:31790	ENSG00000283745
HGNC:31791	ENSG00000183114
HGNC:31792	ENSG00000038219
HGNC:31793	ENSG00000119979
HGNC:31795	ENSG00000170935
HGNC:31796	ENSG00000182898
HGNC:31797	ENSG00000223611
HGNC:31798	ENSG00000206042
HGNC:31799	ENSG00000223629
HGNC:318	ENSG00000038002
HGNC:3180	ENSG00000136160
HGNC:31800	ENSG00000233238
HGNC:31801	ENSG00000233531
HGNC:31802	ENSG00000117481
HGNC:31803	ENSG00000201403
HGNC:31804	ENSG00000234068
HGNC:31805	ENSG00000238269
HGNC:31806	ENSG00000233819
HGNC:31807	ENSG00000229713
HGNC:31808	ENSG00000226947
HGNC:31809	ENSG00000285753
HGNC:31810	ENSG00000226372
HGNC:31811	ENSG00000189186
HGNC:31813	ENSG00000159314
HGNC:31814	ENSG00000213171
HGNC:31815	ENSG00000184345
HGNC:31816	ENSG00000229972
HGNC:31817	ENSG00000196933
HGNC:31818	ENSG00000259496
HGNC:3182	ENSG00000111752
HGNC:31822	ENSG00000182836
HGNC:31823	ENSG00000203786
HGNC:31824	ENSG00000235942
HGNC:31826	ENSG00000226301
HGNC:3183	ENSG00000134686
HGNC:31830	ENSG00000165487
HGNC:31833	ENSG00000231404
HGNC:31834	ENSG00000167528
HGNC:31835	ENSG00000187952
HGNC:31836	ENSG00000227183
HGNC:31837	ENSG00000163412
HGNC:31838	ENSG00000205642
HGNC:31839	ENSG00000214513
HGNC:31843	ENSG00000236871
HGNC:31845	ENSG00000234161
HGNC:31849	ENSG00000288709
HGNC:3185	ENSG00000102189
HGNC:31850	ENSG00000277150
HGNC:31851	ENSG00000223591
HGNC:31852	ENSG00000184388
HGNC:31853	ENSG00000168803
HGNC:31854	ENSG00000236646
HGNC:31855	ENSG00000181977
HGNC:31859	ENSG00000119283
HGNC:31860	ENSG00000174137
HGNC:31862	ENSG00000264343
HGNC:31863	ENSG00000243316
HGNC:31864	ENSG00000244020
HGNC:31865	ENSG00000163738
HGNC:31867	ENSG00000199051
HGNC:31868	ENSG00000198973
HGNC:31869	ENSG00000283588
HGNC:31870	ENSG00000199015
HGNC:31871	ENSG00000199047
HGNC:31872	ENSG00000199088
HGNC:31874	ENSG00000199020
HGNC:31876	ENSG00000199127
HGNC:31879	ENSG00000199156
HGNC:3188	ENSG00000074266
HGNC:31880	ENSG00000283935
HGNC:31881	ENSG00000284231
HGNC:31882	ENSG00000199032
HGNC:31884	ENSG00000226098
HGNC:31885	ENSG00000260928
HGNC:31886	ENSG00000231738
HGNC:31887	ENSG00000131548
HGNC:31888	ENSG00000280961
HGNC:31889	ENSG00000227439
HGNC:3189	ENSG00000156508
HGNC:31890	ENSG00000223641
HGNC:31891	ENSG00000235412
HGNC:31892	ENSG00000228296
HGNC:31893	ENSG00000264054
HGNC:31894	ENSG00000269743
HGNC:31895	ENSG00000269811
HGNC:319	ENSG00000157766
HGNC:31900	ENSG00000266613
HGNC:31901	ENSG00000253318
HGNC:31902	ENSG00000242983
HGNC:31904	ENSG00000227488
HGNC:31905	ENSG00000216649
HGNC:31906	ENSG00000236362
HGNC:31907	ENSG00000215269
HGNC:31908	ENSG00000224902
HGNC:31909	ENSG00000267978
HGNC:3191	ENSG00000223822
HGNC:31910	ENSG00000181036
HGNC:31911	ENSG00000159496
HGNC:31913	ENSG00000158482
HGNC:31914	ENSG00000271699
HGNC:31918	ENSG00000198129
HGNC:3192	ENSG00000101210
HGNC:31920	ENSG00000226344
HGNC:31921	ENSG00000125434
HGNC:31922	ENSG00000187672
HGNC:31923	ENSG00000135338
HGNC:31924	ENSG00000237449
HGNC:31925	ENSG00000235998
HGNC:31926	ENSG00000174912
HGNC:31927	ENSG00000114547
HGNC:31928	ENSG00000160796
HGNC:31930	ENSG00000182983
HGNC:31931	ENSG00000227473
HGNC:31932	ENSG00000203740
HGNC:31934	ENSG00000232398
HGNC:3194	ENSG00000232587
HGNC:31948	ENSG00000213892
HGNC:31949	ENSG00000213822
HGNC:3195	ENSG00000214199
HGNC:31951	ENSG00000186567
HGNC:31952	ENSG00000185271
HGNC:31953	ENSG00000213921
HGNC:31955	ENSG00000254535
HGNC:31956	ENSG00000229048
HGNC:3196	ENSG00000250182
HGNC:31960	ENSG00000275113
HGNC:31962	ENSG00000179304
HGNC:31963	ENSG00000222028
HGNC:31964	ENSG00000269911
HGNC:31966	ENSG00000256660
HGNC:31969	ENSG00000204952
HGNC:3197	ENSG00000233057
HGNC:31970	ENSG00000232004
HGNC:31971	ENSG00000243073
HGNC:31972	ENSG00000175265
HGNC:31973	ENSG00000215252
HGNC:31974	ENSG00000215859
HGNC:31976	ENSG00000279688
HGNC:31978	ENSG00000215126
HGNC:31979	ENSG00000183148
HGNC:3198	ENSG00000213704
HGNC:31980	ENSG00000236816
HGNC:31981	ENSG00000276203
HGNC:31982	ENSG00000172014
HGNC:31983	ENSG00000235927
HGNC:31984	ENSG00000117262
HGNC:31986	ENSG00000273514
HGNC:31987	ENSG00000227001
HGNC:31988	ENSG00000186086
HGNC:31989	ENSG00000215864
HGNC:3199	ENSG00000245205
HGNC:31990	ENSG00000270231
HGNC:31991	ENSG00000269713
HGNC:31992	ENSG00000271425
HGNC:31993	ENSG00000263956
HGNC:31995	ENSG00000283342
HGNC:31997	ENSG00000179571
HGNC:31998	ENSG00000240667
HGNC:31999	ENSG00000271383
HGNC:32	ENSG00000107331
HGNC:320	ENSG00000204305
HGNC:3200	ENSG00000196205
HGNC:32000	ENSG00000162825
HGNC:32001	ENSG00000231382
HGNC:32003	ENSG00000275969
HGNC:32005	ENSG00000276581
HGNC:32006	ENSG00000185775
HGNC:32007	ENSG00000276040
HGNC:32008	ENSG00000188735
HGNC:32009	ENSG00000230208
HGNC:3201	ENSG00000233476
HGNC:32012	ENSG00000227243
HGNC:32016	ENSG00000215009
HGNC:32017	ENSG00000183747
HGNC:32018	ENSG00000203709
HGNC:32019	ENSG00000203706
HGNC:3202	ENSG00000268222
HGNC:32020	ENSG00000183929
HGNC:32022	ENSG00000208015
HGNC:32023	ENSG00000284499
HGNC:32024	ENSG00000284043
HGNC:32025	ENSG00000283931
HGNC:32026	ENSG00000207569
HGNC:32027	ENSG00000208001
HGNC:32028	ENSG00000254008
HGNC:32029	ENSG00000215112
HGNC:3203	ENSG00000223529
HGNC:32031	ENSG00000274355
HGNC:32032	ENSG00000274583
HGNC:32033	ENSG00000198416
HGNC:32034	ENSG00000143067
HGNC:32035	ENSG00000154529
HGNC:32036	ENSG00000213965
HGNC:32037	ENSG00000188984
HGNC:32038	ENSG00000204518
HGNC:3204	ENSG00000249264
HGNC:32040	ENSG00000203864
HGNC:32041	ENSG00000203804
HGNC:32042	ENSG00000234754
HGNC:32043	ENSG00000174950
HGNC:32044	ENSG00000203963
HGNC:32045	ENSG00000228208
HGNC:32046	ENSG00000203784
HGNC:32047	ENSG00000162913
HGNC:32048	ENSG00000186466
HGNC:32049	ENSG00000181997
HGNC:3205	ENSG00000243746
HGNC:32050	ENSG00000207761
HGNC:32051	ENSG00000207762
HGNC:32053	ENSG00000284565
HGNC:32054	ENSG00000283751
HGNC:32055	ENSG00000199107
HGNC:32056	ENSG00000176115
HGNC:32057	ENSG00000203783
HGNC:32058	ENSG00000203995
HGNC:3206	ENSG00000228502
HGNC:32060	ENSG00000273213
HGNC:32061	ENSG00000162888
HGNC:32062	ENSG00000203684
HGNC:32063	ENSG00000243284
HGNC:32064	ENSG00000199012
HGNC:32065	ENSG00000199092
HGNC:32066	ENSG00000283556
HGNC:32067	ENSG00000208027
HGNC:32068	ENSG00000173436
HGNC:32069	ENSG00000203985
HGNC:3207	ENSG00000231169
HGNC:32070	ENSG00000163155
HGNC:32071	ENSG00000187942
HGNC:32073	ENSG00000202609
HGNC:32074	ENSG00000207656
HGNC:32075	ENSG00000207597
HGNC:32076	ENSG00000207609
HGNC:32077	ENSG00000207938
HGNC:32079	ENSG00000202569
HGNC:3208	ENSG00000114942
HGNC:32080	ENSG00000284219
HGNC:32081	ENSG00000283998
HGNC:32082	ENSG00000207989
HGNC:32083	ENSG00000272458
HGNC:32084	ENSG00000194717
HGNC:32085	ENSG00000207743
HGNC:32086	ENSG00000207961
HGNC:32087	ENSG00000207639
HGNC:32088	ENSG00000284027
HGNC:32089	ENSG00000207585
HGNC:3209	ENSG00000213864
HGNC:32090	ENSG00000207645
HGNC:32091	ENSG00000207644
HGNC:32092	ENSG00000207869
HGNC:32093	ENSG00000207599
HGNC:32094	ENSG00000207616
HGNC:32095	ENSG00000207810
HGNC:32096	ENSG00000283540
HGNC:32097	ENSG00000207615
HGNC:32098	ENSG00000207788
HGNC:32099	ENSG00000207594
HGNC:321	ENSG00000162688
HGNC:3210	ENSG00000232472
HGNC:32100	ENSG00000207580
HGNC:32101	ENSG00000207825
HGNC:32102	ENSG00000207711
HGNC:32103	ENSG00000283455
HGNC:32104	ENSG00000207706
HGNC:32105	ENSG00000207722
HGNC:32106	ENSG00000207862
HGNC:32107	ENSG00000207629
HGNC:32108	ENSG00000207738
HGNC:32109	ENSG00000283490
HGNC:3211	ENSG00000104529
HGNC:32110	ENSG00000283289
HGNC:32111	ENSG00000207734
HGNC:32112	ENSG00000207981
HGNC:32113	ENSG00000207549
HGNC:32114	ENSG00000207735
HGNC:32115	ENSG00000207837
HGNC:32116	ENSG00000207799
HGNC:32117	ENSG00000207925
HGNC:32118	ENSG00000211532
HGNC:32119	ENSG00000207987
HGNC:3212	ENSG00000124802
HGNC:32120	ENSG00000207803
HGNC:32121	ENSG00000283330
HGNC:32122	ENSG00000207946
HGNC:32123	ENSG00000207699
HGNC:32124	ENSG00000207838
HGNC:32125	ENSG00000207861
HGNC:32126	ENSG00000207634
HGNC:32128	ENSG00000207992
HGNC:32129	ENSG00000207979
HGNC:3213	ENSG00000254772
HGNC:32130	ENSG00000207767
HGNC:32131	ENSG00000207620
HGNC:32133	ENSG00000207635
HGNC:32134	ENSG00000207785
HGNC:32135	ENSG00000211538
HGNC:32136	ENSG00000272080
HGNC:32137	ENSG00000207755
HGNC:32138	ENSG00000208005
HGNC:32139	ENSG00000207800
HGNC:3214	ENSG00000167658
HGNC:32140	ENSG00000207633
HGNC:32141	ENSG00000207873
HGNC:32142	ENSG00000207984
HGNC:32143	ENSG00000207731
HGNC:32144	ENSG00000207969
HGNC:32145	ENSG00000207589
HGNC:32146	ENSG00000208000
HGNC:32147	ENSG00000207641
HGNC:32148	ENSG00000207868
HGNC:32149	ENSG00000207866
HGNC:32150	ENSG00000207867
HGNC:32151	ENSG00000215915
HGNC:32152	ENSG00000173627
HGNC:32153	ENSG00000020219
HGNC:32156	ENSG00000162763
HGNC:32158	ENSG00000253327
HGNC:32159	ENSG00000148824
HGNC:32160	ENSG00000253893
HGNC:32166	ENSG00000204595
HGNC:32167	ENSG00000224323
HGNC:32168	ENSG00000271304
HGNC:32169	ENSG00000282308
HGNC:32170	ENSG00000264743
HGNC:32171	ENSG00000270652
HGNC:32172	ENSG00000270791
HGNC:32173	ENSG00000271464
HGNC:32174	ENSG00000178928
HGNC:32175	ENSG00000259009
HGNC:32176	ENSG00000259021
HGNC:32178	ENSG00000180438
HGNC:32179	ENSG00000258873
HGNC:3218	ENSG00000115380
HGNC:32180	ENSG00000259056
HGNC:32181	ENSG00000254063
HGNC:32182	ENSG00000270552
HGNC:32183	ENSG00000270258
HGNC:32184	ENSG00000255377
HGNC:32185	ENSG00000258726
HGNC:32186	ENSG00000232136
HGNC:32187	ENSG00000271672
HGNC:32188	ENSG00000225210
HGNC:32189	ENSG00000244306
HGNC:3219	ENSG00000172638
HGNC:32190	ENSG00000213413
HGNC:32191	ENSG00000234143
HGNC:32195	ENSG00000261461
HGNC:32196	ENSG00000224126
HGNC:32198	ENSG00000234422
HGNC:32199	ENSG00000233247
HGNC:32202	ENSG00000215096
HGNC:32203	ENSG00000204640
HGNC:32204	ENSG00000140478
HGNC:32205	ENSG00000215186
HGNC:32206	ENSG00000167195
HGNC:32207	ENSG00000187772
HGNC:32208	ENSG00000230231
HGNC:32209	ENSG00000238087
HGNC:3221	ENSG00000169242
HGNC:32210	ENSG00000215834
HGNC:32211	ENSG00000234984
HGNC:32212	ENSG00000232148
HGNC:32213	ENSG00000154511
HGNC:32214	ENSG00000253569
HGNC:32216	ENSG00000254105
HGNC:32217	ENSG00000230457
HGNC:32218	ENSG00000225580
HGNC:32219	ENSG00000231799
HGNC:3222	ENSG00000099617
HGNC:32220	ENSG00000215883
HGNC:32221	ENSG00000118894
HGNC:32222	ENSG00000145002
HGNC:32224	ENSG00000196388
HGNC:32225	ENSG00000157954
HGNC:3223	ENSG00000143590
HGNC:32233	ENSG00000241852
HGNC:32234	ENSG00000206228
HGNC:32235	ENSG00000176731
HGNC:32236	ENSG00000177757
HGNC:32237	ENSG00000184716
HGNC:32239	ENSG00000276998
HGNC:3224	ENSG00000243364
HGNC:32240	ENSG00000273567
HGNC:32241	ENSG00000270416
HGNC:32242	ENSG00000277436
HGNC:32243	ENSG00000277422
HGNC:32246	ENSG00000251402
HGNC:32247	ENSG00000213740
HGNC:32248	ENSG00000237276
HGNC:32249	ENSG00000196844
HGNC:3225	ENSG00000184349
HGNC:32250	ENSG00000205879
HGNC:32251	ENSG00000233132
HGNC:32252	ENSG00000249005
HGNC:32253	ENSG00000215373
HGNC:32254	ENSG00000248944
HGNC:32255	ENSG00000285975
HGNC:32256	ENSG00000285937
HGNC:32257	ENSG00000285607
HGNC:32258	ENSG00000285950
HGNC:32259	ENSG00000233115
HGNC:3226	ENSG00000090776
HGNC:32260	ENSG00000254229
HGNC:32261	ENSG00000223885
HGNC:32262	ENSG00000285814
HGNC:32263	ENSG00000230045
HGNC:32264	ENSG00000285620
HGNC:32265	ENSG00000285720
HGNC:32266	ENSG00000285913
HGNC:32267	ENSG00000285657
HGNC:32268	ENSG00000233295
HGNC:32269	ENSG00000234749
HGNC:3227	ENSG00000125266
HGNC:32270	ENSG00000285687
HGNC:32271	ENSG00000285765
HGNC:32272	ENSG00000215354
HGNC:32273	ENSG00000242352
HGNC:32275	ENSG00000261787
HGNC:32278	ENSG00000157021
HGNC:32279	ENSG00000253173
HGNC:3228	ENSG00000108947
HGNC:32281	ENSG00000196946
HGNC:32283	ENSG00000215339
HGNC:32284	ENSG00000215356
HGNC:32286	ENSG00000268696
HGNC:32287	ENSG00000230219
HGNC:3229	ENSG00000138798
HGNC:32291	ENSG00000164684
HGNC:32292	ENSG00000253351
HGNC:32293	ENSG00000224795
HGNC:32295	ENSG00000280055
HGNC:32296	ENSG00000171060
HGNC:32299	ENSG00000251191
HGNC:3230	ENSG00000008300
HGNC:32300	ENSG00000227203
HGNC:32305	ENSG00000163263
HGNC:32307	ENSG00000177800
HGNC:32308	ENSG00000184163
HGNC:32309	ENSG00000186150
HGNC:3231	ENSG00000143126
HGNC:32310	ENSG00000183808
HGNC:32311	ENSG00000177669
HGNC:32312	ENSG00000189401
HGNC:32315	ENSG00000188396
HGNC:32317	ENSG00000225665
HGNC:32318	ENSG00000223839
HGNC:3232	ENSG00000162591
HGNC:32320	ENSG00000236229
HGNC:32322	ENSG00000260428
HGNC:32324	ENSG00000183908
HGNC:32325	ENSG00000188931
HGNC:32326	ENSG00000080854
HGNC:32327	ENSG00000171357
HGNC:32328	ENSG00000198711
HGNC:3233	ENSG00000105429
HGNC:32331	ENSG00000179902
HGNC:32332	ENSG00000204464
HGNC:32333	ENSG00000218839
HGNC:32334	ENSG00000237613
HGNC:32335	ENSG00000248893
HGNC:32337	ENSG00000234711
HGNC:32339	ENSG00000214765
HGNC:3234	ENSG00000106780
HGNC:32340	ENSG00000207805
HGNC:32341	ENSG00000283736
HGNC:32343	ENSG00000207742
HGNC:32344	ENSG00000207726
HGNC:32345	ENSG00000227067
HGNC:32346	ENSG00000179840
HGNC:32348	ENSG00000187862
HGNC:32349	ENSG00000174529
HGNC:3235	ENSG00000198759
HGNC:32350	ENSG00000162460
HGNC:32351	ENSG00000225930
HGNC:32355	ENSG00000230183
HGNC:3236	ENSG00000146648
HGNC:32360	ENSG00000248334
HGNC:32361	ENSG00000223509
HGNC:32363	ENSG00000143942
HGNC:32368	ENSG00000205866
HGNC:32369	ENSG00000205865
HGNC:32370	ENSG00000166073
HGNC:32371	ENSG00000167874
HGNC:32372	ENSG00000183396
HGNC:32373	ENSG00000249839
HGNC:32374	ENSG00000270500
HGNC:32375	ENSG00000181984
HGNC:32376	ENSG00000175676
HGNC:32377	ENSG00000185182
HGNC:32378	ENSG00000153684
HGNC:32379	ENSG00000248780
HGNC:3238	ENSG00000120738
HGNC:32380	ENSG00000214051
HGNC:32385	ENSG00000267178
HGNC:32386	ENSG00000227339
HGNC:32387	ENSG00000228696
HGNC:32388	ENSG00000183379
HGNC:32389	ENSG00000164039
HGNC:3239	ENSG00000122877
HGNC:32390	ENSG00000204300
HGNC:32393	ENSG00000142046
HGNC:32394	ENSG00000214872
HGNC:32395	ENSG00000274588
HGNC:32397	ENSG00000227802
HGNC:32398	ENSG00000213272
HGNC:32399	ENSG00000205882
HGNC:324	ENSG00000204310
HGNC:3240	ENSG00000179388
HGNC:32400	ENSG00000205883
HGNC:32403	ENSG00000181350
HGNC:32404	ENSG00000238083
HGNC:32406	ENSG00000214216
HGNC:32408	ENSG00000235203
HGNC:32409	ENSG00000204471
HGNC:3241	ENSG00000135625
HGNC:32410	ENSG00000178130
HGNC:32411	ENSG00000214279
HGNC:32414	ENSG00000187627
HGNC:32415	ENSG00000185304
HGNC:32416	ENSG00000153165
HGNC:32417	ENSG00000196862
HGNC:32418	ENSG00000015568
HGNC:32419	ENSG00000183054
HGNC:3242	ENSG00000110047
HGNC:32421	ENSG00000264538
HGNC:32422	ENSG00000179673
HGNC:32423	ENSG00000184544
HGNC:32424	ENSG00000244231
HGNC:32425	ENSG00000131007
HGNC:32426	ENSG00000172297
HGNC:32427	ENSG00000176809
HGNC:32428	ENSG00000229944
HGNC:32429	ENSG00000181323
HGNC:3243	ENSG00000024422
HGNC:32430	ENSG00000227525
HGNC:32431	ENSG00000182271
HGNC:32433	ENSG00000240522
HGNC:32434	ENSG00000166558
HGNC:3244	ENSG00000013016
HGNC:32440	ENSG00000258359
HGNC:32441	ENSG00000257302
HGNC:32443	ENSG00000166159
HGNC:32444	ENSG00000214203
HGNC:32447	ENSG00000234629
HGNC:32448	ENSG00000186766
HGNC:32449	ENSG00000234737
HGNC:3245	ENSG00000103966
HGNC:32450	ENSG00000287751
HGNC:32451	ENSG00000256826
HGNC:32453	ENSG00000232024
HGNC:32455	ENSG00000185485
HGNC:32456	ENSG00000253710
HGNC:32457	ENSG00000264311
HGNC:32458	ENSG00000182111
HGNC:32459	ENSG00000166707
HGNC:3246	ENSG00000135373
HGNC:32460	ENSG00000196081
HGNC:32461	ENSG00000268100
HGNC:32462	ENSG00000213967
HGNC:32463	ENSG00000269067
HGNC:32464	ENSG00000196350
HGNC:32465	ENSG00000197990
HGNC:32466	ENSG00000223614
HGNC:32467	ENSG00000234444
HGNC:32468	ENSG00000237440
HGNC:32469	ENSG00000172687
HGNC:3247	ENSG00000113790
HGNC:32470	ENSG00000183850
HGNC:32471	ENSG00000227671
HGNC:32472	ENSG00000198155
HGNC:32473	ENSG00000185037
HGNC:32474	ENSG00000228887
HGNC:32475	ENSG00000257119
HGNC:32476	ENSG00000225121
HGNC:32479	ENSG00000169627
HGNC:32480	ENSG00000185614
HGNC:32481	ENSG00000214324
HGNC:32483	ENSG00000228474
HGNC:32484	ENSG00000213471
HGNC:32486	ENSG00000198471
HGNC:32487	ENSG00000189046
HGNC:32488	ENSG00000205667
HGNC:3249	ENSG00000173812
HGNC:325	ENSG00000169692
HGNC:3250	ENSG00000173674
HGNC:3252	ENSG00000198692
HGNC:32521	ENSG00000183876
HGNC:32522	ENSG00000182487
HGNC:32523	ENSG00000165178
HGNC:32524	ENSG00000249004
HGNC:32525	ENSG00000189045
HGNC:32526	ENSG00000231028
HGNC:32528	ENSG00000214140
HGNC:32529	ENSG00000202560
HGNC:32530	ENSG00000207587
HGNC:32531	ENSG00000207820
HGNC:32532	ENSG00000283561
HGNC:32533	ENSG00000207754
HGNC:32534	ENSG00000207784
HGNC:32535	ENSG00000205955
HGNC:32536	ENSG00000181359
HGNC:32537	ENSG00000205940
HGNC:32538	ENSG00000282100
HGNC:32539	ENSG00000223738
HGNC:3254	ENSG00000144895
HGNC:32540	ENSG00000235137
HGNC:32542	ENSG00000236187
HGNC:32543	ENSG00000213736
HGNC:32544	ENSG00000230273
HGNC:32545	ENSG00000232070
HGNC:3255	ENSG00000172071
HGNC:32550	ENSG00000179627
HGNC:32553	ENSG00000205923
HGNC:32554	ENSG00000188522
HGNC:32555	ENSG00000252947
HGNC:32556	ENSG00000278261
HGNC:32557	ENSG00000206834
HGNC:32558	ENSG00000278249
HGNC:32559	ENSG00000238835
HGNC:32560	ENSG00000280466
HGNC:32561	ENSG00000252010
HGNC:32562	ENSG00000251791
HGNC:32563	ENSG00000238741
HGNC:32564	ENSG00000251733
HGNC:32565	ENSG00000183560
HGNC:32566	ENSG00000254911
HGNC:32567	ENSG00000239002
HGNC:32568	ENSG00000251898
HGNC:32569	ENSG00000238795
HGNC:3257	ENSG00000111361
HGNC:32570	ENSG00000252481
HGNC:32571	ENSG00000252712
HGNC:32572	ENSG00000277864
HGNC:32573	ENSG00000275143
HGNC:32574	ENSG00000251992
HGNC:32576	ENSG00000222046
HGNC:32577	ENSG00000252906
HGNC:32578	ENSG00000252577
HGNC:32579	ENSG00000252835
HGNC:3258	ENSG00000119718
HGNC:32580	ENSG00000249784
HGNC:32581	ENSG00000251869
HGNC:32583	ENSG00000172878
HGNC:32584	ENSG00000206612
HGNC:32585	ENSG00000207313
HGNC:32586	ENSG00000200983
HGNC:32587	ENSG00000263776
HGNC:32588	ENSG00000206838
HGNC:32589	ENSG00000200656
HGNC:3259	ENSG00000070785
HGNC:32590	ENSG00000201772
HGNC:32591	ENSG00000206760
HGNC:32592	ENSG00000207496
HGNC:32593	ENSG00000207088
HGNC:32594	ENSG00000124126
HGNC:32596	ENSG00000207304
HGNC:32597	ENSG00000277184
HGNC:32598	ENSG00000206811
HGNC:32599	ENSG00000221716
HGNC:326	ENSG00000160216
HGNC:3260	ENSG00000115211
HGNC:32600	ENSG00000212464
HGNC:32601	ENSG00000238363
HGNC:32602	ENSG00000201643
HGNC:32603	ENSG00000207181
HGNC:32604	ENSG00000207168
HGNC:32605	ENSG00000274582
HGNC:32606	ENSG00000201544
HGNC:32607	ENSG00000274998
HGNC:32608	ENSG00000207145
HGNC:32609	ENSG00000207468
HGNC:3261	ENSG00000145191
HGNC:32610	ENSG00000207392
HGNC:32611	ENSG00000199293
HGNC:32612	ENSG00000206634
HGNC:32613	ENSG00000201998
HGNC:32614	ENSG00000275994
HGNC:32615	ENSG00000207112
HGNC:32616	ENSG00000212588
HGNC:32617	ENSG00000207051
HGNC:32618	ENSG00000272533
HGNC:32619	ENSG00000206910
HGNC:3262	ENSG00000092847
HGNC:32620	ENSG00000206755
HGNC:32621	ENSG00000199477
HGNC:32622	ENSG00000206799
HGNC:32623	ENSG00000200534
HGNC:32624	ENSG00000221491
HGNC:32625	ENSG00000208839
HGNC:32628	ENSG00000206948
HGNC:32629	ENSG00000222370
HGNC:3263	ENSG00000123908
HGNC:32630	ENSG00000207233
HGNC:32631	ENSG00000200816
HGNC:32632	ENSG00000274309
HGNC:32633	ENSG00000210825
HGNC:32634	ENSG00000207406
HGNC:32635	ENSG00000207475
HGNC:32636	ENSG00000276161
HGNC:32637	ENSG00000273544
HGNC:32638	ENSG00000212607
HGNC:32639	ENSG00000207493
HGNC:32640	ENSG00000238961
HGNC:32641	ENSG00000209582
HGNC:32642	ENSG00000208892
HGNC:32643	ENSG00000206952
HGNC:32644	ENSG00000271798
HGNC:32645	ENSG00000199785
HGNC:32646	ENSG00000212443
HGNC:32647	ENSG00000207008
HGNC:32648	ENSG00000214192
HGNC:32649	ENSG00000201457
HGNC:3265	ENSG00000134001
HGNC:32650	ENSG00000206693
HGNC:32651	ENSG00000206597
HGNC:32652	ENSG00000249020
HGNC:32653	ENSG00000239149
HGNC:32654	ENSG00000199266
HGNC:32655	ENSG00000278274
HGNC:32656	ENSG00000201512
HGNC:32657	ENSG00000200354
HGNC:32658	ENSG00000266079
HGNC:32659	ENSG00000244026
HGNC:3266	ENSG00000125977
HGNC:32660	ENSG00000212402
HGNC:32661	ENSG00000206885
HGNC:32662	ENSG00000277887
HGNC:32663	ENSG00000221643
HGNC:32664	ENSG00000273587
HGNC:32665	ENSG00000221303
HGNC:32666	ENSG00000200792
HGNC:32667	ENSG00000221420
HGNC:32669	ENSG00000206557
HGNC:3267	ENSG00000130741
HGNC:32670	ENSG00000108448
HGNC:32671	ENSG00000177238
HGNC:32672	ENSG00000123154
HGNC:32673	ENSG00000227970
HGNC:32674	ENSG00000163915
HGNC:32675	ENSG00000214381
HGNC:32676	ENSG00000199961
HGNC:32677	ENSG00000274091
HGNC:32678	ENSG00000238942
HGNC:32679	ENSG00000227825
HGNC:32681	ENSG00000204710
HGNC:32684	ENSG00000223850
HGNC:32685	ENSG00000254636
HGNC:32686	ENSG00000250374
HGNC:32687	ENSG00000161920
HGNC:32688	ENSG00000255717
HGNC:32689	ENSG00000236320
HGNC:32690	ENSG00000205593
HGNC:32691	ENSG00000231313
HGNC:32693	ENSG00000255776
HGNC:32695	ENSG00000215474
HGNC:32696	ENSG00000214866
HGNC:32697	ENSG00000180592
HGNC:32698	ENSG00000140274
HGNC:32699	ENSG00000187013
HGNC:327	ENSG00000018510
HGNC:3270	ENSG00000104131
HGNC:32700	ENSG00000167131
HGNC:32701	ENSG00000268738
HGNC:32702	ENSG00000239195
HGNC:32703	ENSG00000202314
HGNC:32704	ENSG00000207297
HGNC:32705	ENSG00000199436
HGNC:32706	ENSG00000238917
HGNC:32707	ENSG00000238317
HGNC:32708	ENSG00000212304
HGNC:32709	ENSG00000274933
HGNC:3271	ENSG00000107581
HGNC:32711	ENSG00000239039
HGNC:32712	ENSG00000199673
HGNC:32713	ENSG00000212232
HGNC:32714	ENSG00000200623
HGNC:32715	ENSG00000202529
HGNC:32716	ENSG00000199574
HGNC:32717	ENSG00000212493
HGNC:32718	ENSG00000221803
HGNC:32719	ENSG00000201330
HGNC:3272	ENSG00000084623
HGNC:32720	ENSG00000206620
HGNC:32721	ENSG00000277108
HGNC:32722	ENSG00000275072
HGNC:32724	ENSG00000232800
HGNC:32725	ENSG00000276610
HGNC:32726	ENSG00000277512
HGNC:32727	ENSG00000212158
HGNC:32728	ENSG00000212135
HGNC:32729	ENSG00000200084
HGNC:3273	ENSG00000147677
HGNC:32730	ENSG00000212452
HGNC:32731	ENSG00000212534
HGNC:32732	ENSG00000223224
HGNC:32733	ENSG00000212296
HGNC:3274	ENSG00000130811
HGNC:32742	ENSG00000201785
HGNC:32743	ENSG00000265236
HGNC:32745	ENSG00000212498
HGNC:32746	ENSG00000254341
HGNC:32747	ENSG00000221241
HGNC:32748	ENSG00000221381
HGNC:32749	ENSG00000220988
HGNC:3275	ENSG00000175390
HGNC:32750	ENSG00000212283
HGNC:32751	ENSG00000212447
HGNC:32752	ENSG00000212163
HGNC:32753	ENSG00000275084
HGNC:32754	ENSG00000264994
HGNC:32755	ENSG00000221740
HGNC:32756	ENSG00000208772
HGNC:32757	ENSG00000264549
HGNC:32758	ENSG00000272296
HGNC:32759	ENSG00000208883
HGNC:3276	ENSG00000275945
HGNC:32760	ENSG00000238622
HGNC:32761	ENSG00000283551
HGNC:32762	ENSG00000221539
HGNC:32763	ENSG00000221500
HGNC:32764	ENSG00000206754
HGNC:32768	ENSG00000199753
HGNC:32769	ENSG00000209645
HGNC:3277	ENSG00000104408
HGNC:32771	ENSG00000276314
HGNC:32772	ENSG00000239014
HGNC:32773	ENSG00000274640
HGNC:32774	ENSG00000239169
HGNC:32775	ENSG00000221116
HGNC:32776	ENSG00000221066
HGNC:32777	ENSG00000275662
HGNC:3278	ENSG00000100353
HGNC:32783	ENSG00000186230
HGNC:32789	ENSG00000187871
HGNC:3279	ENSG00000184110
HGNC:32790	ENSG00000115946
HGNC:32791	ENSG00000207839
HGNC:32792	ENSG00000199109
HGNC:32793	ENSG00000202566
HGNC:32794	ENSG00000207728
HGNC:32795	ENSG00000207758
HGNC:32796	ENSG00000207775
HGNC:32797	ENSG00000207689
HGNC:32798	ENSG00000208032
HGNC:32799	ENSG00000207982
HGNC:328	ENSG00000106541
HGNC:3280	ENSG00000106263
HGNC:32800	ENSG00000207546
HGNC:32801	ENSG00000283172
HGNC:32802	ENSG00000263690
HGNC:32803	ENSG00000208003
HGNC:32804	ENSG00000207771
HGNC:32805	ENSG00000207573
HGNC:32806	ENSG00000207776
HGNC:32807	ENSG00000207717
HGNC:32808	ENSG00000207941
HGNC:32809	ENSG00000207750
HGNC:32810	ENSG00000207606
HGNC:32811	ENSG00000283701
HGNC:32812	ENSG00000207729
HGNC:32813	ENSG00000207974
HGNC:32814	ENSG00000207653
HGNC:32815	ENSG00000207923
HGNC:32817	ENSG00000207951
HGNC:32818	ENSG00000207626
HGNC:32819	ENSG00000207815
HGNC:3282	ENSG00000161960
HGNC:32820	ENSG00000284498
HGNC:32823	ENSG00000207940
HGNC:32825	ENSG00000207963
HGNC:32826	ENSG00000207650
HGNC:32827	ENSG00000207642
HGNC:32828	ENSG00000207716
HGNC:32829	ENSG00000207697
HGNC:3283	ENSG00000233300
HGNC:32830	ENSG00000207944
HGNC:32831	ENSG00000207746
HGNC:32832	ENSG00000207988
HGNC:32833	ENSG00000207931
HGNC:32834	ENSG00000207559
HGNC:32835	ENSG00000207956
HGNC:32836	ENSG00000207756
HGNC:32837	ENSG00000207627
HGNC:32838	ENSG00000202601
HGNC:32839	ENSG00000207578
HGNC:3284	ENSG00000156976
HGNC:32840	ENSG00000207714
HGNC:32841	ENSG00000207619
HGNC:32842	ENSG00000207769
HGNC:32843	ENSG00000207577
HGNC:32844	ENSG00000207632
HGNC:32845	ENSG00000207973
HGNC:32846	ENSG00000207741
HGNC:32847	ENSG00000208025
HGNC:32848	ENSG00000207692
HGNC:32849	ENSG00000207588
HGNC:3285	ENSG00000063046
HGNC:32851	ENSG00000207637
HGNC:32852	ENSG00000207826
HGNC:32853	ENSG00000207701
HGNC:32854	ENSG00000207600
HGNC:32855	ENSG00000207804
HGNC:32856	ENSG00000283941
HGNC:32857	ENSG00000207991
HGNC:32858	ENSG00000207693
HGNC:32859	ENSG00000207930
HGNC:32860	ENSG00000207612
HGNC:32861	ENSG00000207813
HGNC:32862	ENSG00000207583
HGNC:32863	ENSG00000207976
HGNC:32864	ENSG00000207551
HGNC:32865	ENSG00000208033
HGNC:32866	ENSG00000207874
HGNC:32867	ENSG00000284108
HGNC:32868	ENSG00000283791
HGNC:32869	ENSG00000207983
HGNC:3287	ENSG00000151247
HGNC:32870	ENSG00000283759
HGNC:32871	ENSG00000207571
HGNC:32872	ENSG00000208028
HGNC:32873	ENSG00000207763
HGNC:32874	ENSG00000208022
HGNC:32875	ENSG00000207622
HGNC:32876	ENSG00000207967
HGNC:32877	ENSG00000207652
HGNC:32878	ENSG00000283783
HGNC:32879	ENSG00000207719
HGNC:3288	ENSG00000187840
HGNC:32880	ENSG00000207952
HGNC:32881	ENSG00000207781
HGNC:32882	ENSG00000207766
HGNC:32883	ENSG00000207712
HGNC:32884	ENSG00000283891
HGNC:32885	ENSG00000207965
HGNC:32886	ENSG00000283798
HGNC:32887	ENSG00000284343
HGNC:32888	ENSG00000283774
HGNC:32889	ENSG00000207552
HGNC:3289	ENSG00000148730
HGNC:32890	ENSG00000207943
HGNC:32891	ENSG00000207561
HGNC:32892	ENSG00000283805
HGNC:32893	ENSG00000283928
HGNC:32894	ENSG00000207972
HGNC:32895	ENSG00000283822
HGNC:32896	ENSG00000207821
HGNC:32897	ENSG00000207631
HGNC:32898	ENSG00000207773
HGNC:32899	ENSG00000208002
HGNC:329	ENSG00000188157
HGNC:3290	ENSG00000243056
HGNC:32900	ENSG00000207997
HGNC:32901	ENSG00000208018
HGNC:32902	ENSG00000207802
HGNC:32903	ENSG00000207554
HGNC:32904	ENSG00000207780
HGNC:32905	ENSG00000207575
HGNC:32906	ENSG00000284049
HGNC:32907	ENSG00000207628
HGNC:32908	ENSG00000208013
HGNC:32909	ENSG00000208014
HGNC:32910	ENSG00000207934
HGNC:32911	ENSG00000207646
HGNC:32912	ENSG00000207959
HGNC:32913	ENSG00000207736
HGNC:32914	ENSG00000284197
HGNC:32915	ENSG00000207696
HGNC:32916	ENSG00000207970
HGNC:32917	ENSG00000207574
HGNC:32918	ENSG00000207579
HGNC:32919	ENSG00000284419
HGNC:3292	ENSG00000233578
HGNC:32921	ENSG00000204818
HGNC:32922	ENSG00000227582
HGNC:32924	ENSG00000232168
HGNC:32926	ENSG00000254415
HGNC:32928	ENSG00000230538
HGNC:32929	ENSG00000204866
HGNC:3293	ENSG00000135930
HGNC:32930	ENSG00000188624
HGNC:32931	ENSG00000204869
HGNC:32933	ENSG00000188312
HGNC:32934	ENSG00000205754
HGNC:32935	ENSG00000196600
HGNC:32937	ENSG00000240429
HGNC:32940	ENSG00000180053
HGNC:32941	ENSG00000233464
HGNC:32942	ENSG00000274529
HGNC:32943	ENSG00000215498
HGNC:32946	ENSG00000174501
HGNC:32947	ENSG00000158286
HGNC:32949	ENSG00000136699
HGNC:32950	ENSG00000198354
HGNC:32951	ENSG00000204909
HGNC:32952	ENSG00000200463
HGNC:32954	ENSG00000183891
HGNC:32955	ENSG00000261239
HGNC:32956	ENSG00000268879
HGNC:32957	ENSG00000268238
HGNC:32958	ENSG00000186212
HGNC:3296	ENSG00000114867
HGNC:32960	ENSG00000187808
HGNC:32961	ENSG00000255150
HGNC:32962	ENSG00000206077
HGNC:32963	ENSG00000246774
HGNC:32965	ENSG00000245910
HGNC:32968	ENSG00000229028
HGNC:3297	ENSG00000110321
HGNC:32970	ENSG00000257402
HGNC:32971	ENSG00000196859
HGNC:32972	ENSG00000238098
HGNC:32979	ENSG00000213397
HGNC:3298	ENSG00000075151
HGNC:32980	ENSG00000202191
HGNC:32981	ENSG00000212384
HGNC:32982	ENSG00000201700
HGNC:32983	ENSG00000201672
HGNC:32984	ENSG00000272474
HGNC:32985	ENSG00000200215
HGNC:32986	ENSG00000200632
HGNC:32987	ENSG00000200367
HGNC:32988	ENSG00000201950
HGNC:32989	ENSG00000199575
HGNC:3299	ENSG00000100664
HGNC:32990	ENSG00000200823
HGNC:32991	ENSG00000201839
HGNC:32992	ENSG00000200832
HGNC:32993	ENSG00000199798
HGNC:32994	ENSG00000201263
HGNC:32995	ENSG00000199390
HGNC:32997	ENSG00000201240
HGNC:32998	ENSG00000200279
HGNC:32999	ENSG00000200608
HGNC:33	ENSG00000167972
HGNC:330	ENSG00000159723
HGNC:3300	ENSG00000132507
HGNC:33000	ENSG00000202270
HGNC:33001	ENSG00000201247
HGNC:33002	ENSG00000199593
HGNC:33003	ENSG00000201557
HGNC:33004	ENSG00000199914
HGNC:33005	ENSG00000201569
HGNC:33006	ENSG00000202142
HGNC:33007	ENSG00000199942
HGNC:33008	ENSG00000202048
HGNC:33009	ENSG00000272344
HGNC:3301	ENSG00000163577
HGNC:33010	ENSG00000202293
HGNC:33011	ENSG00000200406
HGNC:33012	ENSG00000201899
HGNC:33013	ENSG00000200612
HGNC:33014	ENSG00000200413
HGNC:33015	ENSG00000200636
HGNC:33016	ENSG00000200480
HGNC:33017	ENSG00000201689
HGNC:33018	ENSG00000201318
HGNC:33019	ENSG00000200089
HGNC:33020	ENSG00000201831
HGNC:33021	ENSG00000199712
HGNC:33022	ENSG00000199970
HGNC:33023	ENSG00000200680
HGNC:33024	ENSG00000200503
HGNC:33025	ENSG00000200812
HGNC:33026	ENSG00000278089
HGNC:33027	ENSG00000200726
HGNC:33028	ENSG00000199782
HGNC:33029	ENSG00000201943
HGNC:3303	ENSG00000267679
HGNC:33030	ENSG00000200486
HGNC:33031	ENSG00000199453
HGNC:33032	ENSG00000273835
HGNC:33033	ENSG00000199960
HGNC:33034	ENSG00000201679
HGNC:33035	ENSG00000200757
HGNC:33036	ENSG00000201482
HGNC:33037	ENSG00000200163
HGNC:33038	ENSG00000199968
HGNC:33039	ENSG00000201969
HGNC:3304	ENSG00000267346
HGNC:33040	ENSG00000199833
HGNC:33041	ENSG00000201326
HGNC:33042	ENSG00000201331
HGNC:33043	ENSG00000200398
HGNC:33044	ENSG00000199489
HGNC:33045	ENSG00000275524
HGNC:33046	ENSG00000201300
HGNC:33047	ENSG00000200801
HGNC:33048	ENSG00000199704
HGNC:33049	ENSG00000200987
HGNC:33050	ENSG00000202188
HGNC:33051	ENSG00000200949
HGNC:33052	ENSG00000200593
HGNC:33053	ENSG00000199311
HGNC:33054	ENSG00000201992
HGNC:33055	ENSG00000202499
HGNC:33056	ENSG00000200638
HGNC:33057	ENSG00000201907
HGNC:33058	ENSG00000200564
HGNC:33059	ENSG00000272460
HGNC:33060	ENSG00000200478
HGNC:33061	ENSG00000201143
HGNC:33062	ENSG00000202373
HGNC:33063	ENSG00000202261
HGNC:33064	ENSG00000212380
HGNC:33065	ENSG00000212528
HGNC:33067	ENSG00000207063
HGNC:33068	ENSG00000207001
HGNC:33069	ENSG00000207014
HGNC:33070	ENSG00000275529
HGNC:33071	ENSG00000207191
HGNC:33072	ENSG00000207442
HGNC:33073	ENSG00000207133
HGNC:33074	ENSG00000207093
HGNC:33075	ENSG00000206727
HGNC:33076	ENSG00000200661
HGNC:33077	ENSG00000206609
HGNC:33078	ENSG00000207197
HGNC:33079	ENSG00000207137
HGNC:3308	ENSG00000139610
HGNC:33080	ENSG00000206621
HGNC:33081	ENSG00000207174
HGNC:33082	ENSG00000207263
HGNC:33083	ENSG00000206656
HGNC:33084	ENSG00000206688
HGNC:33085	ENSG00000207460
HGNC:33086	ENSG00000278715
HGNC:33087	ENSG00000277785
HGNC:33088	ENSG00000275127
HGNC:33089	ENSG00000207375
HGNC:3309	ENSG00000197561
HGNC:33090	ENSG00000207279
HGNC:33091	ENSG00000252326
HGNC:33092	ENSG00000251815
HGNC:33093	ENSG00000251896
HGNC:33094	ENSG00000228409
HGNC:33098	ENSG00000269893
HGNC:33099	ENSG00000234912
HGNC:33100	ENSG00000164294
HGNC:33101	ENSG00000177410
HGNC:33102	ENSG00000255198
HGNC:33104	ENSG00000171649
HGNC:33105	ENSG00000204604
HGNC:33106	ENSG00000197128
HGNC:33107	ENSG00000249471
HGNC:33108	ENSG00000196391
HGNC:33109	ENSG00000128000
HGNC:3311	ENSG00000021355
HGNC:33110	ENSG00000196597
HGNC:33111	ENSG00000179922
HGNC:33112	ENSG00000214189
HGNC:33113	ENSG00000214756
HGNC:33114	ENSG00000197863
HGNC:33115	ENSG00000188227
HGNC:33116	ENSG00000188487
HGNC:33117	ENSG00000225978
HGNC:33118	ENSG00000231133
HGNC:3312	ENSG00000066044
HGNC:33122	ENSG00000233217
HGNC:33125	ENSG00000174428
HGNC:33127	ENSG00000214544
HGNC:33128	ENSG00000184227
HGNC:33129	ENSG00000276975
HGNC:3313	ENSG00000107105
HGNC:33131	ENSG00000178597
HGNC:33132	ENSG00000188029
HGNC:33133	ENSG00000211582
HGNC:33134	ENSG00000284191
HGNC:33136	ENSG00000211583
HGNC:33137	ENSG00000211514
HGNC:33138	ENSG00000211580
HGNC:33139	ENSG00000211578
HGNC:3314	ENSG00000196361
HGNC:33140	ENSG00000211590
HGNC:33141	ENSG00000211581
HGNC:33143	ENSG00000211574
HGNC:33145	ENSG00000146556
HGNC:33146	ENSG00000224960
HGNC:33147	ENSG00000186787
HGNC:33148	ENSG00000241721
HGNC:33149	ENSG00000229612
HGNC:3315	ENSG00000162374
HGNC:33150	ENSG00000235082
HGNC:33151	ENSG00000235555
HGNC:33153	ENSG00000259856
HGNC:33154	ENSG00000225968
HGNC:33155	ENSG00000178026
HGNC:33156	ENSG00000212747
HGNC:33159	ENSG00000205669
HGNC:3316	ENSG00000120690
HGNC:33160	ENSG00000229453
HGNC:33164	ENSG00000188375
HGNC:33165	ENSG00000234880
HGNC:33166	ENSG00000261706
HGNC:33168	ENSG00000141028
HGNC:33169	ENSG00000232237
HGNC:3317	ENSG00000109381
HGNC:33173	ENSG00000230447
HGNC:33174	ENSG00000203923
HGNC:33175	ENSG00000268988
HGNC:33176	ENSG00000189252
HGNC:33177	ENSG00000189326
HGNC:33178	ENSG00000204363
HGNC:33179	ENSG00000175766
HGNC:3318	ENSG00000163435
HGNC:33180	ENSG00000213942
HGNC:33181	ENSG00000224906
HGNC:33182	ENSG00000233243
HGNC:33184	ENSG00000218233
HGNC:33185	ENSG00000109851
HGNC:33186	ENSG00000185610
HGNC:33187	ENSG00000173272
HGNC:33188	ENSG00000187689
HGNC:33189	ENSG00000263934
HGNC:3319	ENSG00000102034
HGNC:33190	ENSG00000262074
HGNC:33191	ENSG00000264940
HGNC:33192	ENSG00000277947
HGNC:33193	ENSG00000187533
HGNC:33194	ENSG00000164853
HGNC:33195	ENSG00000243970
HGNC:33196	ENSG00000214456
HGNC:3320	ENSG00000135374
HGNC:33202	ENSG00000215343
HGNC:33203	ENSG00000214534
HGNC:33205	ENSG00000224831
HGNC:33206	ENSG00000216671
HGNC:33207	ENSG00000280208
HGNC:33209	ENSG00000234680
HGNC:3321	ENSG00000126767
HGNC:33215	ENSG00000236541
HGNC:33216	ENSG00000226348
HGNC:33223	ENSG00000213014
HGNC:33225	ENSG00000235974
HGNC:33227	ENSG00000232258
HGNC:33228	ENSG00000018607
HGNC:33229	ENSG00000248830
HGNC:3323	ENSG00000213140
HGNC:33230	ENSG00000198482
HGNC:33234	ENSG00000267796
HGNC:33235	ENSG00000259905
HGNC:33236	ENSG00000260551
HGNC:33237	ENSG00000188542
HGNC:33238	ENSG00000137944
HGNC:3324	ENSG00000234402
HGNC:33241	ENSG00000249459
HGNC:33242	ENSG00000224689
HGNC:3325	ENSG00000111145
HGNC:33251	ENSG00000203733
HGNC:33257	ENSG00000198346
HGNC:33258	ENSG00000204514
HGNC:3326	ENSG00000158711
HGNC:33262	ENSG00000176761
HGNC:33263	ENSG00000217416
HGNC:33264	ENSG00000251258
HGNC:33265	ENSG00000269001
HGNC:33267	ENSG00000268940
HGNC:33268	ENSG00000269096
HGNC:3327	ENSG00000049540
HGNC:33270	ENSG00000228836
HGNC:33271	ENSG00000278289
HGNC:33273	ENSG00000257315
HGNC:33274	ENSG00000187867
HGNC:33275	ENSG00000254417
HGNC:33276	ENSG00000143520
HGNC:33277	ENSG00000196990
HGNC:33278	ENSG00000204659
HGNC:33279	ENSG00000224470
HGNC:33280	ENSG00000154997
HGNC:33281	ENSG00000234644
HGNC:33282	ENSG00000236371
HGNC:33283	ENSG00000242362
HGNC:33284	ENSG00000236126
HGNC:33285	ENSG00000230594
HGNC:33286	ENSG00000237957
HGNC:33287	ENSG00000226023
HGNC:33288	ENSG00000228517
HGNC:33289	ENSG00000230347
HGNC:33290	ENSG00000226600
HGNC:33291	ENSG00000224089
HGNC:33292	ENSG00000226685
HGNC:33293	ENSG00000236446
HGNC:333	ENSG00000135744
HGNC:3330	ENSG00000066629
HGNC:33309	ENSG00000253382
HGNC:3331	ENSG00000102119
HGNC:33310	ENSG00000237872
HGNC:33311	ENSG00000236375
HGNC:33312	ENSG00000242551
HGNC:33313	ENSG00000248365
HGNC:33315	ENSG00000231417
HGNC:33317	ENSG00000225401
HGNC:3332	ENSG00000072518
HGNC:3333	ENSG00000134531
HGNC:3334	ENSG00000213853
HGNC:33340	ENSG00000184731
HGNC:33342	ENSG00000178287
HGNC:33343	ENSG00000201634
HGNC:33345	ENSG00000282757
HGNC:33346	ENSG00000249506
HGNC:33347	ENSG00000278123
HGNC:33348	ENSG00000207245
HGNC:33349	ENSG00000225022
HGNC:3335	ENSG00000142227
HGNC:33351	ENSG00000284010
HGNC:33352	ENSG00000256340
HGNC:33353	ENSG00000255277
HGNC:33354	ENSG00000234178
HGNC:33356	ENSG00000274962
HGNC:33357	ENSG00000277008
HGNC:33358	ENSG00000171433
HGNC:33359	ENSG00000229562
HGNC:3336	ENSG00000174837
HGNC:33360	ENSG00000214930
HGNC:33361	ENSG00000230716
HGNC:33362	ENSG00000223940
HGNC:33363	ENSG00000259470
HGNC:33364	ENSG00000231203
HGNC:33365	ENSG00000241416
HGNC:33366	ENSG00000214282
HGNC:33367	ENSG00000233579
HGNC:33369	ENSG00000235124
HGNC:3337	ENSG00000127507
HGNC:33370	ENSG00000228767
HGNC:33371	ENSG00000257528
HGNC:33372	ENSG00000227404
HGNC:33373	ENSG00000229636
HGNC:33374	ENSG00000260731
HGNC:33375	ENSG00000259565
HGNC:33376	ENSG00000259500
HGNC:33377	ENSG00000239829
HGNC:33378	ENSG00000214659
HGNC:33379	ENSG00000226502
HGNC:3338	ENSG00000085733
HGNC:33380	ENSG00000223810
HGNC:33381	ENSG00000236430
HGNC:33382	ENSG00000224928
HGNC:33383	ENSG00000172986
HGNC:33384	ENSG00000235275
HGNC:33385	ENSG00000213943
HGNC:33386	ENSG00000261764
HGNC:33387	ENSG00000213601
HGNC:33388	ENSG00000257758
HGNC:33389	ENSG00000250363
HGNC:33390	ENSG00000218153
HGNC:33391	ENSG00000188820
HGNC:33392	ENSG00000215333
HGNC:33393	ENSG00000226234
HGNC:33394	ENSG00000249064
HGNC:33395	ENSG00000229798
HGNC:33396	ENSG00000224419
HGNC:33397	ENSG00000176855
HGNC:33398	ENSG00000213958
HGNC:3340	ENSG00000135638
HGNC:33400	ENSG00000249850
HGNC:33401	ENSG00000215149
HGNC:33402	ENSG00000214533
HGNC:33403	ENSG00000244515
HGNC:33404	ENSG00000215606
HGNC:33405	ENSG00000226246
HGNC:33406	ENSG00000253943
HGNC:33407	ENSG00000214012
HGNC:33408	ENSG00000224791
HGNC:33409	ENSG00000269012
HGNC:3341	ENSG00000170370
HGNC:33410	ENSG00000215819
HGNC:33411	ENSG00000253219
HGNC:33412	ENSG00000214794
HGNC:33413	ENSG00000240128
HGNC:33414	ENSG00000218728
HGNC:33415	ENSG00000249438
HGNC:33416	ENSG00000235716
HGNC:33417	ENSG00000259489
HGNC:33418	ENSG00000217889
HGNC:33419	ENSG00000214720
HGNC:3342	ENSG00000163064
HGNC:33420	ENSG00000219941
HGNC:33421	ENSG00000250504
HGNC:33422	ENSG00000218014
HGNC:33423	ENSG00000216306
HGNC:33424	ENSG00000249681
HGNC:33425	ENSG00000225783
HGNC:33426	ENSG00000274252
HGNC:33427	ENSG00000276160
HGNC:33428	ENSG00000230712
HGNC:33429	ENSG00000215127
HGNC:3343	ENSG00000164778
HGNC:33433	ENSG00000138068
HGNC:33434	ENSG00000099999
HGNC:33435	ENSG00000204183
HGNC:33437	ENSG00000133433
HGNC:33438	ENSG00000236969
HGNC:3344	ENSG00000132464
HGNC:33440	ENSG00000258588
HGNC:33441	ENSG00000255073
HGNC:33442	ENSG00000121089
HGNC:33446	ENSG00000099974
HGNC:33448	ENSG00000230164
HGNC:33449	ENSG00000235963
HGNC:3345	ENSG00000171617
HGNC:33450	ENSG00000233677
HGNC:33451	ENSG00000185298
HGNC:33454	ENSG00000196872
HGNC:33455	ENSG00000188991
HGNC:33456	ENSG00000233916
HGNC:33457	ENSG00000223702
HGNC:33458	ENSG00000227609
HGNC:33459	ENSG00000242609
HGNC:3346	ENSG00000167136
HGNC:33460	ENSG00000225644
HGNC:33461	ENSG00000238024
HGNC:33462	ENSG00000224312
HGNC:33463	ENSG00000177721
HGNC:33464	ENSG00000268654
HGNC:33469	ENSG00000206034
HGNC:3347	ENSG00000157036
HGNC:33480	ENSG00000186684
HGNC:33482	ENSG00000254726
HGNC:33484	ENSG00000230524
HGNC:33487	ENSG00000231087
HGNC:33488	ENSG00000188549
HGNC:3349	ENSG00000106991
HGNC:33492	ENSG00000226631
HGNC:33494	ENSG00000204019
HGNC:33495	ENSG00000259571
HGNC:33496	ENSG00000231371
HGNC:33497	ENSG00000266899
HGNC:33498	ENSG00000225212
HGNC:33499	ENSG00000164053
HGNC:3350	ENSG00000074800
HGNC:33502	ENSG00000268297
HGNC:33504	ENSG00000161929
HGNC:33510	ENSG00000228630
HGNC:33511	ENSG00000288616
HGNC:33512	ENSG00000253548
HGNC:33513	ENSG00000241318
HGNC:33514	ENSG00000174384
HGNC:33515	ENSG00000229018
HGNC:33516	ENSG00000273897
HGNC:33517	ENSG00000186814
HGNC:33518	ENSG00000225899
HGNC:33519	ENSG00000203989
HGNC:3352	ENSG00000244457
HGNC:33520	ENSG00000180953
HGNC:33521	ENSG00000124208
HGNC:33522	ENSG00000185561
HGNC:33523	ENSG00000226721
HGNC:33524	ENSG00000213130
HGNC:33525	ENSG00000219186
HGNC:33526	ENSG00000243207
HGNC:33527	ENSG00000129965
HGNC:33529	ENSG00000157654
HGNC:3353	ENSG00000111674
HGNC:33530	ENSG00000254996
HGNC:33531	ENSG00000011052
HGNC:33533	ENSG00000225169
HGNC:33535	ENSG00000254806
HGNC:33537	ENSG00000248871
HGNC:33539	ENSG00000234345
HGNC:3354	ENSG00000108515
HGNC:33540	ENSG00000225406
HGNC:33541	ENSG00000184100
HGNC:33542	ENSG00000242272
HGNC:33543	ENSG00000196228
HGNC:33545	ENSG00000237223
HGNC:33547	ENSG00000172568
HGNC:3355	ENSG00000138792
HGNC:33550	ENSG00000189233
HGNC:33551	ENSG00000224877
HGNC:33552	ENSG00000254949
HGNC:33554	ENSG00000234590
HGNC:33555	ENSG00000239043
HGNC:33557	ENSG00000241810
HGNC:3356	ENSG00000197594
HGNC:33560	ENSG00000238886
HGNC:33562	ENSG00000239112
HGNC:33563	ENSG00000238793
HGNC:33564	ENSG00000239127
HGNC:33565	ENSG00000238344
HGNC:33566	ENSG00000230330
HGNC:33567	ENSG00000249014
HGNC:33568	ENSG00000234664
HGNC:33569	ENSG00000238300
HGNC:3357	ENSG00000136960
HGNC:33570	ENSG00000238862
HGNC:33571	ENSG00000271852
HGNC:33572	ENSG00000238531
HGNC:33573	ENSG00000222365
HGNC:33574	ENSG00000257179
HGNC:33575	ENSG00000226427
HGNC:33576	ENSG00000274602
HGNC:33577	ENSG00000183506
HGNC:33579	ENSG00000221514
HGNC:3358	ENSG00000154269
HGNC:33581	ENSG00000282591
HGNC:33582	ENSG00000226516
HGNC:33583	ENSG00000249054
HGNC:33584	ENSG00000162069
HGNC:33586	ENSG00000232204
HGNC:33587	ENSG00000216829
HGNC:33588	ENSG00000204816
HGNC:33589	ENSG00000204801
HGNC:3359	ENSG00000001561
HGNC:33593	ENSG00000215784
HGNC:33595	ENSG00000187135
HGNC:33596	ENSG00000240247
HGNC:33599	ENSG00000232039
HGNC:336	ENSG00000144891
HGNC:3360	ENSG00000143420
HGNC:33600	ENSG00000278558
HGNC:33601	ENSG00000206140
HGNC:33602	ENSG00000225769
HGNC:33603	ENSG00000159860
HGNC:33604	ENSG00000223459
HGNC:33605	ENSG00000240268
HGNC:33607	ENSG00000230006
HGNC:33609	ENSG00000183654
HGNC:33610	ENSG00000196204
HGNC:33611	ENSG00000256103
HGNC:33612	ENSG00000261102
HGNC:33613	ENSG00000202093
HGNC:33615	ENSG00000239183
HGNC:33616	ENSG00000207016
HGNC:33617	ENSG00000200394
HGNC:33618	ENSG00000206937
HGNC:33619	ENSG00000207268
HGNC:33620	ENSG00000221102
HGNC:33621	ENSG00000221459
HGNC:33622	ENSG00000221475
HGNC:33623	ENSG00000221705
HGNC:33624	ENSG00000188761
HGNC:33625	ENSG00000261645
HGNC:33626	ENSG00000172969
HGNC:33627	ENSG00000198535
HGNC:33628	ENSG00000205502
HGNC:33629	ENSG00000104983
HGNC:3363	ENSG00000138185
HGNC:33630	ENSG00000229474
HGNC:33631	ENSG00000187800
HGNC:33632	ENSG00000187959
HGNC:33634	ENSG00000216031
HGNC:33635	ENSG00000216056
HGNC:33636	ENSG00000215957
HGNC:33639	ENSG00000215943
HGNC:3364	ENSG00000054179
HGNC:33641	ENSG00000212013
HGNC:33642	ENSG00000216001
HGNC:33643	ENSG00000216009
HGNC:33644	ENSG00000216075
HGNC:33645	ENSG00000216064
HGNC:33648	ENSG00000216005
HGNC:33649	ENSG00000216098
HGNC:3365	ENSG00000168032
HGNC:33650	ENSG00000216179
HGNC:33651	ENSG00000216099
HGNC:33652	ENSG00000216069
HGNC:33653	ENSG00000215966
HGNC:33654	ENSG00000211997
HGNC:33655	ENSG00000284386
HGNC:33656	ENSG00000215938
HGNC:33658	ENSG00000266297
HGNC:33659	ENSG00000216135
HGNC:33660	ENSG00000216101
HGNC:33661	ENSG00000216077
HGNC:33662	ENSG00000283159
HGNC:33663	ENSG00000215939
HGNC:33664	ENSG00000212040
HGNC:33665	ENSG00000212027
HGNC:33666	ENSG00000211575
HGNC:33667	ENSG00000212102
HGNC:33668	ENSG00000211520
HGNC:33669	ENSG00000215991
HGNC:3367	ENSG00000187097
HGNC:33670	ENSG00000216192
HGNC:33671	ENSG00000215952
HGNC:33672	ENSG00000284146
HGNC:33675	ENSG00000212014
HGNC:33676	ENSG00000215973
HGNC:33677	ENSG00000216060
HGNC:33678	ENSG00000284583
HGNC:33679	ENSG00000283788
HGNC:3368	ENSG00000197586
HGNC:33680	ENSG00000284224
HGNC:33681	ENSG00000216035
HGNC:33682	ENSG00000284310
HGNC:33688	ENSG00000215930
HGNC:33689	ENSG00000284587
HGNC:33690	ENSG00000216058
HGNC:33691	ENSG00000215961
HGNC:33692	ENSG00000199130
HGNC:33694	ENSG00000272436
HGNC:33696	ENSG00000231234
HGNC:33697	ENSG00000231870
HGNC:33698	ENSG00000237864
HGNC:33699	ENSG00000203908
HGNC:33700	ENSG00000189362
HGNC:33701	ENSG00000204397
HGNC:33702	ENSG00000174917
HGNC:33703	ENSG00000157884
HGNC:33704	ENSG00000188760
HGNC:33705	ENSG00000198398
HGNC:33706	ENSG00000188817
HGNC:33708	ENSG00000172425
HGNC:33709	ENSG00000185523
HGNC:33710	ENSG00000205643
HGNC:33711	ENSG00000176055
HGNC:33712	ENSG00000205174
HGNC:33713	ENSG00000204165
HGNC:33714	ENSG00000139914
HGNC:33715	ENSG00000189350
HGNC:33716	ENSG00000152380
HGNC:33717	ENSG00000139780
HGNC:33718	ENSG00000171695
HGNC:33719	ENSG00000188807
HGNC:3372	ENSG00000163508
HGNC:33720	ENSG00000163075
HGNC:33721	ENSG00000189366
HGNC:33722	ENSG00000187595
HGNC:33724	ENSG00000177363
HGNC:33725	ENSG00000206069
HGNC:33727	ENSG00000188659
HGNC:33728	ENSG00000188368
HGNC:3373	ENSG00000100393
HGNC:33730	ENSG00000184319
HGNC:33731	ENSG00000187068
HGNC:33732	ENSG00000178125
HGNC:33733	ENSG00000187806
HGNC:33734	ENSG00000233917
HGNC:33735	ENSG00000205212
HGNC:33736	ENSG00000189127
HGNC:33737	ENSG00000204131
HGNC:33738	ENSG00000187690
HGNC:33739	ENSG00000188505
HGNC:3374	ENSG00000116016
HGNC:33741	ENSG00000188981
HGNC:33742	ENSG00000170681
HGNC:33743	ENSG00000203933
HGNC:33744	ENSG00000185475
HGNC:33745	ENSG00000159648
HGNC:33746	ENSG00000230445
HGNC:33747	ENSG00000176971
HGNC:33748	ENSG00000174236
HGNC:33749	ENSG00000177875
HGNC:33751	ENSG00000188811
HGNC:33752	ENSG00000196860
HGNC:33753	ENSG00000205363
HGNC:33754	ENSG00000155330
HGNC:33755	ENSG00000159761
HGNC:33756	ENSG00000182327
HGNC:33757	ENSG00000187824
HGNC:33758	ENSG00000204347
HGNC:33759	ENSG00000221953
HGNC:33760	ENSG00000197683
HGNC:33762	ENSG00000182698
HGNC:33763	ENSG00000182600
HGNC:33764	ENSG00000184814
HGNC:33765	ENSG00000197980
HGNC:33766	ENSG00000181215
HGNC:33767	ENSG00000196900
HGNC:33768	ENSG00000178776
HGNC:33769	ENSG00000189325
HGNC:3377	ENSG00000159023
HGNC:33770	ENSG00000273313
HGNC:33771	ENSG00000273520
HGNC:33772	ENSG00000188186
HGNC:33773	ENSG00000189320
HGNC:33774	ENSG00000196166
HGNC:33775	ENSG00000196711
HGNC:33776	ENSG00000188523
HGNC:33777	ENSG00000177984
HGNC:33778	ENSG00000187616
HGNC:3378	ENSG00000088367
HGNC:33781	ENSG00000183760
HGNC:33782	ENSG00000184924
HGNC:33783	ENSG00000187821
HGNC:33784	ENSG00000187546
HGNC:33785	ENSG00000253304
HGNC:33786	ENSG00000197308
HGNC:33787	ENSG00000203791
HGNC:33788	ENSG00000185742
HGNC:33789	ENSG00000196167
HGNC:3379	ENSG00000079819
HGNC:33790	ENSG00000174456
HGNC:33791	ENSG00000196668
HGNC:33792	ENSG00000180440
HGNC:33793	ENSG00000197595
HGNC:33795	ENSG00000184601
HGNC:33796	ENSG00000175779
HGNC:33797	ENSG00000175746
HGNC:338	ENSG00000180772
HGNC:3380	ENSG00000082397
HGNC:33800	ENSG00000187624
HGNC:33802	ENSG00000182459
HGNC:33803	ENSG00000187650
HGNC:33805	ENSG00000213057
HGNC:33806	ENSG00000186458
HGNC:33808	ENSG00000188263
HGNC:33809	ENSG00000187944
HGNC:3381	ENSG00000166947
HGNC:33810	ENSG00000196758
HGNC:33812	ENSG00000244041
HGNC:33813	ENSG00000197251
HGNC:33814	ENSG00000155085
HGNC:33816	ENSG00000188133
HGNC:33817	ENSG00000204446
HGNC:33818	ENSG00000188163
HGNC:33819	ENSG00000267343
HGNC:3382	ENSG00000158856
HGNC:33820	ENSG00000229585
HGNC:33821	ENSG00000176125
HGNC:33823	ENSG00000244476
HGNC:33824	ENSG00000186825
HGNC:33825	ENSG00000196800
HGNC:33826	ENSG00000213563
HGNC:33827	ENSG00000255221
HGNC:33829	ENSG00000187510
HGNC:3383	ENSG00000148175
HGNC:33830	ENSG00000204899
HGNC:33832	ENSG00000233232
HGNC:33833	ENSG00000186481
HGNC:33834	ENSG00000253831
HGNC:33838	ENSG00000197536
HGNC:33841	ENSG00000205238
HGNC:33842	ENSG00000205002
HGNC:33843	ENSG00000198435
HGNC:33844	ENSG00000174473
HGNC:33845	ENSG00000174353
HGNC:33846	ENSG00000213214
HGNC:33847	ENSG00000182700
HGNC:33848	ENSG00000183513
HGNC:33849	ENSG00000140839
HGNC:3385	ENSG00000146904
HGNC:33851	ENSG00000235095
HGNC:33852	ENSG00000205583
HGNC:33853	ENSG00000168255
HGNC:33854	ENSG00000187860
HGNC:33855	ENSG00000224807
HGNC:33856	ENSG00000204653
HGNC:33857	ENSG00000204923
HGNC:33858	ENSG00000203778
HGNC:33859	ENSG00000188916
HGNC:3386	ENSG00000142627
HGNC:33861	ENSG00000188725
HGNC:33862	ENSG00000204928
HGNC:33864	ENSG00000206107
HGNC:33865	ENSG00000188167
HGNC:33867	ENSG00000205138
HGNC:33868	ENSG00000176753
HGNC:33869	ENSG00000205089
HGNC:3387	ENSG00000044524
HGNC:33872	ENSG00000196196
HGNC:33874	ENSG00000171916
HGNC:33875	ENSG00000231205
HGNC:33876	ENSG00000228927
HGNC:33877	ENSG00000204442
HGNC:33879	ENSG00000213221
HGNC:3388	ENSG00000116106
HGNC:33882	ENSG00000132376
HGNC:33884	ENSG00000282458
HGNC:33885	ENSG00000240288
HGNC:33886	ENSG00000277072
HGNC:33887	ENSG00000106610
HGNC:33888	ENSG00000235711
HGNC:33889	ENSG00000226534
HGNC:3389	ENSG00000145242
HGNC:33891	ENSG00000274600
HGNC:33892	ENSG00000183246
HGNC:33893	ENSG00000188877
HGNC:33894	ENSG00000183206
HGNC:33895	ENSG00000188219
HGNC:33896	ENSG00000187537
HGNC:33898	ENSG00000206102
HGNC:339	ENSG00000134817
HGNC:3390	ENSG00000135333
HGNC:33902	ENSG00000188694
HGNC:33904	ENSG00000102794
HGNC:33905	ENSG00000196604
HGNC:33906	ENSG00000188334
HGNC:33908	ENSG00000277149
HGNC:3391	ENSG00000070886
HGNC:33910	ENSG00000100104
HGNC:33911	ENSG00000219200
HGNC:33912	ENSG00000118976
HGNC:33914	ENSG00000186367
HGNC:33915	ENSG00000166763
HGNC:33916	ENSG00000226075
HGNC:33917	ENSG00000228645
HGNC:33918	ENSG00000229508
HGNC:33919	ENSG00000232882
HGNC:3392	ENSG00000154928
HGNC:33920	ENSG00000205045
HGNC:33921	ENSG00000221028
HGNC:33922	ENSG00000221585
HGNC:33923	ENSG00000221120
HGNC:33924	ENSG00000221394
HGNC:33925	ENSG00000284446
HGNC:33927	ENSG00000221273
HGNC:33928	ENSG00000221365
HGNC:33929	ENSG00000221649
HGNC:3393	ENSG00000133216
HGNC:33931	ENSG00000221656
HGNC:33932	ENSG00000221411
HGNC:33933	ENSG00000221410
HGNC:33934	ENSG00000216171
HGNC:33935	ENSG00000207871
HGNC:33936	ENSG00000204677
HGNC:33939	ENSG00000249581
HGNC:3394	ENSG00000182580
HGNC:33940	ENSG00000214285
HGNC:33941	ENSG00000189339
HGNC:33942	ENSG00000257802
HGNC:33945	ENSG00000251201
HGNC:33949	ENSG00000255063
HGNC:3395	ENSG00000196411
HGNC:33950	ENSG00000177447
HGNC:33952	ENSG00000234844
HGNC:33954	ENSG00000198406
HGNC:33956	ENSG00000251521
HGNC:33957	ENSG00000214045
HGNC:33958	ENSG00000214815
HGNC:33959	ENSG00000237206
HGNC:3396	ENSG00000106123
HGNC:33960	ENSG00000213513
HGNC:33961	ENSG00000254294
HGNC:33962	ENSG00000226553
HGNC:33963	ENSG00000224728
HGNC:33964	ENSG00000218976
HGNC:33965	ENSG00000232133
HGNC:33966	ENSG00000217414
HGNC:33967	ENSG00000251553
HGNC:33968	ENSG00000255220
HGNC:33969	ENSG00000205763
HGNC:33971	ENSG00000188460
HGNC:33972	ENSG00000213275
HGNC:33973	ENSG00000258712
HGNC:33974	ENSG00000265766
HGNC:33975	ENSG00000232486
HGNC:33976	ENSG00000213735
HGNC:33978	ENSG00000270264
HGNC:33980	ENSG00000235547
HGNC:33981	ENSG00000226247
HGNC:33983	ENSG00000152093
HGNC:33984	ENSG00000189431
HGNC:33985	ENSG00000268660
HGNC:33987	ENSG00000231381
HGNC:33988	ENSG00000213110
HGNC:33989	ENSG00000229007
HGNC:33990	ENSG00000269763
HGNC:33991	ENSG00000255138
HGNC:33992	ENSG00000248492
HGNC:33993	ENSG00000242267
HGNC:33995	ENSG00000288867
HGNC:33996	ENSG00000236334
HGNC:33997	ENSG00000271567
HGNC:33998	ENSG00000289549
HGNC:33999	ENSG00000279782
HGNC:34	ENSG00000198691
HGNC:34000	ENSG00000138892
HGNC:34001	ENSG00000206104
HGNC:34002	ENSG00000206105
HGNC:34003	ENSG00000232263
HGNC:34004	ENSG00000205578
HGNC:34005	ENSG00000272391
HGNC:34006	ENSG00000178385
HGNC:3401	ENSG00000143819
HGNC:34013	ENSG00000228264
HGNC:34014	ENSG00000223566
HGNC:34015	ENSG00000189166
HGNC:34016	ENSG00000264229
HGNC:34017	ENSG00000221676
HGNC:34018	ENSG00000224166
HGNC:34019	ENSG00000231311
HGNC:3402	ENSG00000120915
HGNC:34020	ENSG00000169763
HGNC:34021	ENSG00000172283
HGNC:34023	ENSG00000229659
HGNC:34024	ENSG00000255833
HGNC:34025	ENSG00000273041
HGNC:34026	ENSG00000180389
HGNC:34028	ENSG00000249465
HGNC:3403	ENSG00000111450
HGNC:34031	ENSG00000259844
HGNC:34032	ENSG00000185869
HGNC:34033	ENSG00000238923
HGNC:34034	ENSG00000189089
HGNC:34036	ENSG00000274516
HGNC:34037	ENSG00000277260
HGNC:34038	ENSG00000189014
HGNC:34039	ENSG00000270073
HGNC:34040	ENSG00000188656
HGNC:34041	ENSG00000250536
HGNC:34042	ENSG00000229107
HGNC:34043	ENSG00000263366
HGNC:34044	ENSG00000226981
HGNC:34048	ENSG00000272681
HGNC:34049	ENSG00000118990
HGNC:34051	ENSG00000184795
HGNC:34053	ENSG00000255562
HGNC:34054	ENSG00000198134
HGNC:34055	ENSG00000200537
HGNC:34056	ENSG00000201470
HGNC:34058	ENSG00000200064
HGNC:34059	ENSG00000185863
HGNC:34060	ENSG00000202441
HGNC:34063	ENSG00000207011
HGNC:34064	ENSG00000200526
HGNC:34066	ENSG00000201638
HGNC:34067	ENSG00000201818
HGNC:34068	ENSG00000212409
HGNC:34069	ENSG00000199400
HGNC:34070	ENSG00000252487
HGNC:34071	ENSG00000182447
HGNC:34072	ENSG00000205863
HGNC:34073	ENSG00000214212
HGNC:34074	ENSG00000227255
HGNC:34075	ENSG00000214819
HGNC:34076	ENSG00000206145
HGNC:34078	ENSG00000237849
HGNC:34079	ENSG00000236438
HGNC:34080	ENSG00000233013
HGNC:34081	ENSG00000260528
HGNC:34092	ENSG00000210678
HGNC:34093	ENSG00000210709
HGNC:34094	ENSG00000210181
HGNC:34095	ENSG00000210839
HGNC:34098	ENSG00000251905
HGNC:34099	ENSG00000252244
HGNC:341	ENSG00000172482
HGNC:34100	ENSG00000252770
HGNC:34102	ENSG00000252654
HGNC:34103	ENSG00000238606
HGNC:34104	ENSG00000251767
HGNC:34105	ENSG00000238782
HGNC:34106	ENSG00000271841
HGNC:34107	ENSG00000252796
HGNC:34108	ENSG00000251839
HGNC:34109	ENSG00000252222
HGNC:34110	ENSG00000238468
HGNC:34114	ENSG00000252174
HGNC:34115	ENSG00000238959
HGNC:34116	ENSG00000251712
HGNC:34117	ENSG00000238558
HGNC:34118	ENSG00000252482
HGNC:34119	ENSG00000239099
HGNC:34120	ENSG00000239081
HGNC:34121	ENSG00000252353
HGNC:34122	ENSG00000238610
HGNC:34123	ENSG00000238750
HGNC:34124	ENSG00000252568
HGNC:34125	ENSG00000252429
HGNC:34126	ENSG00000252644
HGNC:3413	ENSG00000112425
HGNC:34130	ENSG00000238904
HGNC:34131	ENSG00000252983
HGNC:34133	ENSG00000251707
HGNC:34134	ENSG00000238446
HGNC:34136	ENSG00000252206
HGNC:34137	ENSG00000251726
HGNC:34139	ENSG00000252363
HGNC:34141	ENSG00000238829
HGNC:34142	ENSG00000238830
HGNC:34143	ENSG00000251787
HGNC:34144	ENSG00000238386
HGNC:34145	ENSG00000251991
HGNC:34146	ENSG00000238304
HGNC:34147	ENSG00000252369
HGNC:34148	ENSG00000251981
HGNC:34149	ENSG00000252514
HGNC:3415	ENSG00000130427
HGNC:34150	ENSG00000238590
HGNC:34152	ENSG00000238709
HGNC:34153	ENSG00000238365
HGNC:34155	ENSG00000238880
HGNC:34156	ENSG00000251747
HGNC:34157	ENSG00000251706
HGNC:34158	ENSG00000238653
HGNC:34159	ENSG00000238417
HGNC:3416	ENSG00000187266
HGNC:34161	ENSG00000252457
HGNC:34162	ENSG00000238949
HGNC:34163	ENSG00000239115
HGNC:34165	ENSG00000252178
HGNC:34166	ENSG00000252750
HGNC:34167	ENSG00000251868
HGNC:34169	ENSG00000239105
HGNC:34170	ENSG00000239010
HGNC:34171	ENSG00000251880
HGNC:34173	ENSG00000253054
HGNC:34175	ENSG00000251891
HGNC:34176	ENSG00000238778
HGNC:34177	ENSG00000252507
HGNC:34178	ENSG00000238924
HGNC:3418	ENSG00000136628
HGNC:34180	ENSG00000251892
HGNC:34181	ENSG00000238884
HGNC:34182	ENSG00000199906
HGNC:34183	ENSG00000252410
HGNC:34184	ENSG00000200378
HGNC:34186	ENSG00000252574
HGNC:34187	ENSG00000059769
HGNC:3419	ENSG00000085832
HGNC:3420	ENSG00000151491
HGNC:34210	ENSG00000237183
HGNC:34211	ENSG00000212658
HGNC:34212	ENSG00000276647
HGNC:34213	ENSG00000236382
HGNC:34216	ENSG00000231068
HGNC:34218	ENSG00000284629
HGNC:34219	ENSG00000285843
HGNC:34220	ENSG00000284643
HGNC:34221	ENSG00000284622
HGNC:34222	ENSG00000284704
HGNC:34223	ENSG00000284631
HGNC:34224	ENSG00000284667
HGNC:34225	ENSG00000284725
HGNC:34226	ENSG00000284718
HGNC:34227	ENSG00000284635
HGNC:34228	ENSG00000214414
HGNC:34229	ENSG00000215113
HGNC:3423	ENSG00000121053
HGNC:34230	ENSG00000278143
HGNC:34232	ENSG00000285219
HGNC:34236	ENSG00000145642
HGNC:34237	ENSG00000164142
HGNC:34239	ENSG00000213525
HGNC:3424	ENSG00000132591
HGNC:34240	ENSG00000265472
HGNC:34241	ENSG00000256125
HGNC:34242	ENSG00000215187
HGNC:34243	ENSG00000215296
HGNC:34244	ENSG00000205269
HGNC:34246	ENSG00000197213
HGNC:34247	ENSG00000207472
HGNC:34248	ENSG00000206981
HGNC:34249	ENSG00000206965
HGNC:34250	ENSG00000207116
HGNC:34251	ENSG00000206600
HGNC:34252	ENSG00000206712
HGNC:34253	ENSG00000206932
HGNC:34254	ENSG00000206763
HGNC:34255	ENSG00000201104
HGNC:34256	ENSG00000207334
HGNC:34257	ENSG00000206975
HGNC:34258	ENSG00000207360
HGNC:34259	ENSG00000207264
HGNC:34260	ENSG00000207113
HGNC:34261	ENSG00000206972
HGNC:34262	ENSG00000207257
HGNC:34263	ENSG00000207449
HGNC:34264	ENSG00000206833
HGNC:34265	ENSG00000207441
HGNC:34266	ENSG00000207083
HGNC:34267	ENSG00000200153
HGNC:34268	ENSG00000207169
HGNC:34269	ENSG00000207507
HGNC:34270	ENSG00000207357
HGNC:34271	ENSG00000251955
HGNC:34272	ENSG00000199248
HGNC:34273	ENSG00000207367
HGNC:34274	ENSG00000207291
HGNC:34275	ENSG00000207041
HGNC:34276	ENSG00000206675
HGNC:34277	ENSG00000207524
HGNC:34278	ENSG00000201744
HGNC:34279	ENSG00000207260
HGNC:34280	ENSG00000206899
HGNC:34281	ENSG00000199562
HGNC:34282	ENSG00000206812
HGNC:34283	ENSG00000207072
HGNC:34284	ENSG00000201654
HGNC:34285	ENSG00000202337
HGNC:34286	ENSG00000206892
HGNC:34287	ENSG00000207029
HGNC:34288	ENSG00000206772
HGNC:34289	ENSG00000207200
HGNC:34290	ENSG00000206587
HGNC:34291	ENSG00000206593
HGNC:34292	ENSG00000206888
HGNC:34293	ENSG00000206983
HGNC:34294	ENSG00000204532
HGNC:34295	ENSG00000186329
HGNC:34296	ENSG00000173988
HGNC:34297	ENSG00000215912
HGNC:34298	ENSG00000188306
HGNC:34299	ENSG00000188993
HGNC:343	ENSG00000101444
HGNC:3430	ENSG00000141736
HGNC:34300	ENSG00000240720
HGNC:34301	ENSG00000187905
HGNC:34302	ENSG00000197549
HGNC:34303	ENSG00000214954
HGNC:3431	ENSG00000065361
HGNC:3432	ENSG00000178568
HGNC:3433	ENSG00000012061
HGNC:34332	ENSG00000127903
HGNC:34333	ENSG00000196267
HGNC:34336	ENSG00000175841
HGNC:34339	ENSG00000185442
HGNC:3434	ENSG00000104884
HGNC:34340	ENSG00000248690
HGNC:34341	ENSG00000240498
HGNC:34342	ENSG00000174678
HGNC:34343	ENSG00000189157
HGNC:34344	ENSG00000184617
HGNC:34345	ENSG00000198520
HGNC:34346	ENSG00000205129
HGNC:34347	ENSG00000186973
HGNC:34348	ENSG00000253368
HGNC:34349	ENSG00000187833
HGNC:3435	ENSG00000163161
HGNC:34350	ENSG00000284308
HGNC:34351	ENSG00000239887
HGNC:34352	ENSG00000188674
HGNC:34353	ENSG00000168887
HGNC:34354	ENSG00000188032
HGNC:34355	ENSG00000206633
HGNC:34356	ENSG00000263666
HGNC:34357	ENSG00000207221
HGNC:34358	ENSG00000206869
HGNC:34359	ENSG00000206650
HGNC:3436	ENSG00000175595
HGNC:34360	ENSG00000183208
HGNC:34361	ENSG00000242715
HGNC:34362	ENSG00000199352
HGNC:34363	ENSG00000201588
HGNC:34364	ENSG00000199337
HGNC:34365	ENSG00000200381
HGNC:34366	ENSG00000199396
HGNC:34367	ENSG00000200624
HGNC:34368	ENSG00000202521
HGNC:34369	ENSG00000200343
HGNC:3437	ENSG00000134899
HGNC:34370	ENSG00000201321
HGNC:34371	ENSG00000199910
HGNC:34372	ENSG00000199334
HGNC:34373	ENSG00000199270
HGNC:34374	ENSG00000202526
HGNC:34375	ENSG00000201355
HGNC:34376	ENSG00000201925
HGNC:34377	ENSG00000202257
HGNC:34378	ENSG00000200370
HGNC:34379	ENSG00000162997
HGNC:3438	ENSG00000225830
HGNC:34383	ENSG00000179270
HGNC:34384	ENSG00000215812
HGNC:34385	ENSG00000169402
HGNC:34386	ENSG00000221962
HGNC:34388	ENSG00000177989
HGNC:34389	ENSG00000198153
HGNC:3439	ENSG00000049167
HGNC:34390	ENSG00000258102
HGNC:34391	ENSG00000205126
HGNC:34393	ENSG00000276816
HGNC:34395	ENSG00000197520
HGNC:34396	ENSG00000135175
HGNC:34397	ENSG00000243789
HGNC:34399	ENSG00000204922
HGNC:344	ENSG00000168710
HGNC:34400	ENSG00000221932
HGNC:34401	ENSG00000179256
HGNC:34403	ENSG00000188266
HGNC:34404	ENSG00000103550
HGNC:34405	ENSG00000189149
HGNC:34406	ENSG00000259982
HGNC:34407	ENSG00000151006
HGNC:34408	ENSG00000196123
HGNC:34409	ENSG00000196436
HGNC:34410	ENSG00000215041
HGNC:34412	ENSG00000197322
HGNC:34414	ENSG00000167798
HGNC:34415	ENSG00000180061
HGNC:34416	ENSG00000187550
HGNC:34417	ENSG00000214842
HGNC:34418	ENSG00000186453
HGNC:34423	ENSG00000239282
HGNC:34425	ENSG00000221883
HGNC:34427	ENSG00000080200
HGNC:34428	ENSG00000206262
HGNC:3443	ENSG00000124882
HGNC:34430	ENSG00000183111
HGNC:34431	ENSG00000221821
HGNC:34432	ENSG00000221845
HGNC:34433	ENSG00000205884
HGNC:34434	ENSG00000223443
HGNC:34435	ENSG00000175946
HGNC:34436	ENSG00000214402
HGNC:34437	ENSG00000243449
HGNC:34438	ENSG00000198865
HGNC:34439	ENSG00000237651
HGNC:3444	ENSG00000105722
HGNC:34440	ENSG00000185662
HGNC:34441	ENSG00000214886
HGNC:34442	ENSG00000173237
HGNC:34443	ENSG00000214376
HGNC:34444	ENSG00000205177
HGNC:34447	ENSG00000178934
HGNC:34448	ENSG00000165935
HGNC:34449	ENSG00000168970
HGNC:34450	ENSG00000204954
HGNC:34451	ENSG00000196666
HGNC:34452	ENSG00000214700
HGNC:34453	ENSG00000189227
HGNC:34454	ENSG00000197599
HGNC:34455	ENSG00000215131
HGNC:3446	ENSG00000157554
HGNC:3447	ENSG00000100632
HGNC:34489	ENSG00000188277
HGNC:3449	ENSG00000178607
HGNC:34490	ENSG00000187997
HGNC:34491	ENSG00000188803
HGNC:34492	ENSG00000275489
HGNC:34493	ENSG00000273604
HGNC:34494	ENSG00000256806
HGNC:34495	ENSG00000185453
HGNC:34496	ENSG00000183397
HGNC:34497	ENSG00000204978
HGNC:34498	ENSG00000183631
HGNC:34499	ENSG00000178947
HGNC:34500	ENSG00000196972
HGNC:34501	ENSG00000174028
HGNC:34502	ENSG00000179899
HGNC:34503	ENSG00000175170
HGNC:34504	ENSG00000227411
HGNC:34505	ENSG00000260010
HGNC:34507	ENSG00000215887
HGNC:34508	ENSG00000204933
HGNC:34511	ENSG00000164556
HGNC:34512	ENSG00000248405
HGNC:34513	ENSG00000197385
HGNC:34514	ENSG00000267235
HGNC:34515	ENSG00000268257
HGNC:34516	ENSG00000219693
HGNC:34517	ENSG00000189051
HGNC:34518	ENSG00000154978
HGNC:34519	ENSG00000106479
HGNC:34520	ENSG00000187912
HGNC:34521	ENSG00000188585
HGNC:34522	ENSG00000261210
HGNC:34524	ENSG00000197416
HGNC:34527	ENSG00000187492
HGNC:34528	ENSG00000214736
HGNC:34530	ENSG00000214360
HGNC:34531	ENSG00000185055
HGNC:34532	ENSG00000215529
HGNC:3454	ENSG00000213462
HGNC:34545	ENSG00000215785
HGNC:34546	ENSG00000248593
HGNC:34547	ENSG00000253833
HGNC:34548	ENSG00000185105
HGNC:34549	ENSG00000183476
HGNC:34550	ENSG00000142549
HGNC:346	ENSG00000063438
HGNC:3465	ENSG00000139684
HGNC:3466	ENSG00000164283
HGNC:3467	ENSG00000091831
HGNC:3468	ENSG00000140009
HGNC:347	ENSG00000124942
HGNC:3471	ENSG00000173153
HGNC:3472	ENSG00000215572
HGNC:3473	ENSG00000119715
HGNC:3474	ENSG00000196482
HGNC:3477	ENSG00000120705
HGNC:3478	ENSG00000232757
HGNC:3479	ENSG00000240132
HGNC:348	ENSG00000106546
HGNC:3480	ENSG00000233833
HGNC:3481	ENSG00000140374
HGNC:3482	ENSG00000105379
HGNC:3483	ENSG00000171503
HGNC:3488	ENSG00000134954
HGNC:3489	ENSG00000157557
HGNC:349	ENSG00000145192
HGNC:3490	ENSG00000006468
HGNC:3491	ENSG00000105672
HGNC:3492	ENSG00000117036
HGNC:3493	ENSG00000175832
HGNC:3494	ENSG00000244405
HGNC:3495	ENSG00000139083
HGNC:3496	ENSG00000149573
HGNC:3497	ENSG00000072840
HGNC:3498	ENSG00000085276
HGNC:3499	ENSG00000126860
HGNC:35	ENSG00000154265
HGNC:3500	ENSG00000185862
HGNC:3501	ENSG00000067208
HGNC:3503	ENSG00000167880
HGNC:35051	ENSG00000242752
HGNC:3506	ENSG00000106038
HGNC:3507	ENSG00000174279
HGNC:3508	ENSG00000182944
HGNC:35087	ENSG00000241225
HGNC:3511	ENSG00000174371
HGNC:35118	ENSG00000283787
HGNC:3512	ENSG00000182197
HGNC:35121	ENSG00000187658
HGNC:35123	ENSG00000214336
HGNC:35124	ENSG00000230528
HGNC:35125	ENSG00000234235
HGNC:35126	ENSG00000205899
HGNC:35128	ENSG00000218792
HGNC:35129	ENSG00000253951
HGNC:3513	ENSG00000151348
HGNC:35130	ENSG00000249557
HGNC:35131	ENSG00000216990
HGNC:35132	ENSG00000228036
HGNC:35133	ENSG00000213430
HGNC:35134	ENSG00000249958
HGNC:35135	ENSG00000250444
HGNC:35136	ENSG00000248351
HGNC:35137	ENSG00000234585
HGNC:35138	ENSG00000255403
HGNC:35139	ENSG00000230584
HGNC:35140	ENSG00000255964
HGNC:35141	ENSG00000225569
HGNC:35142	ENSG00000251348
HGNC:35143	ENSG00000227000
HGNC:35144	ENSG00000226015
HGNC:35145	ENSG00000215357
HGNC:35146	ENSG00000257576
HGNC:35148	ENSG00000232610
HGNC:35149	ENSG00000217733
HGNC:3515	ENSG00000158008
HGNC:35150	ENSG00000250526
HGNC:35151	ENSG00000242703
HGNC:35152	ENSG00000256040
HGNC:35153	ENSG00000214447
HGNC:35154	ENSG00000183981
HGNC:35155	ENSG00000186105
HGNC:35156	ENSG00000236538
HGNC:35157	ENSG00000259738
HGNC:35158	ENSG00000214686
HGNC:35159	ENSG00000214681
HGNC:3516	ENSG00000162694
HGNC:35160	ENSG00000226604
HGNC:35163	ENSG00000172965
HGNC:35164	ENSG00000235162
HGNC:35165	ENSG00000259330
HGNC:35166	ENSG00000235278
HGNC:35167	ENSG00000163046
HGNC:35169	ENSG00000234376
HGNC:3517	ENSG00000223976
HGNC:35171	ENSG00000242854
HGNC:35175	ENSG00000261792
HGNC:35177	ENSG00000260897
HGNC:35178	ENSG00000261491
HGNC:35179	ENSG00000261708
HGNC:3518	ENSG00000012232
HGNC:35180	ENSG00000260096
HGNC:35181	ENSG00000260357
HGNC:35182	ENSG00000246877
HGNC:35188	ENSG00000259637
HGNC:3519	ENSG00000104313
HGNC:35191	ENSG00000280038
HGNC:35196	ENSG00000253771
HGNC:35197	ENSG00000278110
HGNC:35199	ENSG00000182397
HGNC:352	ENSG00000204472
HGNC:3520	ENSG00000064655
HGNC:35200	ENSG00000259660
HGNC:35202	ENSG00000170667
HGNC:3521	ENSG00000158161
HGNC:3522	ENSG00000112319
HGNC:35236	ENSG00000214860
HGNC:35237	ENSG00000196369
HGNC:35238	ENSG00000224236
HGNC:35239	ENSG00000226976
HGNC:35240	ENSG00000164236
HGNC:35241	ENSG00000181626
HGNC:35242	ENSG00000242445
HGNC:35243	ENSG00000244009
HGNC:35245	ENSG00000217442
HGNC:35247	ENSG00000211543
HGNC:35248	ENSG00000221493
HGNC:35249	ENSG00000221063
HGNC:35250	ENSG00000222532
HGNC:35251	ENSG00000221017
HGNC:35252	ENSG00000221464
HGNC:35253	ENSG00000221445
HGNC:35254	ENSG00000221614
HGNC:35255	ENSG00000221421
HGNC:35256	ENSG00000221406
HGNC:35257	ENSG00000221525
HGNC:35258	ENSG00000221710
HGNC:35259	ENSG00000283768
HGNC:3526	ENSG00000108799
HGNC:35260	ENSG00000221630
HGNC:35261	ENSG00000221540
HGNC:35262	ENSG00000284268
HGNC:35263	ENSG00000283799
HGNC:35264	ENSG00000221783
HGNC:35265	ENSG00000221533
HGNC:35266	ENSG00000221325
HGNC:35268	ENSG00000221456
HGNC:35269	ENSG00000221739
HGNC:3527	ENSG00000106462
HGNC:35270	ENSG00000221288
HGNC:35271	ENSG00000221771
HGNC:35273	ENSG00000221176
HGNC:35274	ENSG00000221261
HGNC:35275	ENSG00000221214
HGNC:35276	ENSG00000221760
HGNC:35277	ENSG00000221520
HGNC:35278	ENSG00000221238
HGNC:35279	ENSG00000221039
HGNC:3528	ENSG00000126218
HGNC:35280	ENSG00000284415
HGNC:35281	ENSG00000221763
HGNC:35282	ENSG00000221287
HGNC:35283	ENSG00000221662
HGNC:35285	ENSG00000221333
HGNC:35286	ENSG00000221604
HGNC:35287	ENSG00000221430
HGNC:35288	ENSG00000221390
HGNC:3529	ENSG00000088926
HGNC:35290	ENSG00000275377
HGNC:35292	ENSG00000221230
HGNC:35294	ENSG00000284332
HGNC:35295	ENSG00000221055
HGNC:35296	ENSG00000221628
HGNC:35297	ENSG00000221091
HGNC:35298	ENSG00000221393
HGNC:3530	ENSG00000131187
HGNC:35300	ENSG00000221269
HGNC:35301	ENSG00000221552
HGNC:35302	ENSG00000284458
HGNC:35303	ENSG00000221227
HGNC:35305	ENSG00000221594
HGNC:35306	ENSG00000221782
HGNC:35307	ENSG00000221436
HGNC:35308	ENSG00000221442
HGNC:35309	ENSG00000221348
HGNC:3531	ENSG00000124491
HGNC:35311	ENSG00000221502
HGNC:35313	ENSG00000283857
HGNC:35315	ENSG00000221598
HGNC:35316	ENSG00000221025
HGNC:35317	ENSG00000221479
HGNC:35318	ENSG00000221200
HGNC:35320	ENSG00000221265
HGNC:35321	ENSG00000221808
HGNC:35322	ENSG00000284193
HGNC:35323	ENSG00000221240
HGNC:35325	ENSG00000221754
HGNC:35326	ENSG00000221369
HGNC:35327	ENSG00000221586
HGNC:35328	ENSG00000221203
HGNC:35329	ENSG00000221251
HGNC:35330	ENSG00000221669
HGNC:35331	ENSG00000221187
HGNC:35332	ENSG00000221371
HGNC:35333	ENSG00000221510
HGNC:35334	ENSG00000221052
HGNC:35335	ENSG00000221650
HGNC:35336	ENSG00000221641
HGNC:35337	ENSG00000221563
HGNC:35338	ENSG00000238517
HGNC:35339	ENSG00000221033
HGNC:3534	ENSG00000143278
HGNC:35342	ENSG00000221537
HGNC:35343	ENSG00000221801
HGNC:35344	ENSG00000221698
HGNC:35345	ENSG00000221616
HGNC:35346	ENSG00000221697
HGNC:35347	ENSG00000221634
HGNC:35348	ENSG00000221703
HGNC:3535	ENSG00000180210
HGNC:35350	ENSG00000221463
HGNC:35351	ENSG00000221263
HGNC:35352	ENSG00000221737
HGNC:35353	ENSG00000221275
HGNC:35354	ENSG00000221305
HGNC:35355	ENSG00000221494
HGNC:35356	ENSG00000221680
HGNC:35359	ENSG00000284015
HGNC:35360	ENSG00000221792
HGNC:35361	ENSG00000221548
HGNC:35362	ENSG00000221264
HGNC:35363	ENSG00000221355
HGNC:35364	ENSG00000284481
HGNC:35365	ENSG00000221788
HGNC:35367	ENSG00000221545
HGNC:3537	ENSG00000181104
HGNC:35371	ENSG00000284464
HGNC:35372	ENSG00000283867
HGNC:35376	ENSG00000221745
HGNC:35377	ENSG00000283894
HGNC:35378	ENSG00000283888
HGNC:35379	ENSG00000269782
HGNC:3538	ENSG00000164251
HGNC:35380	ENSG00000222246
HGNC:35381	ENSG00000222831
HGNC:35382	ENSG00000223109
HGNC:35386	ENSG00000211491
HGNC:35387	ENSG00000212051
HGNC:35388	ENSG00000221081
HGNC:35389	ENSG00000284125
HGNC:3539	ENSG00000164220
HGNC:35392	ENSG00000284416
HGNC:35393	ENSG00000284216
HGNC:35395	ENSG00000222715
HGNC:35396	ENSG00000222321
HGNC:35397	ENSG00000222958
HGNC:35398	ENSG00000284433
HGNC:35399	ENSG00000222071
HGNC:3540	ENSG00000127533
HGNC:35401	ENSG00000215367
HGNC:35402	ENSG00000204699
HGNC:35404	ENSG00000229361
HGNC:35405	ENSG00000204705
HGNC:35406	ENSG00000228970
HGNC:35407	ENSG00000188599
HGNC:35409	ENSG00000187902
HGNC:3541	ENSG00000117525
HGNC:35410	ENSG00000215845
HGNC:35411	ENSG00000214176
HGNC:35412	ENSG00000214595
HGNC:35413	ENSG00000253542
HGNC:35414	ENSG00000183921
HGNC:35417	ENSG00000228611
HGNC:3542	ENSG00000198734
HGNC:35422	ENSG00000214357
HGNC:35425	ENSG00000231857
HGNC:35426	ENSG00000236027
HGNC:35427	ENSG00000237353
HGNC:35428	ENSG00000182712
HGNC:35429	ENSG00000270971
HGNC:35430	ENSG00000225530
HGNC:3544	ENSG00000057593
HGNC:35443	ENSG00000233543
HGNC:35444	ENSG00000239511
HGNC:35445	ENSG00000215906
HGNC:35446	ENSG00000229266
HGNC:35448	ENSG00000224124
HGNC:35449	ENSG00000226415
HGNC:35450	ENSG00000224786
HGNC:35451	ENSG00000227238
HGNC:35452	ENSG00000223592
HGNC:35453	ENSG00000261089
HGNC:35454	ENSG00000249751
HGNC:35455	ENSG00000234911
HGNC:35456	ENSG00000227742
HGNC:35458	ENSG00000188573
HGNC:35459	ENSG00000205476
HGNC:3546	ENSG00000185010
HGNC:35460	ENSG00000234883
HGNC:35462	ENSG00000214300
HGNC:35463	ENSG00000183318
HGNC:35464	ENSG00000170092
HGNC:35465	ENSG00000260097
HGNC:35466	ENSG00000179994
HGNC:35468	ENSG00000251078
HGNC:35469	ENSG00000225347
HGNC:3547	ENSG00000288722
HGNC:35470	ENSG00000235064
HGNC:35471	ENSG00000234421
HGNC:35472	ENSG00000213212
HGNC:35473	ENSG00000234228
HGNC:35474	ENSG00000227298
HGNC:35475	ENSG00000214237
HGNC:35476	ENSG00000214268
HGNC:35477	ENSG00000237930
HGNC:35478	ENSG00000235145
HGNC:35479	ENSG00000227852
HGNC:35480	ENSG00000225971
HGNC:35481	ENSG00000241143
HGNC:35482	ENSG00000233291
HGNC:35483	ENSG00000242882
HGNC:35484	ENSG00000240426
HGNC:35485	ENSG00000239602
HGNC:35486	ENSG00000216347
HGNC:35488	ENSG00000219902
HGNC:35489	ENSG00000242850
HGNC:35490	ENSG00000237226
HGNC:35491	ENSG00000230721
HGNC:35492	ENSG00000250318
HGNC:35493	ENSG00000225251
HGNC:35495	ENSG00000227560
HGNC:35496	ENSG00000232701
HGNC:35498	ENSG00000232199
HGNC:35499	ENSG00000244099
HGNC:35500	ENSG00000232713
HGNC:35501	ENSG00000216471
HGNC:35502	ENSG00000243721
HGNC:35504	ENSG00000243697
HGNC:35505	ENSG00000237213
HGNC:35507	ENSG00000184961
HGNC:35508	ENSG00000224594
HGNC:35509	ENSG00000226888
HGNC:3551	ENSG00000101981
HGNC:35511	ENSG00000243167
HGNC:35512	ENSG00000233829
HGNC:35513	ENSG00000241634
HGNC:35514	ENSG00000239365
HGNC:35515	ENSG00000223409
HGNC:35516	ENSG00000244413
HGNC:35518	ENSG00000269244
HGNC:35519	ENSG00000239438
HGNC:35520	ENSG00000244018
HGNC:35521	ENSG00000223568
HGNC:35522	ENSG00000225823
HGNC:35523	ENSG00000213657
HGNC:35525	ENSG00000241739
HGNC:35526	ENSG00000217181
HGNC:35527	ENSG00000236804
HGNC:35529	ENSG00000243402
HGNC:3553	ENSG00000117480
HGNC:35530	ENSG00000230064
HGNC:35531	ENSG00000237818
HGNC:35533	ENSG00000267355
HGNC:35534	ENSG00000243287
HGNC:35535	ENSG00000231508
HGNC:35536	ENSG00000229806
HGNC:35537	ENSG00000239683
HGNC:35538	ENSG00000228744
HGNC:35539	ENSG00000240601
HGNC:3554	ENSG00000204228
HGNC:35540	ENSG00000187504
HGNC:35542	ENSG00000242634
HGNC:35543	ENSG00000241825
HGNC:35544	ENSG00000230166
HGNC:35545	ENSG00000231362
HGNC:35546	ENSG00000227207
HGNC:35547	ENSG00000233979
HGNC:35548	ENSG00000227805
HGNC:3555	ENSG00000163586
HGNC:35550	ENSG00000228462
HGNC:35551	ENSG00000244712
HGNC:35552	ENSG00000241829
HGNC:35553	ENSG00000236667
HGNC:35554	ENSG00000180211
HGNC:35555	ENSG00000213169
HGNC:35556	ENSG00000226765
HGNC:35558	ENSG00000234371
HGNC:35559	ENSG00000241170
HGNC:3556	ENSG00000145384
HGNC:35560	ENSG00000235354
HGNC:35561	ENSG00000230283
HGNC:35564	ENSG00000213051
HGNC:35565	ENSG00000240270
HGNC:35567	ENSG00000215905
HGNC:35568	ENSG00000241678
HGNC:35569	ENSG00000244540
HGNC:3557	ENSG00000121769
HGNC:35570	ENSG00000223505
HGNC:35571	ENSG00000213303
HGNC:35573	ENSG00000180172
HGNC:35574	ENSG00000234839
HGNC:35577	ENSG00000234573
HGNC:35578	ENSG00000242325
HGNC:35579	ENSG00000233913
HGNC:3558	ENSG00000233259
HGNC:35581	ENSG00000233260
HGNC:35583	ENSG00000226299
HGNC:35584	ENSG00000230777
HGNC:35585	ENSG00000242834
HGNC:35587	ENSG00000242321
HGNC:35588	ENSG00000231164
HGNC:35589	ENSG00000227309
HGNC:3559	ENSG00000170323
HGNC:35590	ENSG00000213361
HGNC:35592	ENSG00000228884
HGNC:35593	ENSG00000214526
HGNC:35594	ENSG00000241097
HGNC:35595	ENSG00000229871
HGNC:35596	ENSG00000214362
HGNC:35597	ENSG00000216854
HGNC:35598	ENSG00000228646
HGNC:35599	ENSG00000244485
HGNC:356	ENSG00000112297
HGNC:3560	ENSG00000164687
HGNC:35600	ENSG00000213470
HGNC:35602	ENSG00000234559
HGNC:35603	ENSG00000233707
HGNC:35604	ENSG00000244235
HGNC:35605	ENSG00000244244
HGNC:35606	ENSG00000225922
HGNC:35607	ENSG00000232439
HGNC:35608	ENSG00000213664
HGNC:35609	ENSG00000241808
HGNC:3561	ENSG00000170231
HGNC:35610	ENSG00000240724
HGNC:35611	ENSG00000230071
HGNC:35612	ENSG00000214484
HGNC:35613	ENSG00000232848
HGNC:35614	ENSG00000220793
HGNC:35616	ENSG00000241030
HGNC:35617	ENSG00000226658
HGNC:35618	ENSG00000267664
HGNC:35619	ENSG00000244432
HGNC:3562	ENSG00000164434
HGNC:35620	ENSG00000232883
HGNC:35622	ENSG00000225591
HGNC:35623	ENSG00000220237
HGNC:35624	ENSG00000242123
HGNC:35625	ENSG00000240793
HGNC:35627	ENSG00000226617
HGNC:35628	ENSG00000223877
HGNC:3563	ENSG00000205186
HGNC:35630	ENSG00000242706
HGNC:35631	ENSG00000244551
HGNC:35632	ENSG00000216813
HGNC:35634	ENSG00000224085
HGNC:35635	ENSG00000243297
HGNC:35638	ENSG00000233562
HGNC:35639	ENSG00000231810
HGNC:35640	ENSG00000223739
HGNC:35641	ENSG00000213157
HGNC:35642	ENSG00000234272
HGNC:35643	ENSG00000243675
HGNC:35645	ENSG00000176343
HGNC:35646	ENSG00000229605
HGNC:35647	ENSG00000225758
HGNC:35648	ENSG00000234088
HGNC:35649	ENSG00000243581
HGNC:35650	ENSG00000225443
HGNC:35651	ENSG00000213041
HGNC:35654	ENSG00000239397
HGNC:35655	ENSG00000244390
HGNC:35656	ENSG00000184139
HGNC:35657	ENSG00000233072
HGNC:35658	ENSG00000244363
HGNC:35659	ENSG00000242675
HGNC:35660	ENSG00000226327
HGNC:35661	ENSG00000244470
HGNC:35664	ENSG00000236148
HGNC:35666	ENSG00000236735
HGNC:35667	ENSG00000234619
HGNC:35668	ENSG00000243250
HGNC:35669	ENSG00000227224
HGNC:35670	ENSG00000236533
HGNC:35672	ENSG00000233084
HGNC:35673	ENSG00000236047
HGNC:35674	ENSG00000240159
HGNC:35675	ENSG00000239924
HGNC:35676	ENSG00000228599
HGNC:35677	ENSG00000244451
HGNC:35678	ENSG00000239983
HGNC:35679	ENSG00000230702
HGNC:35680	ENSG00000223416
HGNC:35681	ENSG00000214671
HGNC:35682	ENSG00000175886
HGNC:35683	ENSG00000227008
HGNC:35684	ENSG00000240870
HGNC:35685	ENSG00000225124
HGNC:35687	ENSG00000241612
HGNC:35689	ENSG00000243422
HGNC:3569	ENSG00000151726
HGNC:35690	ENSG00000240167
HGNC:35691	ENSG00000240531
HGNC:35692	ENSG00000231006
HGNC:35693	ENSG00000242595
HGNC:35694	ENSG00000231804
HGNC:35695	ENSG00000239198
HGNC:35696	ENSG00000244585
HGNC:35697	ENSG00000243181
HGNC:35698	ENSG00000233555
HGNC:35699	ENSG00000230207
HGNC:357	ENSG00000163568
HGNC:3570	ENSG00000123983
HGNC:35700	ENSG00000214457
HGNC:35701	ENSG00000215030
HGNC:35702	ENSG00000229554
HGNC:35703	ENSG00000256358
HGNC:35704	ENSG00000229503
HGNC:35705	ENSG00000233163
HGNC:35707	ENSG00000226855
HGNC:35708	ENSG00000241103
HGNC:35709	ENSG00000234498
HGNC:3571	ENSG00000068366
HGNC:35710	ENSG00000213183
HGNC:35711	ENSG00000239804
HGNC:35712	ENSG00000233762
HGNC:35713	ENSG00000229168
HGNC:35714	ENSG00000238263
HGNC:35715	ENSG00000242229
HGNC:35716	ENSG00000239413
HGNC:35717	ENSG00000241556
HGNC:35718	ENSG00000230451
HGNC:35719	ENSG00000216902
HGNC:35720	ENSG00000216718
HGNC:35721	ENSG00000242993
HGNC:35722	ENSG00000226624
HGNC:35723	ENSG00000213872
HGNC:35724	ENSG00000235644
HGNC:35726	ENSG00000242608
HGNC:35727	ENSG00000243175
HGNC:35728	ENSG00000224340
HGNC:35729	ENSG00000233565
HGNC:3573	ENSG00000168040
HGNC:35731	ENSG00000238111
HGNC:35732	ENSG00000225224
HGNC:35734	ENSG00000169253
HGNC:35735	ENSG00000236549
HGNC:35736	ENSG00000239840
HGNC:35737	ENSG00000227361
HGNC:35738	ENSG00000234995
HGNC:3574	ENSG00000149485
HGNC:35741	ENSG00000244217
HGNC:35742	ENSG00000213307
HGNC:35743	ENSG00000244582
HGNC:35744	ENSG00000223688
HGNC:35746	ENSG00000233045
HGNC:35747	ENSG00000230406
HGNC:35748	ENSG00000219133
HGNC:35749	ENSG00000225352
HGNC:3575	ENSG00000134824
HGNC:35750	ENSG00000226489
HGNC:35751	ENSG00000227337
HGNC:35752	ENSG00000241749
HGNC:35754	ENSG00000234566
HGNC:35755	ENSG00000213663
HGNC:35756	ENSG00000235425
HGNC:35757	ENSG00000241741
HGNC:35758	ENSG00000232926
HGNC:3576	ENSG00000221968
HGNC:35761	ENSG00000243592
HGNC:35762	ENSG00000253109
HGNC:35763	ENSG00000242709
HGNC:35764	ENSG00000213399
HGNC:35766	ENSG00000213293
HGNC:35767	ENSG00000240925
HGNC:35769	ENSG00000241981
HGNC:35771	ENSG00000244270
HGNC:35773	ENSG00000230364
HGNC:35775	ENSG00000213542
HGNC:35776	ENSG00000223987
HGNC:35777	ENSG00000232625
HGNC:35779	ENSG00000231361
HGNC:3578	ENSG00000185104
HGNC:35780	ENSG00000179157
HGNC:35781	ENSG00000244674
HGNC:35782	ENSG00000229087
HGNC:35784	ENSG00000227887
HGNC:35786	ENSG00000244249
HGNC:35787	ENSG00000227097
HGNC:35788	ENSG00000243822
HGNC:35789	ENSG00000220583
HGNC:3579	ENSG00000103876
HGNC:35790	ENSG00000240752
HGNC:35791	ENSG00000233189
HGNC:35792	ENSG00000217404
HGNC:35793	ENSG00000232037
HGNC:35794	ENSG00000244253
HGNC:35796	ENSG00000232723
HGNC:35798	ENSG00000230194
HGNC:35799	ENSG00000240873
HGNC:358	ENSG00000110711
HGNC:35800	ENSG00000229822
HGNC:35801	ENSG00000239212
HGNC:35802	ENSG00000226544
HGNC:35803	ENSG00000238173
HGNC:35804	ENSG00000243396
HGNC:35806	ENSG00000226297
HGNC:35808	ENSG00000236860
HGNC:35809	ENSG00000213433
HGNC:3581	ENSG00000171634
HGNC:35810	ENSG00000231333
HGNC:35811	ENSG00000243609
HGNC:35812	ENSG00000224011
HGNC:35813	ENSG00000242087
HGNC:35816	ENSG00000268785
HGNC:35817	ENSG00000229753
HGNC:35818	ENSG00000217089
HGNC:35819	ENSG00000233900
HGNC:3582	ENSG00000187741
HGNC:35820	ENSG00000243669
HGNC:35821	ENSG00000213876
HGNC:35823	ENSG00000226580
HGNC:35824	ENSG00000225147
HGNC:35825	ENSG00000243517
HGNC:35826	ENSG00000240759
HGNC:35827	ENSG00000241670
HGNC:35828	ENSG00000244052
HGNC:35829	ENSG00000240443
HGNC:3583	ENSG00000181544
HGNC:35830	ENSG00000213519
HGNC:35831	ENSG00000226107
HGNC:35832	ENSG00000220694
HGNC:35833	ENSG00000213849
HGNC:35834	ENSG00000242945
HGNC:35835	ENSG00000215450
HGNC:35836	ENSG00000240320
HGNC:35837	ENSG00000243431
HGNC:35838	ENSG00000224672
HGNC:35839	ENSG00000189343
HGNC:3584	ENSG00000158169
HGNC:35840	ENSG00000234524
HGNC:35841	ENSG00000213326
HGNC:35842	ENSG00000214657
HGNC:35843	ENSG00000241673
HGNC:35844	ENSG00000241888
HGNC:35846	ENSG00000234135
HGNC:35848	ENSG00000236312
HGNC:35849	ENSG00000213075
HGNC:3585	ENSG00000144554
HGNC:35853	ENSG00000231359
HGNC:35854	ENSG00000237551
HGNC:35855	ENSG00000228754
HGNC:35856	ENSG00000231414
HGNC:35857	ENSG00000219773
HGNC:35858	ENSG00000226339
HGNC:35859	ENSG00000213152
HGNC:3586	ENSG00000112039
HGNC:35862	ENSG00000243053
HGNC:35863	ENSG00000218459
HGNC:35864	ENSG00000230188
HGNC:35865	ENSG00000183911
HGNC:35866	ENSG00000228375
HGNC:35867	ENSG00000244640
HGNC:35868	ENSG00000230508
HGNC:35869	ENSG00000243672
HGNC:3587	ENSG00000183161
HGNC:35871	ENSG00000237676
HGNC:35872	ENSG00000213987
HGNC:35876	ENSG00000235926
HGNC:35877	ENSG00000233747
HGNC:35878	ENSG00000243568
HGNC:35879	ENSG00000242461
HGNC:3588	ENSG00000221829
HGNC:35880	ENSG00000213744
HGNC:35881	ENSG00000213385
HGNC:35882	ENSG00000232867
HGNC:35883	ENSG00000224475
HGNC:35884	ENSG00000226573
HGNC:35886	ENSG00000214089
HGNC:35887	ENSG00000244019
HGNC:35889	ENSG00000267524
HGNC:35890	ENSG00000232393
HGNC:35891	ENSG00000242318
HGNC:35892	ENSG00000240435
HGNC:35893	ENSG00000243417
HGNC:35894	ENSG00000213122
HGNC:35896	ENSG00000224776
HGNC:35897	ENSG00000224685
HGNC:35898	ENSG00000234329
HGNC:35899	ENSG00000218632
HGNC:359	ENSG00000129221
HGNC:3590	ENSG00000078098
HGNC:35900	ENSG00000240454
HGNC:35901	ENSG00000224401
HGNC:35902	ENSG00000244289
HGNC:35903	ENSG00000239524
HGNC:35904	ENSG00000215893
HGNC:35905	ENSG00000243687
HGNC:35906	ENSG00000232881
HGNC:35908	ENSG00000233946
HGNC:35909	ENSG00000241680
HGNC:3591	ENSG00000152767
HGNC:35910	ENSG00000232918
HGNC:35912	ENSG00000227470
HGNC:35913	ENSG00000228071
HGNC:35914	ENSG00000235045
HGNC:35915	ENSG00000226428
HGNC:35916	ENSG00000242602
HGNC:35917	ENSG00000240237
HGNC:35919	ENSG00000229235
HGNC:3592	ENSG00000179115
HGNC:35921	ENSG00000223508
HGNC:35922	ENSG00000242358
HGNC:35923	ENSG00000244717
HGNC:35924	ENSG00000243914
HGNC:35925	ENSG00000229022
HGNC:35926	ENSG00000225832
HGNC:35927	ENSG00000220614
HGNC:35928	ENSG00000213729
HGNC:35929	ENSG00000230807
HGNC:35931	ENSG00000239354
HGNC:35932	ENSG00000235133
HGNC:35933	ENSG00000219722
HGNC:35934	ENSG00000243537
HGNC:35935	ENSG00000275160
HGNC:35937	ENSG00000215236
HGNC:35939	ENSG00000236768
HGNC:3594	ENSG00000169710
HGNC:35940	ENSG00000243141
HGNC:35941	ENSG00000226233
HGNC:35942	ENSG00000234851
HGNC:35944	ENSG00000237888
HGNC:35946	ENSG00000241950
HGNC:35948	ENSG00000240616
HGNC:3595	ENSG00000083857
HGNC:35950	ENSG00000241002
HGNC:35951	ENSG00000244400
HGNC:35952	ENSG00000243601
HGNC:35953	ENSG00000237088
HGNC:35954	ENSG00000239763
HGNC:35955	ENSG00000244088
HGNC:35956	ENSG00000217030
HGNC:35957	ENSG00000214359
HGNC:35958	ENSG00000232778
HGNC:35959	ENSG00000242320
HGNC:3596	ENSG00000086570
HGNC:35961	ENSG00000231017
HGNC:35962	ENSG00000225662
HGNC:35963	ENSG00000239694
HGNC:35964	ENSG00000227056
HGNC:35966	ENSG00000213147
HGNC:35967	ENSG00000230897
HGNC:35968	ENSG00000240509
HGNC:35969	ENSG00000243007
HGNC:3597	ENSG00000149806
HGNC:35970	ENSG00000242353
HGNC:35972	ENSG00000236111
HGNC:35974	ENSG00000242052
HGNC:35975	ENSG00000240125
HGNC:35976	ENSG00000237314
HGNC:35978	ENSG00000226205
HGNC:35979	ENSG00000244743
HGNC:35980	ENSG00000244422
HGNC:35981	ENSG00000237827
HGNC:35982	ENSG00000230629
HGNC:35983	ENSG00000239532
HGNC:35984	ENSG00000232994
HGNC:35985	ENSG00000233380
HGNC:35986	ENSG00000233329
HGNC:35987	ENSG00000240238
HGNC:3599	ENSG00000105202
HGNC:35990	ENSG00000218300
HGNC:35991	ENSG00000244705
HGNC:35993	ENSG00000244295
HGNC:35994	ENSG00000223445
HGNC:35995	ENSG00000213291
HGNC:35996	ENSG00000228331
HGNC:35997	ENSG00000243265
HGNC:35999	ENSG00000269637
HGNC:36	ENSG00000154262
HGNC:360	ENSG00000160224
HGNC:3600	ENSG00000077942
HGNC:36000	ENSG00000229133
HGNC:36001	ENSG00000233159
HGNC:36002	ENSG00000241722
HGNC:36003	ENSG00000236509
HGNC:36004	ENSG00000235175
HGNC:36005	ENSG00000244716
HGNC:36006	ENSG00000233254
HGNC:36007	ENSG00000214015
HGNC:36008	ENSG00000231688
HGNC:36009	ENSG00000240411
HGNC:3601	ENSG00000163520
HGNC:36010	ENSG00000236189
HGNC:36011	ENSG00000219470
HGNC:36012	ENSG00000237041
HGNC:36013	ENSG00000254252
HGNC:36014	ENSG00000223968
HGNC:36015	ENSG00000241250
HGNC:36016	ENSG00000280012
HGNC:36017	ENSG00000216977
HGNC:36018	ENSG00000284670
HGNC:3602	ENSG00000140092
HGNC:36020	ENSG00000239881
HGNC:36022	ENSG00000236439
HGNC:36024	ENSG00000241157
HGNC:36027	ENSG00000241941
HGNC:36028	ENSG00000244048
HGNC:3603	ENSG00000166147
HGNC:36030	ENSG00000241052
HGNC:36031	ENSG00000242991
HGNC:36032	ENSG00000240366
HGNC:36035	ENSG00000225991
HGNC:36036	ENSG00000226292
HGNC:36037	ENSG00000241809
HGNC:36038	ENSG00000243099
HGNC:36039	ENSG00000240898
HGNC:3604	ENSG00000138829
HGNC:36040	ENSG00000269721
HGNC:36041	ENSG00000233921
HGNC:36043	ENSG00000244043
HGNC:36044	ENSG00000240729
HGNC:36045	ENSG00000264217
HGNC:36046	ENSG00000224348
HGNC:36048	ENSG00000242405
HGNC:36049	ENSG00000239412
HGNC:36051	ENSG00000236058
HGNC:36052	ENSG00000243894
HGNC:36053	ENSG00000232946
HGNC:36055	ENSG00000229677
HGNC:36056	ENSG00000243101
HGNC:36057	ENSG00000244073
HGNC:36059	ENSG00000213726
HGNC:3606	ENSG00000165140
HGNC:36061	ENSG00000213363
HGNC:36062	ENSG00000237139
HGNC:36063	ENSG00000241281
HGNC:36064	ENSG00000216616
HGNC:36065	ENSG00000223730
HGNC:36066	ENSG00000227753
HGNC:36067	ENSG00000234751
HGNC:36068	ENSG00000227283
HGNC:3607	ENSG00000130957
HGNC:36071	ENSG00000228848
HGNC:36073	ENSG00000233416
HGNC:36074	ENSG00000230980
HGNC:36076	ENSG00000239912
HGNC:36077	ENSG00000229865
HGNC:36078	ENSG00000234735
HGNC:36079	ENSG00000231837
HGNC:3608	ENSG00000186431
HGNC:36081	ENSG00000240674
HGNC:36082	ENSG00000213394
HGNC:36083	ENSG00000244031
HGNC:36086	ENSG00000219747
HGNC:36087	ENSG00000225933
HGNC:36088	ENSG00000240827
HGNC:36089	ENSG00000242615
HGNC:3609	ENSG00000179639
HGNC:36090	ENSG00000241451
HGNC:36091	ENSG00000235937
HGNC:36092	ENSG00000219253
HGNC:36093	ENSG00000223718
HGNC:36094	ENSG00000234268
HGNC:36095	ENSG00000229994
HGNC:36096	ENSG00000244740
HGNC:36097	ENSG00000241782
HGNC:36099	ENSG00000243720
HGNC:361	ENSG00000106992
HGNC:36100	ENSG00000223676
HGNC:36101	ENSG00000243711
HGNC:36103	ENSG00000224856
HGNC:36105	ENSG00000228301
HGNC:36106	ENSG00000224261
HGNC:36107	ENSG00000233741
HGNC:36108	ENSG00000214259
HGNC:36109	ENSG00000213653
HGNC:3611	ENSG00000158869
HGNC:36110	ENSG00000219135
HGNC:36111	ENSG00000229468
HGNC:36112	ENSG00000240821
HGNC:36113	ENSG00000216639
HGNC:36116	ENSG00000214062
HGNC:36117	ENSG00000213609
HGNC:36118	ENSG00000243353
HGNC:36119	ENSG00000213461
HGNC:3612	ENSG00000104921
HGNC:36120	ENSG00000232403
HGNC:36121	ENSG00000241654
HGNC:36123	ENSG00000239988
HGNC:36124	ENSG00000233541
HGNC:36125	ENSG00000239830
HGNC:36126	ENSG00000218208
HGNC:36127	ENSG00000239797
HGNC:36128	ENSG00000233752
HGNC:36129	ENSG00000243164
HGNC:3613	ENSG00000150337
HGNC:36130	ENSG00000215003
HGNC:36131	ENSG00000240698
HGNC:36132	ENSG00000244621
HGNC:36133	ENSG00000235552
HGNC:36134	ENSG00000253964
HGNC:36135	ENSG00000234806
HGNC:36137	ENSG00000184111
HGNC:36138	ENSG00000228657
HGNC:36139	ENSG00000219776
HGNC:3614	ENSG00000198019
HGNC:36140	ENSG00000216866
HGNC:36141	ENSG00000213757
HGNC:36143	ENSG00000233873
HGNC:36145	ENSG00000226318
HGNC:36146	ENSG00000242399
HGNC:36147	ENSG00000237432
HGNC:36148	ENSG00000227694
HGNC:36149	ENSG00000243538
HGNC:3615	ENSG00000265531
HGNC:36150	ENSG00000231022
HGNC:36151	ENSG00000227982
HGNC:36152	ENSG00000240305
HGNC:36153	ENSG00000233518
HGNC:36158	ENSG00000226142
HGNC:36159	ENSG00000213755
HGNC:3616	ENSG00000143226
HGNC:36160	ENSG00000248459
HGNC:36161	ENSG00000213787
HGNC:36162	ENSG00000188856
HGNC:36163	ENSG00000228665
HGNC:36164	ENSG00000228453
HGNC:36165	ENSG00000213253
HGNC:36167	ENSG00000231322
HGNC:36168	ENSG00000229824
HGNC:36169	ENSG00000244329
HGNC:36170	ENSG00000239490
HGNC:36171	ENSG00000215313
HGNC:36172	ENSG00000228195
HGNC:36173	ENSG00000235573
HGNC:36174	ENSG00000241511
HGNC:36175	ENSG00000237959
HGNC:36176	ENSG00000236679
HGNC:36177	ENSG00000244708
HGNC:36179	ENSG00000229638
HGNC:3618	ENSG00000072694
HGNC:36180	ENSG00000226128
HGNC:36181	ENSG00000237205
HGNC:36183	ENSG00000217527
HGNC:36185	ENSG00000241723
HGNC:36186	ENSG00000241026
HGNC:36187	ENSG00000244134
HGNC:36188	ENSG00000239201
HGNC:36189	ENSG00000235670
HGNC:3619	ENSG00000203747
HGNC:36190	ENSG00000244753
HGNC:36191	ENSG00000230353
HGNC:36195	ENSG00000242735
HGNC:36196	ENSG00000243686
HGNC:36197	ENSG00000213302
HGNC:36199	ENSG00000214064
HGNC:362	ENSG00000004455
HGNC:3620	ENSG00000162747
HGNC:36200	ENSG00000239917
HGNC:36201	ENSG00000224949
HGNC:36202	ENSG00000239689
HGNC:36203	ENSG00000244538
HGNC:36205	ENSG00000236776
HGNC:36208	ENSG00000237039
HGNC:36209	ENSG00000234589
HGNC:3621	ENSG00000104870
HGNC:36212	ENSG00000225487
HGNC:36214	ENSG00000243020
HGNC:36216	ENSG00000224629
HGNC:36217	ENSG00000234637
HGNC:36219	ENSG00000240441
HGNC:3622	ENSG00000106692
HGNC:36220	ENSG00000240738
HGNC:36221	ENSG00000242697
HGNC:36223	ENSG00000239470
HGNC:36224	ENSG00000244131
HGNC:36228	ENSG00000186008
HGNC:36229	ENSG00000242206
HGNC:3623	ENSG00000085265
HGNC:36230	ENSG00000223583
HGNC:36231	ENSG00000243514
HGNC:36232	ENSG00000230171
HGNC:36233	ENSG00000225354
HGNC:36234	ENSG00000237641
HGNC:36236	ENSG00000224800
HGNC:36239	ENSG00000229455
HGNC:3624	ENSG00000160339
HGNC:36240	ENSG00000233158
HGNC:36243	ENSG00000232437
HGNC:36245	ENSG00000241400
HGNC:36246	ENSG00000242748
HGNC:36247	ENSG00000230469
HGNC:36248	ENSG00000226972
HGNC:36249	ENSG00000225404
HGNC:3625	ENSG00000142748
HGNC:36250	ENSG00000242080
HGNC:36251	ENSG00000213210
HGNC:36252	ENSG00000238055
HGNC:36253	ENSG00000219863
HGNC:36255	ENSG00000233702
HGNC:36256	ENSG00000236433
HGNC:36257	ENSG00000243256
HGNC:36258	ENSG00000220749
HGNC:36259	ENSG00000220110
HGNC:36260	ENSG00000244573
HGNC:36261	ENSG00000242199
HGNC:36262	ENSG00000233939
HGNC:36263	ENSG00000224839
HGNC:36264	ENSG00000242279
HGNC:36265	ENSG00000219463
HGNC:36267	ENSG00000217684
HGNC:36268	ENSG00000241458
HGNC:36269	ENSG00000243404
HGNC:36271	ENSG00000240518
HGNC:36272	ENSG00000236863
HGNC:36273	ENSG00000244071
HGNC:36274	ENSG00000243779
HGNC:36276	ENSG00000213233
HGNC:36278	ENSG00000244229
HGNC:36280	ENSG00000229014
HGNC:36281	ENSG00000239200
HGNC:36283	ENSG00000236862
HGNC:36284	ENSG00000233460
HGNC:36285	ENSG00000213783
HGNC:36287	ENSG00000242299
HGNC:36288	ENSG00000237793
HGNC:36289	ENSG00000243964
HGNC:3629	ENSG00000079459
HGNC:36290	ENSG00000213917
HGNC:36291	ENSG00000237729
HGNC:36292	ENSG00000213179
HGNC:36293	ENSG00000242607
HGNC:36296	ENSG00000233135
HGNC:36297	ENSG00000241146
HGNC:36298	ENSG00000232496
HGNC:36299	ENSG00000225483
HGNC:363	ENSG00000162433
HGNC:36300	ENSG00000240298
HGNC:36301	ENSG00000146677
HGNC:36302	ENSG00000239525
HGNC:36303	ENSG00000229756
HGNC:36306	ENSG00000227187
HGNC:36307	ENSG00000227399
HGNC:36308	ENSG00000240721
HGNC:3631	ENSG00000160752
HGNC:36311	ENSG00000244527
HGNC:36312	ENSG00000232888
HGNC:36313	ENSG00000225239
HGNC:36314	ENSG00000241008
HGNC:36315	ENSG00000243058
HGNC:36316	ENSG00000240074
HGNC:36318	ENSG00000226541
HGNC:3632	ENSG00000225462
HGNC:36320	ENSG00000225193
HGNC:36322	ENSG00000213779
HGNC:36324	ENSG00000241932
HGNC:36325	ENSG00000230580
HGNC:36326	ENSG00000237540
HGNC:36327	ENSG00000240271
HGNC:36328	ENSG00000232105
HGNC:3633	ENSG00000233980
HGNC:36330	ENSG00000234488
HGNC:36331	ENSG00000228965
HGNC:36333	ENSG00000240121
HGNC:36334	ENSG00000215278
HGNC:36335	ENSG00000242208
HGNC:36336	ENSG00000240760
HGNC:36338	ENSG00000226132
HGNC:36339	ENSG00000232430
HGNC:3634	ENSG00000258872
HGNC:36340	ENSG00000227523
HGNC:36341	ENSG00000213703
HGNC:36342	ENSG00000213613
HGNC:36343	ENSG00000227474
HGNC:36344	ENSG00000226080
HGNC:36345	ENSG00000216867
HGNC:36348	ENSG00000243988
HGNC:36349	ENSG00000233934
HGNC:3635	ENSG00000254793
HGNC:36351	ENSG00000184423
HGNC:36352	ENSG00000242670
HGNC:36353	ENSG00000241853
HGNC:36354	ENSG00000267301
HGNC:36355	ENSG00000214024
HGNC:36356	ENSG00000216368
HGNC:36357	ENSG00000244060
HGNC:36358	ENSG00000234981
HGNC:3636	ENSG00000215035
HGNC:36360	ENSG00000242858
HGNC:36361	ENSG00000237483
HGNC:36362	ENSG00000235414
HGNC:36363	ENSG00000125385
HGNC:36364	ENSG00000228929
HGNC:36365	ENSG00000224892
HGNC:36367	ENSG00000236888
HGNC:36368	ENSG00000234354
HGNC:36369	ENSG00000232858
HGNC:3637	ENSG00000233676
HGNC:36371	ENSG00000225272
HGNC:36372	ENSG00000243494
HGNC:36373	ENSG00000213621
HGNC:36374	ENSG00000217130
HGNC:36375	ENSG00000233309
HGNC:36376	ENSG00000229965
HGNC:36377	ENSG00000244563
HGNC:36378	ENSG00000223604
HGNC:36379	ENSG00000239218
HGNC:3638	ENSG00000137714
HGNC:36380	ENSG00000223640
HGNC:36381	ENSG00000229197
HGNC:36382	ENSG00000236243
HGNC:36384	ENSG00000239317
HGNC:36385	ENSG00000237003
HGNC:36386	ENSG00000214093
HGNC:36387	ENSG00000235922
HGNC:36388	ENSG00000237816
HGNC:36390	ENSG00000241651
HGNC:36391	ENSG00000214641
HGNC:36392	ENSG00000235962
HGNC:36393	ENSG00000226221
HGNC:36394	ENSG00000248843
HGNC:36395	ENSG00000213891
HGNC:36396	ENSG00000241088
HGNC:36397	ENSG00000243071
HGNC:36399	ENSG00000243312
HGNC:364	ENSG00000263535
HGNC:3640	ENSG00000181741
HGNC:36401	ENSG00000229795
HGNC:36402	ENSG00000244361
HGNC:36403	ENSG00000213798
HGNC:36404	ENSG00000213553
HGNC:36405	ENSG00000230384
HGNC:36406	ENSG00000234192
HGNC:36407	ENSG00000240950
HGNC:36408	ENSG00000218716
HGNC:36409	ENSG00000236801
HGNC:3641	ENSG00000227054
HGNC:36410	ENSG00000241965
HGNC:36411	ENSG00000228053
HGNC:36412	ENSG00000230480
HGNC:36413	ENSG00000242640
HGNC:36414	ENSG00000240246
HGNC:36415	ENSG00000243160
HGNC:36416	ENSG00000232228
HGNC:36417	ENSG00000237186
HGNC:36418	ENSG00000242100
HGNC:36419	ENSG00000226928
HGNC:3642	ENSG00000161513
HGNC:36420	ENSG00000182383
HGNC:36421	ENSG00000232965
HGNC:36423	ENSG00000223396
HGNC:36426	ENSG00000236929
HGNC:36427	ENSG00000212664
HGNC:36428	ENSG00000232429
HGNC:36429	ENSG00000237382
HGNC:36430	ENSG00000227433
HGNC:36432	ENSG00000243469
HGNC:36433	ENSG00000228489
HGNC:36434	ENSG00000239870
HGNC:36435	ENSG00000229648
HGNC:36436	ENSG00000243280
HGNC:36437	ENSG00000249987
HGNC:36438	ENSG00000235110
HGNC:36439	ENSG00000243516
HGNC:36440	ENSG00000240846
HGNC:36441	ENSG00000241045
HGNC:36442	ENSG00000235735
HGNC:36443	ENSG00000244283
HGNC:36444	ENSG00000218198
HGNC:36445	ENSG00000242067
HGNC:36446	ENSG00000231541
HGNC:36447	ENSG00000237684
HGNC:36449	ENSG00000231735
HGNC:36450	ENSG00000224907
HGNC:36451	ENSG00000227791
HGNC:36453	ENSG00000243771
HGNC:36454	ENSG00000244267
HGNC:36455	ENSG00000216636
HGNC:36456	ENSG00000219993
HGNC:36457	ENSG00000226407
HGNC:36458	ENSG00000243664
HGNC:36459	ENSG00000225024
HGNC:36460	ENSG00000213860
HGNC:36461	ENSG00000243744
HGNC:36463	ENSG00000234009
HGNC:36464	ENSG00000243930
HGNC:36465	ENSG00000243607
HGNC:36466	ENSG00000216917
HGNC:36467	ENSG00000244004
HGNC:36468	ENSG00000235440
HGNC:36469	ENSG00000242829
HGNC:3647	ENSG00000066926
HGNC:36470	ENSG00000214074
HGNC:36471	ENSG00000229054
HGNC:36472	ENSG00000237162
HGNC:36473	ENSG00000268993
HGNC:36474	ENSG00000229870
HGNC:36475	ENSG00000235619
HGNC:36476	ENSG00000225343
HGNC:36478	ENSG00000243499
HGNC:36479	ENSG00000241913
HGNC:3648	ENSG00000235534
HGNC:36480	ENSG00000242041
HGNC:36483	ENSG00000220848
HGNC:36484	ENSG00000242390
HGNC:36485	ENSG00000224553
HGNC:36486	ENSG00000230841
HGNC:36487	ENSG00000226701
HGNC:36488	ENSG00000242176
HGNC:36489	ENSG00000230779
HGNC:3649	ENSG00000169018
HGNC:36490	ENSG00000239320
HGNC:36491	ENSG00000240385
HGNC:36493	ENSG00000225846
HGNC:36495	ENSG00000224321
HGNC:36497	ENSG00000225669
HGNC:36498	ENSG00000242990
HGNC:365	ENSG00000154027
HGNC:3650	ENSG00000168496
HGNC:36500	ENSG00000239210
HGNC:36501	ENSG00000213421
HGNC:36502	ENSG00000231449
HGNC:36504	ENSG00000226360
HGNC:36506	ENSG00000237593
HGNC:36507	ENSG00000213109
HGNC:36508	ENSG00000183298
HGNC:36509	ENSG00000233445
HGNC:3651	ENSG00000215873
HGNC:36510	ENSG00000231965
HGNC:36511	ENSG00000241641
HGNC:36512	ENSG00000213557
HGNC:36513	ENSG00000214389
HGNC:36514	ENSG00000231005
HGNC:36515	ENSG00000228501
HGNC:36516	ENSG00000240231
HGNC:36517	ENSG00000224664
HGNC:36518	ENSG00000231940
HGNC:36519	ENSG00000237784
HGNC:36520	ENSG00000226084
HGNC:36522	ENSG00000240371
HGNC:36523	ENSG00000237668
HGNC:36524	ENSG00000242979
HGNC:36525	ENSG00000226216
HGNC:36526	ENSG00000237924
HGNC:36528	ENSG00000242255
HGNC:36529	ENSG00000238180
HGNC:36530	ENSG00000236594
HGNC:36531	ENSG00000237730
HGNC:36535	ENSG00000237806
HGNC:36536	ENSG00000213935
HGNC:36537	ENSG00000236880
HGNC:36538	ENSG00000234742
HGNC:36539	ENSG00000226915
HGNC:36540	ENSG00000242958
HGNC:36541	ENSG00000213940
HGNC:36542	ENSG00000233357
HGNC:36543	ENSG00000236976
HGNC:36544	ENSG00000229423
HGNC:36545	ENSG00000215520
HGNC:36547	ENSG00000223995
HGNC:36548	ENSG00000244571
HGNC:3655	ENSG00000151422
HGNC:36550	ENSG00000225142
HGNC:36551	ENSG00000242248
HGNC:36552	ENSG00000240970
HGNC:36553	ENSG00000240395
HGNC:36554	ENSG00000228874
HGNC:36555	ENSG00000226156
HGNC:36557	ENSG00000236330
HGNC:36558	ENSG00000228374
HGNC:36559	ENSG00000213295
HGNC:3656	ENSG00000138119
HGNC:36560	ENSG00000225907
HGNC:36563	ENSG00000241640
HGNC:36564	ENSG00000237109
HGNC:36565	ENSG00000230853
HGNC:36566	ENSG00000229657
HGNC:36567	ENSG00000241129
HGNC:36568	ENSG00000213448
HGNC:36569	ENSG00000235328
HGNC:3657	ENSG00000182511
HGNC:36570	ENSG00000240974
HGNC:36571	ENSG00000225071
HGNC:36572	ENSG00000239780
HGNC:36573	ENSG00000240083
HGNC:36574	ENSG00000244021
HGNC:36575	ENSG00000243199
HGNC:36576	ENSG00000219814
HGNC:36577	ENSG00000225289
HGNC:36578	ENSG00000238069
HGNC:3658	ENSG00000090512
HGNC:36580	ENSG00000232568
HGNC:36582	ENSG00000227311
HGNC:36583	ENSG00000234415
HGNC:36585	ENSG00000218472
HGNC:36586	ENSG00000240554
HGNC:36588	ENSG00000241307
HGNC:3659	ENSG00000149557
HGNC:36591	ENSG00000242899
HGNC:36592	ENSG00000227331
HGNC:36593	ENSG00000241746
HGNC:36594	ENSG00000231622
HGNC:36595	ENSG00000215184
HGNC:36596	ENSG00000236762
HGNC:36597	ENSG00000242314
HGNC:36598	ENSG00000242423
HGNC:36599	ENSG00000229752
HGNC:3660	ENSG00000171055
HGNC:36600	ENSG00000242209
HGNC:36601	ENSG00000235420
HGNC:36602	ENSG00000213695
HGNC:36603	ENSG00000219023
HGNC:36604	ENSG00000220553
HGNC:36605	ENSG00000243859
HGNC:36607	ENSG00000219355
HGNC:36608	ENSG00000224993
HGNC:36609	ENSG00000224463
HGNC:3661	ENSG00000171560
HGNC:36610	ENSG00000237953
HGNC:36611	ENSG00000227770
HGNC:36612	ENSG00000228781
HGNC:36613	ENSG00000189145
HGNC:36614	ENSG00000235459
HGNC:36615	ENSG00000241656
HGNC:36616	ENSG00000220472
HGNC:36617	ENSG00000239659
HGNC:36619	ENSG00000230993
HGNC:3662	ENSG00000171564
HGNC:36620	ENSG00000237077
HGNC:36621	ENSG00000242431
HGNC:36622	ENSG00000235990
HGNC:36624	ENSG00000223733
HGNC:36625	ENSG00000235315
HGNC:36627	ENSG00000215381
HGNC:36628	ENSG00000242986
HGNC:36629	ENSG00000233131
HGNC:3663	ENSG00000102302
HGNC:36630	ENSG00000184612
HGNC:36631	ENSG00000239872
HGNC:36632	ENSG00000242291
HGNC:36633	ENSG00000240992
HGNC:36636	ENSG00000240534
HGNC:36637	ENSG00000236844
HGNC:36638	ENSG00000241923
HGNC:36639	ENSG00000213495
HGNC:3664	ENSG00000146192
HGNC:36640	ENSG00000220744
HGNC:36641	ENSG00000214263
HGNC:36642	ENSG00000225713
HGNC:36643	ENSG00000239939
HGNC:36644	ENSG00000241187
HGNC:36645	ENSG00000231562
HGNC:36646	ENSG00000240590
HGNC:36647	ENSG00000231316
HGNC:36648	ENSG00000235369
HGNC:36649	ENSG00000220069
HGNC:3665	ENSG00000113578
HGNC:36650	ENSG00000233869
HGNC:36652	ENSG00000228190
HGNC:36654	ENSG00000243844
HGNC:36655	ENSG00000224064
HGNC:36656	ENSG00000226646
HGNC:36658	ENSG00000240991
HGNC:36659	ENSG00000216365
HGNC:3666	ENSG00000070193
HGNC:36660	ENSG00000218643
HGNC:36663	ENSG00000239626
HGNC:36664	ENSG00000224706
HGNC:36666	ENSG00000241282
HGNC:36667	ENSG00000244159
HGNC:3667	ENSG00000161958
HGNC:36670	ENSG00000229920
HGNC:36672	ENSG00000241067
HGNC:36673	ENSG00000231063
HGNC:36674	ENSG00000241942
HGNC:36675	ENSG00000244641
HGNC:36676	ENSG00000224545
HGNC:36677	ENSG00000239256
HGNC:36678	ENSG00000223903
HGNC:36679	ENSG00000254200
HGNC:3668	ENSG00000114279
HGNC:36680	ENSG00000244722
HGNC:36682	ENSG00000225513
HGNC:36683	ENSG00000219146
HGNC:36684	ENSG00000242661
HGNC:36685	ENSG00000225912
HGNC:36686	ENSG00000237024
HGNC:36687	ENSG00000241112
HGNC:36689	ENSG00000240486
HGNC:36690	ENSG00000234750
HGNC:36691	ENSG00000227583
HGNC:36692	ENSG00000223803
HGNC:36694	ENSG00000213529
HGNC:36695	ENSG00000237991
HGNC:36697	ENSG00000268483
HGNC:36698	ENSG00000242768
HGNC:36699	ENSG00000243314
HGNC:367	ENSG00000121057
HGNC:3670	ENSG00000129682
HGNC:36700	ENSG00000228205
HGNC:36702	ENSG00000225416
HGNC:36703	ENSG00000243521
HGNC:36706	ENSG00000229917
HGNC:36707	ENSG00000234093
HGNC:36708	ENSG00000229716
HGNC:3671	ENSG00000102466
HGNC:36711	ENSG00000241344
HGNC:36712	ENSG00000217379
HGNC:36713	ENSG00000213269
HGNC:36714	ENSG00000235294
HGNC:36715	ENSG00000240003
HGNC:36716	ENSG00000234358
HGNC:36717	ENSG00000240047
HGNC:3672	ENSG00000196468
HGNC:36720	ENSG00000239261
HGNC:36721	ENSG00000213180
HGNC:36722	ENSG00000241020
HGNC:36723	ENSG00000230370
HGNC:36724	ENSG00000214047
HGNC:36725	ENSG00000242085
HGNC:36726	ENSG00000225338
HGNC:36727	ENSG00000226331
HGNC:36729	ENSG00000241130
HGNC:3673	ENSG00000158815
HGNC:36731	ENSG00000239473
HGNC:36732	ENSG00000241423
HGNC:36733	ENSG00000236264
HGNC:36734	ENSG00000238183
HGNC:36735	ENSG00000226493
HGNC:36736	ENSG00000239215
HGNC:36737	ENSG00000243663
HGNC:36738	ENSG00000225482
HGNC:36739	ENSG00000213304
HGNC:3674	ENSG00000156427
HGNC:36740	ENSG00000240622
HGNC:36742	ENSG00000230391
HGNC:36743	ENSG00000226836
HGNC:36744	ENSG00000205871
HGNC:36745	ENSG00000243925
HGNC:36746	ENSG00000218749
HGNC:36747	ENSG00000242636
HGNC:36748	ENSG00000243355
HGNC:3675	ENSG00000162344
HGNC:36750	ENSG00000213400
HGNC:36751	ENSG00000226729
HGNC:36752	ENSG00000235776
HGNC:36753	ENSG00000216480
HGNC:36754	ENSG00000230383
HGNC:36756	ENSG00000213432
HGNC:36757	ENSG00000238172
HGNC:36758	ENSG00000235828
HGNC:36759	ENSG00000232134
HGNC:3676	ENSG00000138685
HGNC:36760	ENSG00000214016
HGNC:36761	ENSG00000234031
HGNC:36762	ENSG00000231579
HGNC:36763	ENSG00000215221
HGNC:36764	ENSG00000239483
HGNC:36765	ENSG00000214560
HGNC:36767	ENSG00000218351
HGNC:36769	ENSG00000240412
HGNC:3677	ENSG00000078579
HGNC:36770	ENSG00000235467
HGNC:36771	ENSG00000244441
HGNC:36772	ENSG00000226242
HGNC:36774	ENSG00000228568
HGNC:36776	ENSG00000243780
HGNC:36778	ENSG00000213312
HGNC:36779	ENSG00000230559
HGNC:3678	ENSG00000105550
HGNC:36780	ENSG00000244259
HGNC:36782	ENSG00000237745
HGNC:36783	ENSG00000240436
HGNC:36784	ENSG00000227032
HGNC:36785	ENSG00000232514
HGNC:36786	ENSG00000213579
HGNC:36787	ENSG00000240100
HGNC:36788	ENSG00000233335
HGNC:36789	ENSG00000244097
HGNC:3679	ENSG00000070388
HGNC:36790	ENSG00000239861
HGNC:36791	ENSG00000241362
HGNC:36792	ENSG00000242278
HGNC:36793	ENSG00000228879
HGNC:36794	ENSG00000234658
HGNC:36795	ENSG00000233597
HGNC:36796	ENSG00000233318
HGNC:36797	ENSG00000225093
HGNC:36799	ENSG00000231788
HGNC:368	ENSG00000108599
HGNC:3680	ENSG00000118972
HGNC:36800	ENSG00000233971
HGNC:36801	ENSG00000232385
HGNC:36802	ENSG00000224646
HGNC:36803	ENSG00000213013
HGNC:36804	ENSG00000226457
HGNC:36805	ENSG00000233190
HGNC:36806	ENSG00000242169
HGNC:36808	ENSG00000242262
HGNC:36809	ENSG00000288920
HGNC:3681	ENSG00000186895
HGNC:36810	ENSG00000242060
HGNC:36811	ENSG00000236171
HGNC:36812	ENSG00000220311
HGNC:36814	ENSG00000229814
HGNC:36815	ENSG00000214988
HGNC:36816	ENSG00000185078
HGNC:36817	ENSG00000227645
HGNC:36818	ENSG00000240180
HGNC:36819	ENSG00000243095
HGNC:3682	ENSG00000075388
HGNC:36820	ENSG00000227777
HGNC:36821	ENSG00000232346
HGNC:36822	ENSG00000243050
HGNC:36823	ENSG00000240808
HGNC:36825	ENSG00000230116
HGNC:36826	ENSG00000226448
HGNC:36827	ENSG00000235264
HGNC:36828	ENSG00000231368
HGNC:3683	ENSG00000138675
HGNC:36830	ENSG00000232069
HGNC:36831	ENSG00000237475
HGNC:36833	ENSG00000234982
HGNC:36834	ENSG00000179131
HGNC:36836	ENSG00000232341
HGNC:36838	ENSG00000213228
HGNC:36839	ENSG00000240540
HGNC:3684	ENSG00000111241
HGNC:36840	ENSG00000213270
HGNC:36841	ENSG00000214784
HGNC:36842	ENSG00000232378
HGNC:36843	ENSG00000229765
HGNC:36844	ENSG00000219547
HGNC:36845	ENSG00000242683
HGNC:36846	ENSG00000234067
HGNC:36848	ENSG00000236191
HGNC:36849	ENSG00000242137
HGNC:3685	ENSG00000140285
HGNC:36850	ENSG00000267752
HGNC:36851	ENSG00000214676
HGNC:36852	ENSG00000243830
HGNC:36854	ENSG00000241590
HGNC:36855	ENSG00000224631
HGNC:36856	ENSG00000235656
HGNC:36857	ENSG00000242083
HGNC:36859	ENSG00000213063
HGNC:3686	ENSG00000107831
HGNC:36860	ENSG00000244427
HGNC:36861	ENSG00000234253
HGNC:36862	ENSG00000215016
HGNC:36863	ENSG00000242307
HGNC:36864	ENSG00000270780
HGNC:36865	ENSG00000230799
HGNC:36866	ENSG00000236913
HGNC:36867	ENSG00000231767
HGNC:36868	ENSG00000224161
HGNC:3687	ENSG00000102678
HGNC:36872	ENSG00000242058
HGNC:36873	ENSG00000236806
HGNC:36874	ENSG00000236722
HGNC:36877	ENSG00000237490
HGNC:36879	ENSG00000239315
HGNC:3688	ENSG00000077782
HGNC:36881	ENSG00000225381
HGNC:36882	ENSG00000178464
HGNC:36883	ENSG00000216316
HGNC:36884	ENSG00000241367
HGNC:36885	ENSG00000218265
HGNC:36886	ENSG00000218049
HGNC:36888	ENSG00000225405
HGNC:36889	ENSG00000229326
HGNC:3689	ENSG00000066468
HGNC:36890	ENSG00000213862
HGNC:36891	ENSG00000220773
HGNC:36894	ENSG00000240427
HGNC:36895	ENSG00000224315
HGNC:36896	ENSG00000213285
HGNC:36897	ENSG00000224683
HGNC:36898	ENSG00000183239
HGNC:36899	ENSG00000239223
HGNC:369	ENSG00000023516
HGNC:3690	ENSG00000068078
HGNC:36900	ENSG00000231494
HGNC:36901	ENSG00000243455
HGNC:36903	ENSG00000240611
HGNC:36904	ENSG00000240043
HGNC:36905	ENSG00000224858
HGNC:36906	ENSG00000231366
HGNC:36907	ENSG00000242807
HGNC:36908	ENSG00000237450
HGNC:36909	ENSG00000240631
HGNC:3691	ENSG00000160867
HGNC:36910	ENSG00000229700
HGNC:36911	ENSG00000218476
HGNC:36912	ENSG00000242931
HGNC:36913	ENSG00000223433
HGNC:36914	ENSG00000216754
HGNC:36915	ENSG00000232238
HGNC:36916	ENSG00000237169
HGNC:36917	ENSG00000243920
HGNC:36918	ENSG00000242922
HGNC:36919	ENSG00000241261
HGNC:36920	ENSG00000215002
HGNC:36921	ENSG00000214896
HGNC:36922	ENSG00000253946
HGNC:36923	ENSG00000257074
HGNC:36924	ENSG00000239617
HGNC:36925	ENSG00000230240
HGNC:36926	ENSG00000204196
HGNC:36928	ENSG00000226498
HGNC:3693	ENSG00000127418
HGNC:36930	ENSG00000237083
HGNC:36931	ENSG00000240919
HGNC:36932	ENSG00000232612
HGNC:36933	ENSG00000231369
HGNC:36934	ENSG00000231546
HGNC:36935	ENSG00000241464
HGNC:36936	ENSG00000232142
HGNC:36938	ENSG00000226093
HGNC:3694	ENSG00000171557
HGNC:36940	ENSG00000226356
HGNC:36941	ENSG00000236580
HGNC:36942	ENSG00000230809
HGNC:36943	ENSG00000237549
HGNC:36944	ENSG00000241765
HGNC:36946	ENSG00000237824
HGNC:36947	ENSG00000231660
HGNC:36949	ENSG00000243806
HGNC:3695	ENSG00000104760
HGNC:36950	ENSG00000241334
HGNC:36951	ENSG00000224627
HGNC:36953	ENSG00000241668
HGNC:36954	ENSG00000213309
HGNC:36955	ENSG00000225573
HGNC:36956	ENSG00000213035
HGNC:36957	ENSG00000233071
HGNC:36958	ENSG00000227586
HGNC:3696	ENSG00000127951
HGNC:36961	ENSG00000242635
HGNC:36962	ENSG00000236489
HGNC:36963	ENSG00000237583
HGNC:36964	ENSG00000237749
HGNC:36966	ENSG00000226945
HGNC:36967	ENSG00000214727
HGNC:36968	ENSG00000239627
HGNC:36969	ENSG00000244398
HGNC:3697	ENSG00000000938
HGNC:36971	ENSG00000206147
HGNC:36972	ENSG00000240494
HGNC:36973	ENSG00000228992
HGNC:36974	ENSG00000243758
HGNC:36975	ENSG00000240364
HGNC:36976	ENSG00000235787
HGNC:36978	ENSG00000224019
HGNC:36981	ENSG00000136149
HGNC:36984	ENSG00000218754
HGNC:36985	ENSG00000235266
HGNC:36986	ENSG00000240163
HGNC:36988	ENSG00000235379
HGNC:36989	ENSG00000237916
HGNC:36990	ENSG00000241185
HGNC:36993	ENSG00000243498
HGNC:36995	ENSG00000235225
HGNC:36997	ENSG00000235018
HGNC:36998	ENSG00000233353
HGNC:36999	ENSG00000224221
HGNC:37	ENSG00000064687
HGNC:370	ENSG00000131016
HGNC:3700	ENSG00000091483
HGNC:37000	ENSG00000239481
HGNC:37001	ENSG00000225447
HGNC:37002	ENSG00000227271
HGNC:37003	ENSG00000243680
HGNC:37005	ENSG00000240027
HGNC:37006	ENSG00000226884
HGNC:37008	ENSG00000235330
HGNC:37009	ENSG00000231211
HGNC:3701	ENSG00000189283
HGNC:37010	ENSG00000224476
HGNC:37011	ENSG00000236783
HGNC:37013	ENSG00000234335
HGNC:37015	ENSG00000242936
HGNC:37016	ENSG00000224094
HGNC:37017	ENSG00000240068
HGNC:37018	ENSG00000243864
HGNC:3702	ENSG00000022267
HGNC:37020	ENSG00000229757
HGNC:37021	ENSG00000227394
HGNC:37022	ENSG00000268074
HGNC:37023	ENSG00000242134
HGNC:37024	ENSG00000213620
HGNC:37025	ENSG00000241228
HGNC:37026	ENSG00000223777
HGNC:37027	ENSG00000239528
HGNC:37028	ENSG00000137970
HGNC:37029	ENSG00000218689
HGNC:3703	ENSG00000115641
HGNC:37031	ENSG00000228000
HGNC:37032	ENSG00000213669
HGNC:37033	ENSG00000217239
HGNC:37034	ENSG00000226082
HGNC:37035	ENSG00000213128
HGNC:37036	ENSG00000241961
HGNC:37037	ENSG00000217327
HGNC:37038	ENSG00000242654
HGNC:37039	ENSG00000241286
HGNC:3704	ENSG00000183386
HGNC:37040	ENSG00000244002
HGNC:37041	ENSG00000240785
HGNC:37042	ENSG00000228030
HGNC:37043	ENSG00000224593
HGNC:37044	ENSG00000242285
HGNC:37045	ENSG00000234109
HGNC:37046	ENSG00000264269
HGNC:3705	ENSG00000172500
HGNC:37054	ENSG00000270123
HGNC:37057	ENSG00000273274
HGNC:37058	ENSG00000238367
HGNC:37059	ENSG00000283710
HGNC:3706	ENSG00000081923
HGNC:37060	ENSG00000238728
HGNC:37064	ENSG00000238705
HGNC:37069	ENSG00000238399
HGNC:37071	ENSG00000284442
HGNC:37073	ENSG00000274070
HGNC:37078	ENSG00000245694
HGNC:37079	ENSG00000253079
HGNC:3708	ENSG00000165197
HGNC:37081	ENSG00000229758
HGNC:37091	ENSG00000206106
HGNC:37093	ENSG00000196834
HGNC:37094	ENSG00000222038
HGNC:37096	ENSG00000222036
HGNC:37097	ENSG00000231442
HGNC:37098	ENSG00000235268
HGNC:37099	ENSG00000205116
HGNC:371	ENSG00000170776
HGNC:37100	ENSG00000186710
HGNC:37101	ENSG00000256263
HGNC:37102	ENSG00000223972
HGNC:37103	ENSG00000236397
HGNC:37106	ENSG00000236875
HGNC:37109	ENSG00000248472
HGNC:3711	ENSG00000088832
HGNC:37115	ENSG00000227159
HGNC:37116	ENSG00000189167
HGNC:37117	ENSG00000233429
HGNC:37118	ENSG00000251075
HGNC:37119	ENSG00000227289
HGNC:3712	ENSG00000119782
HGNC:37120	ENSG00000215464
HGNC:37121	ENSG00000250091
HGNC:37122	ENSG00000178803
HGNC:37125	ENSG00000278768
HGNC:37126	ENSG00000214049
HGNC:37127	ENSG00000287736
HGNC:37129	ENSG00000235947
HGNC:37133	ENSG00000268895
HGNC:37134	ENSG00000215372
HGNC:37135	ENSG00000226362
HGNC:37138	ENSG00000186777
HGNC:3714	ENSG00000269304
HGNC:37142	ENSG00000269343
HGNC:37144	ENSG00000166013
HGNC:37145	ENSG00000204455
HGNC:37146	ENSG00000144010
HGNC:37147	ENSG00000189253
HGNC:37148	ENSG00000214891
HGNC:37149	ENSG00000238057
HGNC:3715	ENSG00000259691
HGNC:37151	ENSG00000231764
HGNC:37154	ENSG00000258197
HGNC:37155	ENSG00000256618
HGNC:37156	ENSG00000271043
HGNC:37157	ENSG00000256222
HGNC:3716	ENSG00000230243
HGNC:37161	ENSG00000232196
HGNC:37162	ENSG00000249860
HGNC:37163	ENSG00000270672
HGNC:37164	ENSG00000256892
HGNC:37165	ENSG00000255823
HGNC:37166	ENSG00000255633
HGNC:37167	ENSG00000256045
HGNC:37168	ENSG00000270188
HGNC:37169	ENSG00000269028
HGNC:3717	ENSG00000282502
HGNC:37170	ENSG00000270394
HGNC:37171	ENSG00000248131
HGNC:37172	ENSG00000206260
HGNC:37173	ENSG00000233701
HGNC:37174	ENSG00000237732
HGNC:37175	ENSG00000225327
HGNC:37176	ENSG00000236125
HGNC:37177	ENSG00000227140
HGNC:37179	ENSG00000205946
HGNC:3718	ENSG00000173486
HGNC:37180	ENSG00000226430
HGNC:37181	ENSG00000237038
HGNC:37182	ENSG00000230549
HGNC:37183	ENSG00000236311
HGNC:37186	ENSG00000230262
HGNC:37187	ENSG00000171889
HGNC:37188	ENSG00000224020
HGNC:37189	ENSG00000197182
HGNC:3719	ENSG00000100442
HGNC:37190	ENSG00000230590
HGNC:37191	ENSG00000225470
HGNC:37192	ENSG00000224939
HGNC:37193	ENSG00000235914
HGNC:37194	ENSG00000231841
HGNC:37195	ENSG00000230013
HGNC:37196	ENSG00000231971
HGNC:37197	ENSG00000241369
HGNC:3720	ENSG00000004478
HGNC:37200	ENSG00000185758
HGNC:37202	ENSG00000261509
HGNC:37203	ENSG00000174453
HGNC:37204	ENSG00000237247
HGNC:37205	ENSG00000182315
HGNC:37206	ENSG00000205718
HGNC:37207	ENSG00000205639
HGNC:37208	ENSG00000206432
HGNC:3721	ENSG00000096060
HGNC:37210	ENSG00000225556
HGNC:37212	ENSG00000227268
HGNC:37213	ENSG00000234776
HGNC:37214	ENSG00000233436
HGNC:37215	ENSG00000204950
HGNC:37216	ENSG00000175536
HGNC:37217	ENSG00000233802
HGNC:37218	ENSG00000228607
HGNC:37219	ENSG00000224982
HGNC:3722	ENSG00000077800
HGNC:37220	ENSG00000204918
HGNC:37221	ENSG00000229665
HGNC:37222	ENSG00000227151
HGNC:37223	ENSG00000234278
HGNC:37225	ENSG00000277322
HGNC:37226	ENSG00000233041
HGNC:37227	ENSG00000234438
HGNC:37228	ENSG00000278662
HGNC:37229	ENSG00000197978
HGNC:3723	ENSG00000079150
HGNC:37231	ENSG00000237515
HGNC:37233	ENSG00000243716
HGNC:37234	ENSG00000205084
HGNC:37236	ENSG00000205078
HGNC:37237	ENSG00000205022
HGNC:37238	ENSG00000205710
HGNC:37239	ENSG00000233670
HGNC:3724	ENSG00000105701
HGNC:37240	ENSG00000189152
HGNC:37241	ENSG00000231256
HGNC:37242	ENSG00000257949
HGNC:37243	ENSG00000226742
HGNC:37244	ENSG00000095932
HGNC:37245	ENSG00000220201
HGNC:37246	ENSG00000257446
HGNC:37247	ENSG00000254901
HGNC:37248	ENSG00000226763
HGNC:37249	ENSG00000221923
HGNC:3725	ENSG00000122642
HGNC:37250	ENSG00000248385
HGNC:37252	ENSG00000214694
HGNC:37253	ENSG00000196460
HGNC:37254	ENSG00000215595
HGNC:37255	ENSG00000187012
HGNC:37257	ENSG00000168273
HGNC:37258	ENSG00000251287
HGNC:37259	ENSG00000237787
HGNC:37260	ENSG00000250317
HGNC:37261	ENSG00000197057
HGNC:37262	ENSG00000250026
HGNC:37263	ENSG00000249242
HGNC:37264	ENSG00000237136
HGNC:37265	ENSG00000281058
HGNC:37266	ENSG00000281652
HGNC:37267	ENSG00000280457
HGNC:37268	ENSG00000185028
HGNC:37269	ENSG00000215218
HGNC:37270	ENSG00000186952
HGNC:37271	ENSG00000204767
HGNC:37272	ENSG00000234511
HGNC:37273	ENSG00000234284
HGNC:37274	ENSG00000256980
HGNC:37275	ENSG00000236761
HGNC:37276	ENSG00000214960
HGNC:37278	ENSG00000267368
HGNC:37279	ENSG00000234224
HGNC:37280	ENSG00000224940
HGNC:37281	ENSG00000227471
HGNC:37282	ENSG00000106526
HGNC:37283	ENSG00000214929
HGNC:37284	ENSG00000232434
HGNC:37285	ENSG00000197768
HGNC:37286	ENSG00000203952
HGNC:37287	ENSG00000233803
HGNC:37288	ENSG00000181358
HGNC:37293	ENSG00000214249
HGNC:37294	ENSG00000289604
HGNC:37295	ENSG00000271079
HGNC:37297	ENSG00000215441
HGNC:37298	ENSG00000230711
HGNC:37299	ENSG00000214211
HGNC:373	ENSG00000111254
HGNC:37300	ENSG00000166530
HGNC:37301	ENSG00000253203
HGNC:37302	ENSG00000251856
HGNC:37303	ENSG00000211591
HGNC:37304	ENSG00000211568
HGNC:37305	ENSG00000283899
HGNC:37306	ENSG00000212100
HGNC:37307	ENSG00000211579
HGNC:37308	ENSG00000252454
HGNC:37309	ENSG00000252466
HGNC:37310	ENSG00000253030
HGNC:37311	ENSG00000284344
HGNC:37312	ENSG00000221331
HGNC:37313	ENSG00000252695
HGNC:37314	ENSG00000284336
HGNC:37315	ENSG00000252153
HGNC:37316	ENSG00000284251
HGNC:37317	ENSG00000284286
HGNC:37319	ENSG00000183292
HGNC:37321	ENSG00000253649
HGNC:37322	ENSG00000285237
HGNC:37323	ENSG00000286651
HGNC:37324	ENSG00000226074
HGNC:37325	ENSG00000261603
HGNC:37326	ENSG00000276717
HGNC:37329	ENSG00000268598
HGNC:37331	ENSG00000235818
HGNC:37334	ENSG00000275423
HGNC:37335	ENSG00000233121
HGNC:37336	ENSG00000224752
HGNC:37345	ENSG00000224947
HGNC:37348	ENSG00000227182
HGNC:3735	ENSG00000179772
HGNC:37351	ENSG00000236284
HGNC:37352	ENSG00000230361
HGNC:37353	ENSG00000227426
HGNC:37354	ENSG00000233173
HGNC:37355	ENSG00000228660
HGNC:37356	ENSG00000230639
HGNC:37357	ENSG00000213643
HGNC:37358	ENSG00000235227
HGNC:37360	ENSG00000223845
HGNC:37362	ENSG00000223476
HGNC:37366	ENSG00000253611
HGNC:37368	ENSG00000237487
HGNC:37371	ENSG00000228038
HGNC:37373	ENSG00000236313
HGNC:37374	ENSG00000232109
HGNC:37384	ENSG00000213547
HGNC:37385	ENSG00000260883
HGNC:37386	ENSG00000237185
HGNC:37387	ENSG00000260722
HGNC:37389	ENSG00000259979
HGNC:37390	ENSG00000260724
HGNC:37391	ENSG00000261515
HGNC:37392	ENSG00000264837
HGNC:37395	ENSG00000273732
HGNC:37397	ENSG00000273762
HGNC:37399	ENSG00000268272
HGNC:374	ENSG00000147081
HGNC:37400	ENSG00000269885
HGNC:37401	ENSG00000268357
HGNC:37402	ENSG00000268995
HGNC:37403	ENSG00000268521
HGNC:37404	ENSG00000268117
HGNC:37405	ENSG00000269345
HGNC:37407	ENSG00000268789
HGNC:37408	ENSG00000268541
HGNC:37410	ENSG00000268794
HGNC:37411	ENSG00000268148
HGNC:37412	ENSG00000268908
HGNC:37413	ENSG00000269320
HGNC:37415	ENSG00000267264
HGNC:37416	ENSG00000230086
HGNC:37427	ENSG00000249654
HGNC:37428	ENSG00000242856
HGNC:37431	ENSG00000268545
HGNC:37432	ENSG00000230772
HGNC:37438	ENSG00000231725
HGNC:37439	ENSG00000189136
HGNC:37440	ENSG00000259429
HGNC:37441	ENSG00000188388
HGNC:37442	ENSG00000261649
HGNC:37443	ENSG00000261794
HGNC:37444	ENSG00000273976
HGNC:37451	ENSG00000234719
HGNC:37452	ENSG00000257513
HGNC:37453	ENSG00000254206
HGNC:37454	ENSG00000198156
HGNC:37455	ENSG00000196796
HGNC:37457	ENSG00000236703
HGNC:37458	ENSG00000231814
HGNC:37459	ENSG00000237803
HGNC:37461	ENSG00000243766
HGNC:37462	ENSG00000224078
HGNC:37463	ENSG00000147761
HGNC:37464	ENSG00000224336
HGNC:37465	ENSG00000230066
HGNC:37466	ENSG00000274196
HGNC:37467	ENSG00000225516
HGNC:37468	ENSG00000237802
HGNC:37469	ENSG00000228383
HGNC:37470	ENSG00000225560
HGNC:37471	ENSG00000229549
HGNC:37472	ENSG00000238074
HGNC:37473	ENSG00000236424
HGNC:37474	ENSG00000236786
HGNC:37477	ENSG00000234830
HGNC:37478	ENSG00000234702
HGNC:37479	ENSG00000232809
HGNC:3748	ENSG00000143631
HGNC:37480	ENSG00000237679
HGNC:37481	ENSG00000231341
HGNC:37482	ENSG00000213450
HGNC:37483	ENSG00000229036
HGNC:37484	ENSG00000232366
HGNC:37485	ENSG00000232239
HGNC:37486	ENSG00000227924
HGNC:37487	ENSG00000234217
HGNC:37488	ENSG00000270999
HGNC:37489	ENSG00000271015
HGNC:3749	ENSG00000151702
HGNC:37490	ENSG00000255524
HGNC:37491	ENSG00000169203
HGNC:37492	ENSG00000183704
HGNC:37493	ENSG00000214329
HGNC:37496	ENSG00000206737
HGNC:37497	ENSG00000206596
HGNC:37498	ENSG00000206588
HGNC:375	ENSG00000179841
HGNC:3750	ENSG00000177731
HGNC:37500	ENSG00000206585
HGNC:37501	ENSG00000244115
HGNC:3754	ENSG00000196924
HGNC:3755	ENSG00000136068
HGNC:3756	ENSG00000128591
HGNC:3757	ENSG00000137312
HGNC:3758	ENSG00000132589
HGNC:376	ENSG00000151320
HGNC:3760	ENSG00000126500
HGNC:3761	ENSG00000185070
HGNC:37619	ENSG00000103472
HGNC:3762	ENSG00000125848
HGNC:37620	ENSG00000257122
HGNC:37622	ENSG00000185700
HGNC:37625	ENSG00000233426
HGNC:37626	ENSG00000128692
HGNC:37627	ENSG00000235719
HGNC:37628	ENSG00000231222
HGNC:3763	ENSG00000102755
HGNC:37630	ENSG00000218676
HGNC:37631	ENSG00000235768
HGNC:37632	ENSG00000235289
HGNC:37633	ENSG00000216710
HGNC:37635	ENSG00000242349
HGNC:37636	ENSG00000214782
HGNC:37638	ENSG00000233063
HGNC:37639	ENSG00000226564
HGNC:37640	ENSG00000225079
HGNC:37641	ENSG00000242960
HGNC:37642	ENSG00000249302
HGNC:37643	ENSG00000232792
HGNC:37644	ENSG00000218213
HGNC:37646	ENSG00000256797
HGNC:3765	ENSG00000122025
HGNC:37651	ENSG00000229465
HGNC:3766	ENSG00000090554
HGNC:37661	ENSG00000226555
HGNC:37662	ENSG00000232634
HGNC:37665	ENSG00000241571
HGNC:37666	ENSG00000234720
HGNC:37668	ENSG00000277297
HGNC:3767	ENSG00000037280
HGNC:37670	ENSG00000224662
HGNC:37671	ENSG00000233343
HGNC:37672	ENSG00000270904
HGNC:37673	ENSG00000249372
HGNC:37675	ENSG00000249047
HGNC:37676	ENSG00000253349
HGNC:37677	ENSG00000225242
HGNC:3768	ENSG00000248905
HGNC:37683	ENSG00000177803
HGNC:37684	ENSG00000236564
HGNC:37685	ENSG00000249986
HGNC:37686	ENSG00000271142
HGNC:37687	ENSG00000231643
HGNC:37688	ENSG00000230019
HGNC:3769	ENSG00000010932
HGNC:37691	ENSG00000219387
HGNC:37692	ENSG00000256720
HGNC:37693	ENSG00000229815
HGNC:37694	ENSG00000230860
HGNC:37695	ENSG00000231001
HGNC:37696	ENSG00000234349
HGNC:37697	ENSG00000231910
HGNC:37698	ENSG00000254335
HGNC:37699	ENSG00000253492
HGNC:377	ENSG00000118507
HGNC:3770	ENSG00000094963
HGNC:37700	ENSG00000253900
HGNC:37701	ENSG00000283586
HGNC:37702	ENSG00000180610
HGNC:37703	ENSG00000233067
HGNC:37706	ENSG00000267908
HGNC:37707	ENSG00000258963
HGNC:37708	ENSG00000258628
HGNC:37709	ENSG00000234652
HGNC:3771	ENSG00000007933
HGNC:37710	ENSG00000234385
HGNC:37712	ENSG00000226223
HGNC:37713	ENSG00000232620
HGNC:37714	ENSG00000274502
HGNC:37716	ENSG00000259029
HGNC:37717	ENSG00000259154
HGNC:37718	ENSG00000258991
HGNC:37719	ENSG00000258567
HGNC:3772	ENSG00000076258
HGNC:37720	ENSG00000225661
HGNC:37721	ENSG00000224482
HGNC:37722	ENSG00000228518
HGNC:37723	ENSG00000235462
HGNC:37724	ENSG00000270242
HGNC:37725	ENSG00000231874
HGNC:37726	ENSG00000223978
HGNC:37727	ENSG00000226270
HGNC:37728	ENSG00000233126
HGNC:3773	ENSG00000131781
HGNC:37731	ENSG00000225895
HGNC:37732	ENSG00000228465
HGNC:37733	ENSG00000232845
HGNC:37736	ENSG00000233522
HGNC:37737	ENSG00000230663
HGNC:37739	ENSG00000237023
HGNC:3774	ENSG00000122176
HGNC:37740	ENSG00000238154
HGNC:37742	ENSG00000229376
HGNC:3775	ENSG00000102081
HGNC:37753	ENSG00000232852
HGNC:37754	ENSG00000233771
HGNC:37755	ENSG00000230304
HGNC:37756	ENSG00000233653
HGNC:37757	ENSG00000225371
HGNC:37758	ENSG00000228882
HGNC:37759	ENSG00000188399
HGNC:3776	ENSG00000155966
HGNC:37760	ENSG00000224976
HGNC:37761	ENSG00000250076
HGNC:37762	ENSG00000233204
HGNC:37765	ENSG00000229551
HGNC:37772	ENSG00000224333
HGNC:37773	ENSG00000236993
HGNC:37774	ENSG00000234005
HGNC:37775	ENSG00000235595
HGNC:37776	ENSG00000185221
HGNC:37777	ENSG00000213594
HGNC:37778	ENSG00000229541
HGNC:37779	ENSG00000239873
HGNC:3778	ENSG00000115414
HGNC:37780	ENSG00000213449
HGNC:37781	ENSG00000178596
HGNC:37782	ENSG00000183663
HGNC:37783	ENSG00000235868
HGNC:37784	ENSG00000226443
HGNC:37785	ENSG00000240244
HGNC:37786	ENSG00000235306
HGNC:37789	ENSG00000250982
HGNC:37790	ENSG00000213158
HGNC:37791	ENSG00000231907
HGNC:37792	ENSG00000249210
HGNC:37793	ENSG00000225650
HGNC:37794	ENSG00000254441
HGNC:37795	ENSG00000271115
HGNC:37796	ENSG00000239207
HGNC:37797	ENSG00000248626
HGNC:37798	ENSG00000277172
HGNC:37799	ENSG00000219881
HGNC:378	ENSG00000105127
HGNC:37800	ENSG00000250130
HGNC:37801	ENSG00000213352
HGNC:37802	ENSG00000228312
HGNC:37803	ENSG00000243033
HGNC:37804	ENSG00000224678
HGNC:37805	ENSG00000232718
HGNC:37806	ENSG00000277914
HGNC:37807	ENSG00000227300
HGNC:37808	ENSG00000214822
HGNC:37809	ENSG00000229526
HGNC:3781	ENSG00000269378
HGNC:37810	ENSG00000230088
HGNC:37811	ENSG00000257730
HGNC:37812	ENSG00000227173
HGNC:37813	ENSG00000240677
HGNC:37815	ENSG00000234523
HGNC:37816	ENSG00000231565
HGNC:37818	ENSG00000230450
HGNC:3782	ENSG00000168522
HGNC:37820	ENSG00000231504
HGNC:37824	ENSG00000281560
HGNC:3783	ENSG00000254502
HGNC:37832	ENSG00000263006
HGNC:37836	ENSG00000232742
HGNC:37837	ENSG00000230756
HGNC:37838	ENSG00000203616
HGNC:37839	ENSG00000242756
HGNC:3784	ENSG00000230022
HGNC:37840	ENSG00000236592
HGNC:3785	ENSG00000257365
HGNC:37863	ENSG00000254717
HGNC:37864	ENSG00000254399
HGNC:37865	ENSG00000255151
HGNC:37866	ENSG00000255189
HGNC:37867	ENSG00000230595
HGNC:37870	ENSG00000257664
HGNC:37873	ENSG00000237273
HGNC:37876	ENSG00000224452
HGNC:3788	ENSG00000086205
HGNC:37880	ENSG00000265402
HGNC:37881	ENSG00000231544
HGNC:37883	ENSG00000231556
HGNC:37884	ENSG00000215800
HGNC:37888	ENSG00000237007
HGNC:37889	ENSG00000213235
HGNC:37890	ENSG00000257907
HGNC:37891	ENSG00000270775
HGNC:37892	ENSG00000249855
HGNC:37893	ENSG00000249963
HGNC:37894	ENSG00000249542
HGNC:37895	ENSG00000259612
HGNC:37896	ENSG00000236297
HGNC:37897	ENSG00000223668
HGNC:37898	ENSG00000241429
HGNC:37899	ENSG00000233167
HGNC:379	ENSG00000127914
HGNC:37900	ENSG00000179460
HGNC:37901	ENSG00000224160
HGNC:37902	ENSG00000237709
HGNC:37903	ENSG00000237799
HGNC:37904	ENSG00000215093
HGNC:37905	ENSG00000225270
HGNC:37906	ENSG00000237757
HGNC:37907	ENSG00000234419
HGNC:37908	ENSG00000237859
HGNC:37909	ENSG00000213046
HGNC:3791	ENSG00000110195
HGNC:37911	ENSG00000258846
HGNC:37912	ENSG00000233324
HGNC:37913	ENSG00000250144
HGNC:37914	ENSG00000223912
HGNC:37915	ENSG00000254124
HGNC:37916	ENSG00000261557
HGNC:37917	ENSG00000230125
HGNC:37918	ENSG00000231144
HGNC:37919	ENSG00000224674
HGNC:3792	ENSG00000256518
HGNC:37921	ENSG00000270554
HGNC:37922	ENSG00000231018
HGNC:37923	ENSG00000257790
HGNC:37924	ENSG00000226161
HGNC:37925	ENSG00000236608
HGNC:37926	ENSG00000235472
HGNC:37927	ENSG00000213484
HGNC:37928	ENSG00000262953
HGNC:37929	ENSG00000267336
HGNC:3793	ENSG00000165457
HGNC:37930	ENSG00000229132
HGNC:37931	ENSG00000253719
HGNC:37932	ENSG00000231564
HGNC:37933	ENSG00000257662
HGNC:37934	ENSG00000225701
HGNC:37935	ENSG00000228753
HGNC:37936	ENSG00000224546
HGNC:37937	ENSG00000229572
HGNC:37938	ENSG00000261336
HGNC:37939	ENSG00000197258
HGNC:37940	ENSG00000225031
HGNC:37941	ENSG00000243918
HGNC:37942	ENSG00000237294
HGNC:37943	ENSG00000258739
HGNC:37944	ENSG00000243986
HGNC:37945	ENSG00000241790
HGNC:37946	ENSG00000177261
HGNC:37948	ENSG00000276915
HGNC:37949	ENSG00000277241
HGNC:3795	ENSG00000110203
HGNC:37950	ENSG00000260984
HGNC:37951	ENSG00000226164
HGNC:37952	ENSG00000214020
HGNC:37953	ENSG00000266989
HGNC:37954	ENSG00000254984
HGNC:37956	ENSG00000232217
HGNC:37959	ENSG00000250426
HGNC:3796	ENSG00000170345
HGNC:37961	ENSG00000265095
HGNC:37962	ENSG00000231793
HGNC:37963	ENSG00000263725
HGNC:37964	ENSG00000260459
HGNC:37965	ENSG00000233952
HGNC:37966	ENSG00000229735
HGNC:37967	ENSG00000228347
HGNC:37968	ENSG00000230214
HGNC:37969	ENSG00000237913
HGNC:3797	ENSG00000125740
HGNC:37970	ENSG00000187103
HGNC:37971	ENSG00000227009
HGNC:37972	ENSG00000249206
HGNC:37973	ENSG00000231047
HGNC:37974	ENSG00000219653
HGNC:37975	ENSG00000237620
HGNC:37976	ENSG00000233994
HGNC:37977	ENSG00000260451
HGNC:37978	ENSG00000223772
HGNC:37979	ENSG00000228175
HGNC:3798	ENSG00000075426
HGNC:37980	ENSG00000237563
HGNC:37981	ENSG00000129816
HGNC:37982	ENSG00000212856
HGNC:37983	ENSG00000250204
HGNC:37985	ENSG00000270455
HGNC:37986	ENSG00000227497
HGNC:37987	ENSG00000250651
HGNC:37988	ENSG00000228755
HGNC:37989	ENSG00000257915
HGNC:3799	ENSG00000171956
HGNC:37990	ENSG00000215043
HGNC:37991	ENSG00000229658
HGNC:37992	ENSG00000239443
HGNC:37993	ENSG00000228810
HGNC:37994	ENSG00000225638
HGNC:37995	ENSG00000260307
HGNC:37997	ENSG00000223896
HGNC:37998	ENSG00000234583
HGNC:37999	ENSG00000275828
HGNC:38	ENSG00000141338
HGNC:380	ENSG00000117448
HGNC:3800	ENSG00000054598
HGNC:38002	ENSG00000239428
HGNC:38003	ENSG00000233228
HGNC:38004	ENSG00000254759
HGNC:38005	ENSG00000229163
HGNC:38006	ENSG00000226878
HGNC:38007	ENSG00000213371
HGNC:38008	ENSG00000276172
HGNC:38009	ENSG00000218803
HGNC:3801	ENSG00000176692
HGNC:38012	ENSG00000240755
HGNC:38013	ENSG00000218502
HGNC:38015	ENSG00000255329
HGNC:38016	ENSG00000220494
HGNC:38017	ENSG00000236080
HGNC:38018	ENSG00000234612
HGNC:38019	ENSG00000233733
HGNC:3802	ENSG00000251493
HGNC:38020	ENSG00000224289
HGNC:38021	ENSG00000238051
HGNC:38022	ENSG00000226912
HGNC:38023	ENSG00000229840
HGNC:38024	ENSG00000261965
HGNC:38025	ENSG00000259405
HGNC:38027	ENSG00000227653
HGNC:38028	ENSG00000227515
HGNC:38029	ENSG00000230666
HGNC:3803	ENSG00000186564
HGNC:38030	ENSG00000234570
HGNC:38031	ENSG00000237426
HGNC:38032	ENSG00000232242
HGNC:38033	ENSG00000239516
HGNC:38034	ENSG00000227232
HGNC:38035	ENSG00000234502
HGNC:38036	ENSG00000228869
HGNC:38037	ENSG00000235686
HGNC:38038	ENSG00000226102
HGNC:38039	ENSG00000240651
HGNC:3804	ENSG00000187140
HGNC:38040	ENSG00000277282
HGNC:38041	ENSG00000164740
HGNC:38042	ENSG00000241007
HGNC:38043	ENSG00000229897
HGNC:38044	ENSG00000229000
HGNC:38045	ENSG00000237629
HGNC:38046	ENSG00000224162
HGNC:38047	ENSG00000242728
HGNC:38049	ENSG00000271159
HGNC:3805	ENSG00000170122
HGNC:38051	ENSG00000214273
HGNC:38052	ENSG00000233435
HGNC:38053	ENSG00000241532
HGNC:38054	ENSG00000261689
HGNC:38055	ENSG00000213120
HGNC:38056	ENSG00000228473
HGNC:38057	ENSG00000271397
HGNC:38058	ENSG00000225805
HGNC:38059	ENSG00000232773
HGNC:3806	ENSG00000178919
HGNC:38060	ENSG00000254700
HGNC:38061	ENSG00000237215
HGNC:38062	ENSG00000188438
HGNC:38066	ENSG00000244050
HGNC:38068	ENSG00000229435
HGNC:38069	ENSG00000230359
HGNC:38070	ENSG00000186743
HGNC:38071	ENSG00000225455
HGNC:38072	ENSG00000219249
HGNC:38076	ENSG00000272281
HGNC:38077	ENSG00000215506
HGNC:38078	ENSG00000226116
HGNC:38079	ENSG00000224485
HGNC:3808	ENSG00000186790
HGNC:38085	ENSG00000235451
HGNC:38086	ENSG00000204959
HGNC:38087	ENSG00000235613
HGNC:38088	ENSG00000283496
HGNC:3809	ENSG00000103241
HGNC:38091	ENSG00000233786
HGNC:38092	ENSG00000237447
HGNC:38093	ENSG00000243643
HGNC:38096	ENSG00000226840
HGNC:38097	ENSG00000254244
HGNC:38098	ENSG00000229877
HGNC:38099	ENSG00000241136
HGNC:381	ENSG00000085662
HGNC:3810	ENSG00000137273
HGNC:38100	ENSG00000232293
HGNC:38101	ENSG00000237902
HGNC:38102	ENSG00000233107
HGNC:38103	ENSG00000229593
HGNC:38104	ENSG00000232910
HGNC:38105	ENSG00000239405
HGNC:38106	ENSG00000223856
HGNC:38107	ENSG00000223655
HGNC:38108	ENSG00000235479
HGNC:38109	ENSG00000231423
HGNC:3811	ENSG00000176165
HGNC:38110	ENSG00000187589
HGNC:38111	ENSG00000172342
HGNC:38115	ENSG00000235500
HGNC:38116	ENSG00000264570
HGNC:38117	ENSG00000197092
HGNC:38118	ENSG00000214245
HGNC:38139	ENSG00000233148
HGNC:3814	ENSG00000160973
HGNC:38140	ENSG00000271123
HGNC:38141	ENSG00000232924
HGNC:38142	ENSG00000225740
HGNC:38143	ENSG00000230377
HGNC:38144	ENSG00000234131
HGNC:38145	ENSG00000231540
HGNC:38146	ENSG00000234081
HGNC:38147	ENSG00000227867
HGNC:38148	ENSG00000230412
HGNC:38149	ENSG00000225716
HGNC:3815	ENSG00000168269
HGNC:38150	ENSG00000228193
HGNC:38151	ENSG00000232029
HGNC:38152	ENSG00000227915
HGNC:38153	ENSG00000232695
HGNC:38154	ENSG00000237622
HGNC:38155	ENSG00000241975
HGNC:38156	ENSG00000229101
HGNC:38157	ENSG00000226186
HGNC:38158	ENSG00000255006
HGNC:38159	ENSG00000224686
HGNC:3816	ENSG00000129654
HGNC:38160	ENSG00000228410
HGNC:38161	ENSG00000225658
HGNC:38163	ENSG00000242195
HGNC:38164	ENSG00000237307
HGNC:38165	ENSG00000225176
HGNC:38166	ENSG00000225127
HGNC:38167	ENSG00000242561
HGNC:38168	ENSG00000267376
HGNC:38169	ENSG00000267189
HGNC:3817	ENSG00000176678
HGNC:38170	ENSG00000271332
HGNC:38174	ENSG00000264607
HGNC:3818	ENSG00000111206
HGNC:3819	ENSG00000150907
HGNC:38196	ENSG00000263436
HGNC:382	ENSG00000198074
HGNC:3820	ENSG00000214295
HGNC:3821	ENSG00000118689
HGNC:38214	ENSG00000266454
HGNC:38216	ENSG00000264657
HGNC:38218	ENSG00000283921
HGNC:3822	ENSG00000240445
HGNC:38223	ENSG00000239057
HGNC:3823	ENSG00000114861
HGNC:38230	ENSG00000211513
HGNC:3824	ENSG00000136877
HGNC:38247	ENSG00000221036
HGNC:3825	ENSG00000254685
HGNC:38253	ENSG00000283340
HGNC:3826	ENSG00000171051
HGNC:38261	ENSG00000264266
HGNC:38268	ENSG00000207617
HGNC:3827	ENSG00000171049
HGNC:38275	ENSG00000283469
HGNC:38277	ENSG00000221065
HGNC:38279	ENSG00000283558
HGNC:3828	ENSG00000187474
HGNC:38292	ENSG00000252583
HGNC:38297	ENSG00000265237
HGNC:38302	ENSG00000265520
HGNC:38315	ENSG00000263390
HGNC:38325	ENSG00000257381
HGNC:38328	ENSG00000253008
HGNC:38334	ENSG00000265919
HGNC:38349	ENSG00000208004
HGNC:38359	ENSG00000265376
HGNC:38361	ENSG00000265981
HGNC:38363	ENSG00000263468
HGNC:38395	ENSG00000234709
HGNC:38396	ENSG00000288235
HGNC:38398	ENSG00000225653
HGNC:384	ENSG00000187134
HGNC:38404	ENSG00000241200
HGNC:38406	ENSG00000244246
HGNC:38408	ENSG00000239893
HGNC:38409	ENSG00000227830
HGNC:38410	ENSG00000216824
HGNC:38413	ENSG00000273693
HGNC:38416	ENSG00000238191
HGNC:38418	ENSG00000249634
HGNC:38419	ENSG00000237997
HGNC:38420	ENSG00000232522
HGNC:38424	ENSG00000229416
HGNC:38426	ENSG00000215537
HGNC:38429	ENSG00000225491
HGNC:38430	ENSG00000224210
HGNC:38431	ENSG00000232003
HGNC:38435	ENSG00000232614
HGNC:38436	ENSG00000231514
HGNC:38439	ENSG00000233634
HGNC:38440	ENSG00000224634
HGNC:38442	ENSG00000274162
HGNC:38448	ENSG00000223915
HGNC:38453	ENSG00000228945
HGNC:38454	ENSG00000238135
HGNC:38455	ENSG00000217896
HGNC:38456	ENSG00000228764
HGNC:38458	ENSG00000232764
HGNC:38459	ENSG00000227251
HGNC:38460	ENSG00000226369
HGNC:38462	ENSG00000232976
HGNC:38463	ENSG00000227837
HGNC:38464	ENSG00000236379
HGNC:38466	ENSG00000223636
HGNC:38470	ENSG00000249003
HGNC:38471	ENSG00000230468
HGNC:38472	ENSG00000235636
HGNC:38473	ENSG00000234685
HGNC:38474	ENSG00000217686
HGNC:38475	ENSG00000276427
HGNC:38476	ENSG00000254709
HGNC:38484	ENSG00000227434
HGNC:38485	ENSG00000227247
HGNC:38486	ENSG00000250227
HGNC:38487	ENSG00000250857
HGNC:38488	ENSG00000229909
HGNC:38489	ENSG00000223558
HGNC:38490	ENSG00000227986
HGNC:38492	ENSG00000278647
HGNC:38493	ENSG00000237451
HGNC:38494	ENSG00000226020
HGNC:38495	ENSG00000274680
HGNC:38496	ENSG00000238245
HGNC:38497	ENSG00000228656
HGNC:38498	ENSG00000239684
HGNC:38499	ENSG00000249311
HGNC:385	ENSG00000151632
HGNC:38500	ENSG00000215102
HGNC:38501	ENSG00000228252
HGNC:38502	ENSG00000213117
HGNC:38503	ENSG00000239238
HGNC:38504	ENSG00000230376
HGNC:38508	ENSG00000260864
HGNC:38509	ENSG00000260540
HGNC:38510	ENSG00000261536
HGNC:38513	ENSG00000185203
HGNC:38514	ENSG00000214992
HGNC:38515	ENSG00000248197
HGNC:38516	ENSG00000215478
HGNC:38518	ENSG00000242412
HGNC:38519	ENSG00000231784
HGNC:38522	ENSG00000229940
HGNC:38523	ENSG00000224827
HGNC:38524	ENSG00000259247
HGNC:38535	ENSG00000172294
HGNC:38536	ENSG00000233944
HGNC:38538	ENSG00000282508
HGNC:38540	ENSG00000230724
HGNC:38542	ENSG00000281490
HGNC:38549	ENSG00000274553
HGNC:38550	ENSG00000248213
HGNC:38552	ENSG00000231801
HGNC:38553	ENSG00000250927
HGNC:38554	ENSG00000215004
HGNC:38555	ENSG00000234285
HGNC:38556	ENSG00000241861
HGNC:38557	ENSG00000236973
HGNC:38558	ENSG00000235076
HGNC:38559	ENSG00000234069
HGNC:38560	ENSG00000226769
HGNC:38561	ENSG00000224055
HGNC:38562	ENSG00000249018
HGNC:38563	ENSG00000236167
HGNC:38565	ENSG00000233594
HGNC:38566	ENSG00000224820
HGNC:38567	ENSG00000237242
HGNC:38568	ENSG00000282978
HGNC:38569	ENSG00000219986
HGNC:38570	ENSG00000231120
HGNC:38571	ENSG00000262609
HGNC:38572	ENSG00000236813
HGNC:38573	ENSG00000224834
HGNC:38585	ENSG00000255967
HGNC:38586	ENSG00000271361
HGNC:38587	ENSG00000223437
HGNC:38588	ENSG00000285405
HGNC:38589	ENSG00000283524
HGNC:38590	ENSG00000270411
HGNC:38592	ENSG00000229900
HGNC:38593	ENSG00000242943
HGNC:38594	ENSG00000229159
HGNC:38595	ENSG00000256642
HGNC:38597	ENSG00000230819
HGNC:38598	ENSG00000223982
HGNC:386	ENSG00000196139
HGNC:38600	ENSG00000229608
HGNC:38601	ENSG00000189357
HGNC:38602	ENSG00000240632
HGNC:38603	ENSG00000186788
HGNC:38605	ENSG00000224121
HGNC:38606	ENSG00000196289
HGNC:38607	ENSG00000237770
HGNC:38609	ENSG00000231439
HGNC:38650	ENSG00000179938
HGNC:38652	ENSG00000249931
HGNC:38654	ENSG00000243495
HGNC:38655	ENSG00000230823
HGNC:38656	ENSG00000214322
HGNC:38657	ENSG00000237379
HGNC:38658	ENSG00000214321
HGNC:38659	ENSG00000241535
HGNC:38661	ENSG00000231752
HGNC:38662	ENSG00000226213
HGNC:38663	ENSG00000230448
HGNC:38664	ENSG00000258997
HGNC:38665	ENSG00000223550
HGNC:38666	ENSG00000218868
HGNC:38667	ENSG00000241216
HGNC:38668	ENSG00000111788
HGNC:38669	ENSG00000250162
HGNC:38670	ENSG00000281720
HGNC:38671	ENSG00000278790
HGNC:38672	ENSG00000276046
HGNC:38673	ENSG00000276904
HGNC:38674	ENSG00000278641
HGNC:38675	ENSG00000187479
HGNC:38676	ENSG00000232267
HGNC:38677	ENSG00000226481
HGNC:38678	ENSG00000260327
HGNC:38679	ENSG00000242573
HGNC:38681	ENSG00000249283
HGNC:38682	ENSG00000227264
HGNC:38683	ENSG00000280263
HGNC:38684	ENSG00000231276
HGNC:38686	ENSG00000258834
HGNC:38687	ENSG00000278761
HGNC:38688	ENSG00000281627
HGNC:38689	ENSG00000280799
HGNC:38691	ENSG00000159904
HGNC:38695	ENSG00000213793
HGNC:38697	ENSG00000226875
HGNC:387	ENSG00000198610
HGNC:38700	ENSG00000267500
HGNC:38705	ENSG00000261221
HGNC:38707	ENSG00000233757
HGNC:38708	ENSG00000240747
HGNC:38709	ENSG00000214029
HGNC:38712	ENSG00000231535
HGNC:38713	ENSG00000223571
HGNC:38714	ENSG00000229232
HGNC:38716	ENSG00000235616
HGNC:38717	ENSG00000234958
HGNC:38719	ENSG00000237040
HGNC:38720	ENSG00000227871
HGNC:38721	ENSG00000224571
HGNC:38725	ENSG00000215601
HGNC:38726	ENSG00000234110
HGNC:38727	ENSG00000234850
HGNC:38728	ENSG00000226529
HGNC:38729	ENSG00000234179
HGNC:38730	ENSG00000223955
HGNC:38731	ENSG00000236599
HGNC:38732	ENSG00000183146
HGNC:38733	ENSG00000236131
HGNC:38734	ENSG00000224065
HGNC:38735	ENSG00000224953
HGNC:38736	ENSG00000237427
HGNC:38737	ENSG00000232195
HGNC:38739	ENSG00000227604
HGNC:38740	ENSG00000248396
HGNC:38741	ENSG00000225155
HGNC:38742	ENSG00000241874
HGNC:38745	ENSG00000213234
HGNC:38746	ENSG00000213368
HGNC:38747	ENSG00000261599
HGNC:38748	ENSG00000227494
HGNC:38750	ENSG00000229234
HGNC:38751	ENSG00000233120
HGNC:38752	ENSG00000232744
HGNC:38753	ENSG00000229553
HGNC:38754	ENSG00000223407
HGNC:38755	ENSG00000225326
HGNC:38757	ENSG00000227635
HGNC:38758	ENSG00000224408
HGNC:38759	ENSG00000223555
HGNC:38760	ENSG00000230814
HGNC:38761	ENSG00000224866
HGNC:38762	ENSG00000234744
HGNC:38763	ENSG00000235521
HGNC:38764	ENSG00000224151
HGNC:38765	ENSG00000232424
HGNC:38766	ENSG00000235004
HGNC:38767	ENSG00000230854
HGNC:38775	ENSG00000229250
HGNC:38776	ENSG00000237616
HGNC:38777	ENSG00000232064
HGNC:38778	ENSG00000233378
HGNC:38779	ENSG00000237467
HGNC:38780	ENSG00000229709
HGNC:38781	ENSG00000236429
HGNC:38782	ENSG00000230458
HGNC:38783	ENSG00000234121
HGNC:38785	ENSG00000233546
HGNC:38786	ENSG00000248573
HGNC:38787	ENSG00000248400
HGNC:38788	ENSG00000229256
HGNC:38789	ENSG00000232475
HGNC:38790	ENSG00000224169
HGNC:38791	ENSG00000228571
HGNC:38792	ENSG00000233156
HGNC:38793	ENSG00000228787
HGNC:38794	ENSG00000229745
HGNC:38795	ENSG00000225189
HGNC:38796	ENSG00000235014
HGNC:38798	ENSG00000233070
HGNC:38799	ENSG00000223600
HGNC:388	ENSG00000122787
HGNC:38801	ENSG00000239304
HGNC:38803	ENSG00000229643
HGNC:38804	ENSG00000226061
HGNC:38805	ENSG00000260087
HGNC:38806	ENSG00000234800
HGNC:38807	ENSG00000217179
HGNC:38808	ENSG00000226057
HGNC:38821	ENSG00000250641
HGNC:38824	ENSG00000250021
HGNC:38825	ENSG00000249139
HGNC:38828	ENSG00000248672
HGNC:38830	ENSG00000250151
HGNC:38831	ENSG00000250741
HGNC:38834	ENSG00000248592
HGNC:38836	ENSG00000215760
HGNC:38838	ENSG00000251349
HGNC:38840	ENSG00000248643
HGNC:38842	ENSG00000283154
HGNC:38843	ENSG00000251503
HGNC:38844	ENSG00000248919
HGNC:38845	ENSG00000248167
HGNC:38847	ENSG00000249884
HGNC:38849	ENSG00000240959
HGNC:38850	ENSG00000243759
HGNC:38851	ENSG00000218698
HGNC:38856	ENSG00000114786
HGNC:38861	ENSG00000234322
HGNC:38862	ENSG00000228110
HGNC:38863	ENSG00000215875
HGNC:38864	ENSG00000227832
HGNC:38866	ENSG00000250709
HGNC:38869	ENSG00000108442
HGNC:38872	ENSG00000117242
HGNC:38873	ENSG00000236088
HGNC:38876	ENSG00000254781
HGNC:38877	ENSG00000204449
HGNC:38879	ENSG00000221874
HGNC:38880	ENSG00000211991
HGNC:389	ENSG00000053371
HGNC:38921	ENSG00000207688
HGNC:38926	ENSG00000266449
HGNC:38931	ENSG00000265828
HGNC:38938	ENSG00000284147
HGNC:38944	ENSG00000207704
HGNC:38947	ENSG00000263597
HGNC:38956	ENSG00000266019
HGNC:38958	ENSG00000266782
HGNC:38980	ENSG00000263945
HGNC:38986	ENSG00000264105
HGNC:38997	ENSG00000263918
HGNC:39	ENSG00000154258
HGNC:390	ENSG00000162482
HGNC:39003	ENSG00000221601
HGNC:39010	ENSG00000225558
HGNC:39011	ENSG00000224690
HGNC:39012	ENSG00000227607
HGNC:39013	ENSG00000224971
HGNC:39014	ENSG00000249183
HGNC:39015	ENSG00000251663
HGNC:39016	ENSG00000249031
HGNC:39017	ENSG00000249838
HGNC:39018	ENSG00000228976
HGNC:39020	ENSG00000214578
HGNC:39021	ENSG00000234359
HGNC:39027	ENSG00000188101
HGNC:39028	ENSG00000227261
HGNC:39029	ENSG00000225664
HGNC:39032	ENSG00000248826
HGNC:39033	ENSG00000249928
HGNC:39046	ENSG00000214843
HGNC:39051	ENSG00000268964
HGNC:39053	ENSG00000251292
HGNC:39056	ENSG00000259845
HGNC:39062	ENSG00000230042
HGNC:39063	ENSG00000248722
HGNC:39064	ENSG00000228816
HGNC:39065	ENSG00000255838
HGNC:39066	ENSG00000249410
HGNC:39067	ENSG00000223621
HGNC:39068	ENSG00000217377
HGNC:39069	ENSG00000235606
HGNC:39070	ENSG00000213962
HGNC:39071	ENSG00000236081
HGNC:39073	ENSG00000225098
HGNC:39074	ENSG00000169662
HGNC:39075	ENSG00000215544
HGNC:39076	ENSG00000236794
HGNC:39077	ENSG00000198468
HGNC:39078	ENSG00000253314
HGNC:39079	ENSG00000265992
HGNC:39080	ENSG00000260458
HGNC:39081	ENSG00000268066
HGNC:39083	ENSG00000223794
HGNC:39084	ENSG00000234575
HGNC:39085	ENSG00000224763
HGNC:39088	ENSG00000233083
HGNC:39089	ENSG00000251395
HGNC:39090	ENSG00000185638
HGNC:39091	ENSG00000234355
HGNC:39092	ENSG00000233910
HGNC:39093	ENSG00000234705
HGNC:39096	ENSG00000231148
HGNC:39097	ENSG00000238190
HGNC:39098	ENSG00000229384
HGNC:39099	ENSG00000217482
HGNC:391	ENSG00000142208
HGNC:39100	ENSG00000236407
HGNC:39101	ENSG00000253463
HGNC:39102	ENSG00000250730
HGNC:39103	ENSG00000219163
HGNC:39104	ENSG00000228808
HGNC:39105	ENSG00000237642
HGNC:39106	ENSG00000248909
HGNC:39107	ENSG00000250721
HGNC:39114	ENSG00000253770
HGNC:39115	ENSG00000275029
HGNC:39116	ENSG00000230886
HGNC:39117	ENSG00000225984
HGNC:39118	ENSG00000230611
HGNC:39119	ENSG00000249745
HGNC:39120	ENSG00000250862
HGNC:39121	ENSG00000244089
HGNC:39122	ENSG00000233266
HGNC:39123	ENSG00000226837
HGNC:39124	ENSG00000261174
HGNC:39125	ENSG00000258223
HGNC:39126	ENSG00000229251
HGNC:39127	ENSG00000231956
HGNC:39128	ENSG00000214223
HGNC:39129	ENSG00000264315
HGNC:39130	ENSG00000220157
HGNC:39131	ENSG00000213568
HGNC:39132	ENSG00000227638
HGNC:39133	ENSG00000214761
HGNC:39134	ENSG00000262333
HGNC:39135	ENSG00000243188
HGNC:39136	ENSG00000248950
HGNC:39138	ENSG00000224537
HGNC:39141	ENSG00000249462
HGNC:39163	ENSG00000225920
HGNC:39164	ENSG00000181101
HGNC:39166	ENSG00000254195
HGNC:39167	ENSG00000214869
HGNC:39168	ENSG00000268034
HGNC:39169	ENSG00000250731
HGNC:39170	ENSG00000187536
HGNC:39171	ENSG00000183022
HGNC:39172	ENSG00000223721
HGNC:39173	ENSG00000217314
HGNC:39174	ENSG00000267736
HGNC:39175	ENSG00000251566
HGNC:39176	ENSG00000243873
HGNC:39177	ENSG00000218991
HGNC:39178	ENSG00000225672
HGNC:39179	ENSG00000270524
HGNC:39180	ENSG00000233603
HGNC:39181	ENSG00000215802
HGNC:39182	ENSG00000239439
HGNC:39183	ENSG00000233155
HGNC:39184	ENSG00000213467
HGNC:39185	ENSG00000243877
HGNC:39186	ENSG00000203489
HGNC:39187	ENSG00000255291
HGNC:39188	ENSG00000253516
HGNC:39189	ENSG00000254735
HGNC:39192	ENSG00000231332
HGNC:39193	ENSG00000250329
HGNC:39198	ENSG00000229835
HGNC:39199	ENSG00000261987
HGNC:392	ENSG00000105221
HGNC:39200	ENSG00000265746
HGNC:39201	ENSG00000263206
HGNC:39202	ENSG00000231665
HGNC:39203	ENSG00000251008
HGNC:39204	ENSG00000214455
HGNC:39205	ENSG00000215477
HGNC:39206	ENSG00000183586
HGNC:39207	ENSG00000229696
HGNC:39208	ENSG00000230371
HGNC:39209	ENSG00000262962
HGNC:39210	ENSG00000224329
HGNC:39211	ENSG00000236258
HGNC:39212	ENSG00000224908
HGNC:39213	ENSG00000229111
HGNC:39214	ENSG00000236442
HGNC:39248	ENSG00000224680
HGNC:39249	ENSG00000225221
HGNC:39250	ENSG00000215604
HGNC:39251	ENSG00000238132
HGNC:39252	ENSG00000232894
HGNC:39253	ENSG00000243406
HGNC:39254	ENSG00000198414
HGNC:39255	ENSG00000218226
HGNC:39256	ENSG00000235205
HGNC:39257	ENSG00000225133
HGNC:39258	ENSG00000233162
HGNC:39259	ENSG00000225904
HGNC:39260	ENSG00000227707
HGNC:39261	ENSG00000236803
HGNC:39262	ENSG00000234267
HGNC:39263	ENSG00000179611
HGNC:39264	ENSG00000229598
HGNC:39265	ENSG00000231468
HGNC:39266	ENSG00000234701
HGNC:39268	ENSG00000214178
HGNC:39269	ENSG00000174408
HGNC:39270	ENSG00000229303
HGNC:39271	ENSG00000150276
HGNC:39272	ENSG00000236704
HGNC:39273	ENSG00000220598
HGNC:39274	ENSG00000226665
HGNC:39275	ENSG00000248956
HGNC:39277	ENSG00000229316
HGNC:39278	ENSG00000229975
HGNC:39279	ENSG00000254146
HGNC:39280	ENSG00000249338
HGNC:39281	ENSG00000234379
HGNC:39282	ENSG00000230519
HGNC:39283	ENSG00000213070
HGNC:39284	ENSG00000233523
HGNC:39285	ENSG00000276592
HGNC:39286	ENSG00000213711
HGNC:39287	ENSG00000240471
HGNC:39288	ENSG00000230224
HGNC:39289	ENSG00000232665
HGNC:39290	ENSG00000227621
HGNC:39291	ENSG00000230585
HGNC:39292	ENSG00000234835
HGNC:39293	ENSG00000248913
HGNC:39294	ENSG00000262648
HGNC:39299	ENSG00000215399
HGNC:393	ENSG00000117020
HGNC:39300	ENSG00000227096
HGNC:39301	ENSG00000229992
HGNC:39302	ENSG00000223656
HGNC:39303	ENSG00000213301
HGNC:39304	ENSG00000237603
HGNC:39305	ENSG00000214288
HGNC:39306	ENSG00000231845
HGNC:39307	ENSG00000250897
HGNC:39308	ENSG00000248430
HGNC:39309	ENSG00000249400
HGNC:39310	ENSG00000220184
HGNC:39311	ENSG00000217085
HGNC:39312	ENSG00000226059
HGNC:39313	ENSG00000224551
HGNC:39314	ENSG00000225051
HGNC:39315	ENSG00000235148
HGNC:39316	ENSG00000215283
HGNC:39318	ENSG00000259428
HGNC:39319	ENSG00000267132
HGNC:39322	ENSG00000239919
HGNC:39323	ENSG00000267203
HGNC:39324	ENSG00000235763
HGNC:39325	ENSG00000205433
HGNC:39326	ENSG00000242915
HGNC:39327	ENSG00000226718
HGNC:39328	ENSG00000228551
HGNC:39329	ENSG00000235363
HGNC:39330	ENSG00000229906
HGNC:39331	ENSG00000226734
HGNC:39332	ENSG00000231480
HGNC:39333	ENSG00000213652
HGNC:39334	ENSG00000231929
HGNC:39335	ENSG00000260828
HGNC:39336	ENSG00000224040
HGNC:39337	ENSG00000223717
HGNC:39338	ENSG00000236917
HGNC:39339	ENSG00000215007
HGNC:39340	ENSG00000218089
HGNC:39341	ENSG00000162699
HGNC:39342	ENSG00000228045
HGNC:39343	ENSG00000227295
HGNC:39344	ENSG00000251051
HGNC:39345	ENSG00000234765
HGNC:39346	ENSG00000226388
HGNC:39348	ENSG00000230942
HGNC:39349	ENSG00000224070
HGNC:39350	ENSG00000239614
HGNC:39351	ENSG00000241120
HGNC:39352	ENSG00000248377
HGNC:39353	ENSG00000244101
HGNC:39354	ENSG00000226507
HGNC:39355	ENSG00000248336
HGNC:39356	ENSG00000247911
HGNC:39357	ENSG00000249619
HGNC:39358	ENSG00000249439
HGNC:39359	ENSG00000250197
HGNC:39360	ENSG00000249503
HGNC:39361	ENSG00000250787
HGNC:39362	ENSG00000234927
HGNC:39363	ENSG00000224519
HGNC:39364	ENSG00000239539
HGNC:39368	ENSG00000226977
HGNC:39370	ENSG00000259557
HGNC:39372	ENSG00000254114
HGNC:39374	ENSG00000235028
HGNC:39375	ENSG00000267513
HGNC:39376	ENSG00000237589
HGNC:39377	ENSG00000230326
HGNC:39378	ENSG00000224755
HGNC:39379	ENSG00000172186
HGNC:39380	ENSG00000235734
HGNC:39381	ENSG00000238249
HGNC:39382	ENSG00000223452
HGNC:39383	ENSG00000229367
HGNC:39385	ENSG00000232963
HGNC:39386	ENSG00000228034
HGNC:39387	ENSG00000227259
HGNC:39388	ENSG00000236124
HGNC:39389	ENSG00000229072
HGNC:39390	ENSG00000225585
HGNC:39391	ENSG00000224188
HGNC:39392	ENSG00000228398
HGNC:39393	ENSG00000241203
HGNC:39394	ENSG00000232916
HGNC:39395	ENSG00000236086
HGNC:39397	ENSG00000213721
HGNC:39398	ENSG00000214195
HGNC:39399	ENSG00000236554
HGNC:39400	ENSG00000251470
HGNC:39402	ENSG00000174418
HGNC:39403	ENSG00000213558
HGNC:39405	ENSG00000231471
HGNC:39406	ENSG00000232875
HGNC:39407	ENSG00000228901
HGNC:39409	ENSG00000231726
HGNC:39410	ENSG00000214281
HGNC:39411	ENSG00000260602
HGNC:39412	ENSG00000261620
HGNC:39417	ENSG00000224640
HGNC:39418	ENSG00000230535
HGNC:39419	ENSG00000225999
HGNC:3942	ENSG00000198793
HGNC:39420	ENSG00000231650
HGNC:39421	ENSG00000229237
HGNC:39422	ENSG00000253954
HGNC:39423	ENSG00000250517
HGNC:39424	ENSG00000259169
HGNC:39425	ENSG00000250834
HGNC:39427	ENSG00000226847
HGNC:39428	ENSG00000250471
HGNC:39429	ENSG00000248886
HGNC:39430	ENSG00000223601
HGNC:39431	ENSG00000238137
HGNC:39432	ENSG00000256745
HGNC:39433	ENSG00000237412
HGNC:39434	ENSG00000256898
HGNC:39435	ENSG00000214027
HGNC:39438	ENSG00000228158
HGNC:3944	ENSG00000165879
HGNC:39442	ENSG00000234213
HGNC:39443	ENSG00000238025
HGNC:39445	ENSG00000229910
HGNC:39446	ENSG00000228319
HGNC:39447	ENSG00000215486
HGNC:39448	ENSG00000249312
HGNC:39449	ENSG00000254351
HGNC:39450	ENSG00000248355
HGNC:39451	ENSG00000230418
HGNC:39452	ENSG00000263125
HGNC:39454	ENSG00000225225
HGNC:39455	ENSG00000234227
HGNC:39456	ENSG00000225358
HGNC:39457	ENSG00000224783
HGNC:39458	ENSG00000233325
HGNC:39459	ENSG00000231879
HGNC:39465	ENSG00000250389
HGNC:39466	ENSG00000254132
HGNC:39467	ENSG00000249119
HGNC:39468	ENSG00000227730
HGNC:39469	ENSG00000240034
HGNC:39470	ENSG00000224695
HGNC:39471	ENSG00000248136
HGNC:39472	ENSG00000233248
HGNC:39473	ENSG00000227275
HGNC:39474	ENSG00000226839
HGNC:39475	ENSG00000235039
HGNC:39476	ENSG00000234901
HGNC:39477	ENSG00000235638
HGNC:39478	ENSG00000225723
HGNC:39479	ENSG00000249893
HGNC:39480	ENSG00000249770
HGNC:39481	ENSG00000227714
HGNC:39482	ENSG00000254384
HGNC:39483	ENSG00000254156
HGNC:39484	ENSG00000231490
HGNC:39485	ENSG00000235090
HGNC:39486	ENSG00000249582
HGNC:39487	ENSG00000267634
HGNC:39489	ENSG00000251137
HGNC:39490	ENSG00000228766
HGNC:39491	ENSG00000231035
HGNC:39492	ENSG00000237322
HGNC:39493	ENSG00000176970
HGNC:39498	ENSG00000227395
HGNC:395	ENSG00000148218
HGNC:39503	ENSG00000227179
HGNC:39506	ENSG00000242244
HGNC:39507	ENSG00000227440
HGNC:39508	ENSG00000227590
HGNC:39509	ENSG00000214318
HGNC:3951	ENSG00000165060
HGNC:39510	ENSG00000232734
HGNC:39511	ENSG00000224948
HGNC:39514	ENSG00000226662
HGNC:39515	ENSG00000254388
HGNC:39516	ENSG00000226857
HGNC:39517	ENSG00000229829
HGNC:39518	ENSG00000216439
HGNC:39519	ENSG00000225171
HGNC:39520	ENSG00000250473
HGNC:39521	ENSG00000214904
HGNC:39522	ENSG00000255248
HGNC:39523	ENSG00000267532
HGNC:39524	ENSG00000247095
HGNC:39525	ENSG00000250896
HGNC:39526	ENSG00000227201
HGNC:39527	ENSG00000227069
HGNC:39528	ENSG00000235832
HGNC:39529	ENSG00000213816
HGNC:3953	ENSG00000107130
HGNC:39531	ENSG00000213854
HGNC:39532	ENSG00000215562
HGNC:39533	ENSG00000213355
HGNC:39534	ENSG00000213149
HGNC:39535	ENSG00000232223
HGNC:39536	ENSG00000237383
HGNC:39537	ENSG00000218454
HGNC:39538	ENSG00000205412
HGNC:39539	ENSG00000228168
HGNC:3954	ENSG00000109536
HGNC:39540	ENSG00000236459
HGNC:39541	ENSG00000240236
HGNC:39542	ENSG00000241947
HGNC:39543	ENSG00000231206
HGNC:39544	ENSG00000239345
HGNC:39545	ENSG00000233680
HGNC:39546	ENSG00000230170
HGNC:39547	ENSG00000235784
HGNC:39548	ENSG00000233780
HGNC:39549	ENSG00000227862
HGNC:3955	ENSG00000111816
HGNC:39550	ENSG00000255071
HGNC:39551	ENSG00000255526
HGNC:39552	ENSG00000204662
HGNC:39553	ENSG00000215603
HGNC:39554	ENSG00000269505
HGNC:39557	ENSG00000250496
HGNC:39558	ENSG00000224396
HGNC:39560	ENSG00000197934
HGNC:39561	ENSG00000225492
HGNC:39562	ENSG00000215874
HGNC:39563	ENSG00000230665
HGNC:39565	ENSG00000223650
HGNC:39566	ENSG00000243915
HGNC:39567	ENSG00000227972
HGNC:39568	ENSG00000254465
HGNC:39569	ENSG00000218020
HGNC:39570	ENSG00000227882
HGNC:39572	ENSG00000223963
HGNC:39573	ENSG00000248320
HGNC:39574	ENSG00000253919
HGNC:39575	ENSG00000224778
HGNC:39576	ENSG00000230009
HGNC:39577	ENSG00000232647
HGNC:39578	ENSG00000265469
HGNC:39579	ENSG00000232373
HGNC:39580	ENSG00000237672
HGNC:39581	ENSG00000230871
HGNC:39582	ENSG00000223543
HGNC:39583	ENSG00000230399
HGNC:39585	ENSG00000226902
HGNC:39586	ENSG00000215006
HGNC:39587	ENSG00000270849
HGNC:39588	ENSG00000213118
HGNC:39589	ENSG00000223490
HGNC:3959	ENSG00000162998
HGNC:39590	ENSG00000235084
HGNC:39591	ENSG00000249973
HGNC:39592	ENSG00000235115
HGNC:39594	ENSG00000255051
HGNC:39595	ENSG00000234332
HGNC:39596	ENSG00000226670
HGNC:39599	ENSG00000223662
HGNC:396	ENSG00000023330
HGNC:3960	ENSG00000186765
HGNC:39601	ENSG00000243627
HGNC:39602	ENSG00000222018
HGNC:39603	ENSG00000238197
HGNC:39604	ENSG00000228930
HGNC:39605	ENSG00000233442
HGNC:39606	ENSG00000219592
HGNC:39607	ENSG00000229083
HGNC:39608	ENSG00000233767
HGNC:39609	ENSG00000271625
HGNC:3961	ENSG00000106328
HGNC:39610	ENSG00000232843
HGNC:39611	ENSG00000225345
HGNC:39612	ENSG00000229146
HGNC:39613	ENSG00000275144
HGNC:39615	ENSG00000234373
HGNC:39616	ENSG00000231390
HGNC:39617	ENSG00000224185
HGNC:39618	ENSG00000279213
HGNC:39620	ENSG00000279718
HGNC:39621	ENSG00000230965
HGNC:39622	ENSG00000235571
HGNC:39631	ENSG00000250016
HGNC:39632	ENSG00000251539
HGNC:39633	ENSG00000249337
HGNC:39634	ENSG00000227568
HGNC:39635	ENSG00000253418
HGNC:39636	ENSG00000231123
HGNC:39637	ENSG00000231058
HGNC:39639	ENSG00000223431
HGNC:3964	ENSG00000131808
HGNC:39640	ENSG00000234030
HGNC:39641	ENSG00000253866
HGNC:39642	ENSG00000227721
HGNC:39644	ENSG00000227999
HGNC:39645	ENSG00000232260
HGNC:39646	ENSG00000213189
HGNC:39647	ENSG00000213108
HGNC:39648	ENSG00000229226
HGNC:39649	ENSG00000225735
HGNC:39650	ENSG00000264359
HGNC:39651	ENSG00000270754
HGNC:39652	ENSG00000237731
HGNC:39653	ENSG00000227874
HGNC:39654	ENSG00000235992
HGNC:39655	ENSG00000236097
HGNC:39656	ENSG00000265631
HGNC:39657	ENSG00000271225
HGNC:39658	ENSG00000260571
HGNC:39659	ENSG00000257356
HGNC:39660	ENSG00000233469
HGNC:39661	ENSG00000233662
HGNC:39662	ENSG00000240800
HGNC:39663	ENSG00000229800
HGNC:39664	ENSG00000225777
HGNC:39665	ENSG00000229786
HGNC:39666	ENSG00000225501
HGNC:39667	ENSG00000235627
HGNC:39668	ENSG00000230397
HGNC:39669	ENSG00000218512
HGNC:39670	ENSG00000219940
HGNC:39671	ENSG00000232678
HGNC:39672	ENSG00000227922
HGNC:39673	ENSG00000223553
HGNC:39674	ENSG00000229147
HGNC:39675	ENSG00000235879
HGNC:39676	ENSG00000230931
HGNC:39677	ENSG00000224860
HGNC:39678	ENSG00000215418
HGNC:39679	ENSG00000227969
HGNC:3968	ENSG00000102384
HGNC:39680	ENSG00000227254
HGNC:39681	ENSG00000232102
HGNC:39682	ENSG00000229456
HGNC:39683	ENSG00000237278
HGNC:39686	ENSG00000226361
HGNC:39687	ENSG00000235550
HGNC:39689	ENSG00000237636
HGNC:3969	ENSG00000170820
HGNC:39690	ENSG00000229427
HGNC:39694	ENSG00000232489
HGNC:39695	ENSG00000213411
HGNC:39696	ENSG00000226485
HGNC:39697	ENSG00000277769
HGNC:39698	ENSG00000231137
HGNC:39699	ENSG00000275643
HGNC:397	ENSG00000158578
HGNC:39700	ENSG00000223395
HGNC:39705	ENSG00000223782
HGNC:39706	ENSG00000230256
HGNC:39707	ENSG00000226695
HGNC:39708	ENSG00000214823
HGNC:39709	ENSG00000226683
HGNC:3971	ENSG00000134363
HGNC:39710	ENSG00000237099
HGNC:39711	ENSG00000231095
HGNC:39712	ENSG00000251633
HGNC:39714	ENSG00000225944
HGNC:39715	ENSG00000228797
HGNC:39716	ENSG00000269099
HGNC:39717	ENSG00000240665
HGNC:39718	ENSG00000162685
HGNC:39719	ENSG00000234152
HGNC:3972	ENSG00000163430
HGNC:39720	ENSG00000255262
HGNC:39721	ENSG00000232285
HGNC:39722	ENSG00000234167
HGNC:39723	ENSG00000234706
HGNC:39724	ENSG00000271026
HGNC:39725	ENSG00000237637
HGNC:39726	ENSG00000228825
HGNC:39727	ENSG00000248979
HGNC:39729	ENSG00000229473
HGNC:3973	ENSG00000070404
HGNC:39731	ENSG00000225215
HGNC:39732	ENSG00000226309
HGNC:39733	ENSG00000259102
HGNC:39734	ENSG00000230793
HGNC:39735	ENSG00000253650
HGNC:39737	ENSG00000214465
HGNC:39738	ENSG00000234145
HGNC:39739	ENSG00000224816
HGNC:3974	ENSG00000160282
HGNC:39740	ENSG00000177173
HGNC:39742	ENSG00000224451
HGNC:39743	ENSG00000214342
HGNC:39744	ENSG00000214003
HGNC:39745	ENSG00000214025
HGNC:39746	ENSG00000254944
HGNC:39747	ENSG00000219806
HGNC:39748	ENSG00000261424
HGNC:39749	ENSG00000274316
HGNC:39751	ENSG00000237080
HGNC:39752	ENSG00000229776
HGNC:39753	ENSG00000233627
HGNC:39755	ENSG00000261272
HGNC:39756	ENSG00000225914
HGNC:39757	ENSG00000230174
HGNC:39758	ENSG00000204261
HGNC:3976	ENSG00000167996
HGNC:39760	ENSG00000235781
HGNC:39761	ENSG00000231226
HGNC:39762	ENSG00000223534
HGNC:39764	ENSG00000224328
HGNC:39765	ENSG00000254507
HGNC:39766	ENSG00000237923
HGNC:39767	ENSG00000227198
HGNC:39769	ENSG00000229310
HGNC:39770	ENSG00000271190
HGNC:39771	ENSG00000234006
HGNC:39772	ENSG00000214653
HGNC:39773	ENSG00000226068
HGNC:39774	ENSG00000236565
HGNC:39775	ENSG00000255460
HGNC:39776	ENSG00000232380
HGNC:39777	ENSG00000213781
HGNC:39778	ENSG00000231244
HGNC:39779	ENSG00000248781
HGNC:3978	ENSG00000144908
HGNC:39780	ENSG00000250273
HGNC:39781	ENSG00000240255
HGNC:39782	ENSG00000243838
HGNC:39783	ENSG00000256896
HGNC:39784	ENSG00000255993
HGNC:39785	ENSG00000236348
HGNC:39786	ENSG00000217385
HGNC:39787	ENSG00000226126
HGNC:39788	ENSG00000232314
HGNC:3979	ENSG00000232273
HGNC:39791	ENSG00000225801
HGNC:39794	ENSG00000270492
HGNC:39795	ENSG00000250372
HGNC:39796	ENSG00000248834
HGNC:39797	ENSG00000242062
HGNC:39799	ENSG00000239503
HGNC:3980	ENSG00000223361
HGNC:39800	ENSG00000232709
HGNC:39801	ENSG00000227284
HGNC:39802	ENSG00000253743
HGNC:39803	ENSG00000229708
HGNC:39804	ENSG00000228815
HGNC:39805	ENSG00000227354
HGNC:39807	ENSG00000227640
HGNC:39808	ENSG00000247400
HGNC:39809	ENSG00000233273
HGNC:3981	ENSG00000237264
HGNC:39811	ENSG00000231981
HGNC:39812	ENSG00000238241
HGNC:39814	ENSG00000233050
HGNC:39815	ENSG00000232087
HGNC:39816	ENSG00000227352
HGNC:39818	ENSG00000250308
HGNC:39819	ENSG00000238040
HGNC:3982	ENSG00000213362
HGNC:39822	ENSG00000231915
HGNC:39823	ENSG00000231280
HGNC:39824	ENSG00000235663
HGNC:39825	ENSG00000235280
HGNC:39826	ENSG00000233695
HGNC:39828	ENSG00000266605
HGNC:39829	ENSG00000233905
HGNC:3983	ENSG00000258960
HGNC:39830	ENSG00000265296
HGNC:39831	ENSG00000217770
HGNC:39832	ENSG00000235876
HGNC:39834	ENSG00000204718
HGNC:39835	ENSG00000229558
HGNC:39837	ENSG00000232951
HGNC:39838	ENSG00000225674
HGNC:39839	ENSG00000205861
HGNC:39841	ENSG00000237001
HGNC:39843	ENSG00000237164
HGNC:39844	ENSG00000251299
HGNC:39845	ENSG00000273872
HGNC:39846	ENSG00000249288
HGNC:39848	ENSG00000238213
HGNC:39849	ENSG00000224821
HGNC:3985	ENSG00000218980
HGNC:39850	ENSG00000227952
HGNC:39851	ENSG00000251106
HGNC:39852	ENSG00000230474
HGNC:39853	ENSG00000224351
HGNC:39854	ENSG00000177770
HGNC:39855	ENSG00000145835
HGNC:39856	ENSG00000226118
HGNC:39857	ENSG00000232391
HGNC:39858	ENSG00000254500
HGNC:39859	ENSG00000225125
HGNC:3986	ENSG00000227376
HGNC:39860	ENSG00000228054
HGNC:39861	ENSG00000213370
HGNC:39862	ENSG00000226183
HGNC:39863	ENSG00000233524
HGNC:39864	ENSG00000253393
HGNC:39865	ENSG00000250148
HGNC:39866	ENSG00000250221
HGNC:39867	ENSG00000250539
HGNC:39868	ENSG00000264663
HGNC:39869	ENSG00000242841
HGNC:3987	ENSG00000132446
HGNC:39870	ENSG00000240668
HGNC:39871	ENSG00000213771
HGNC:39872	ENSG00000226358
HGNC:39873	ENSG00000233560
HGNC:39874	ENSG00000213069
HGNC:39875	ENSG00000213538
HGNC:39876	ENSG00000220378
HGNC:39877	ENSG00000218186
HGNC:39878	ENSG00000227913
HGNC:39879	ENSG00000224520
HGNC:3988	ENSG00000243048
HGNC:39880	ENSG00000248971
HGNC:39882	ENSG00000233782
HGNC:39883	ENSG00000213137
HGNC:39884	ENSG00000253885
HGNC:39886	ENSG00000235984
HGNC:39887	ENSG00000232885
HGNC:39889	ENSG00000233613
HGNC:3989	ENSG00000234975
HGNC:39890	ENSG00000202347
HGNC:39891	ENSG00000229152
HGNC:39893	ENSG00000234303
HGNC:39894	ENSG00000227659
HGNC:39895	ENSG00000224347
HGNC:39896	ENSG00000228842
HGNC:39897	ENSG00000234527
HGNC:39898	ENSG00000235903
HGNC:399	ENSG00000163631
HGNC:3990	ENSG00000213453
HGNC:39900	ENSG00000236953
HGNC:39901	ENSG00000234650
HGNC:39902	ENSG00000226633
HGNC:39903	ENSG00000226525
HGNC:39904	ENSG00000237175
HGNC:39905	ENSG00000227213
HGNC:39906	ENSG00000240868
HGNC:39907	ENSG00000223392
HGNC:39909	ENSG00000236520
HGNC:3991	ENSG00000242992
HGNC:39910	ENSG00000224394
HGNC:39912	ENSG00000233851
HGNC:39913	ENSG00000236242
HGNC:39914	ENSG00000229938
HGNC:39915	ENSG00000227528
HGNC:39916	ENSG00000223815
HGNC:39917	ENSG00000225083
HGNC:39918	ENSG00000231300
HGNC:39919	ENSG00000278486
HGNC:39920	ENSG00000236745
HGNC:39921	ENSG00000230859
HGNC:39922	ENSG00000227406
HGNC:39923	ENSG00000226406
HGNC:39924	ENSG00000213423
HGNC:39925	ENSG00000223575
HGNC:39926	ENSG00000230879
HGNC:39927	ENSG00000227087
HGNC:39928	ENSG00000236900
HGNC:39929	ENSG00000232608
HGNC:39930	ENSG00000232786
HGNC:39932	ENSG00000261485
HGNC:39933	ENSG00000120664
HGNC:39935	ENSG00000224418
HGNC:39937	ENSG00000225510
HGNC:39938	ENSG00000232487
HGNC:3994	ENSG00000232187
HGNC:39940	ENSG00000267392
HGNC:39941	ENSG00000256671
HGNC:39943	ENSG00000267241
HGNC:39944	ENSG00000269516
HGNC:39945	ENSG00000267594
HGNC:39946	ENSG00000248313
HGNC:39947	ENSG00000274628
HGNC:39948	ENSG00000226562
HGNC:39949	ENSG00000224106
HGNC:3995	ENSG00000219507
HGNC:39951	ENSG00000223564
HGNC:39952	ENSG00000273036
HGNC:39953	ENSG00000244155
HGNC:39954	ENSG00000265787
HGNC:39956	ENSG00000239402
HGNC:39957	ENSG00000253748
HGNC:39958	ENSG00000224965
HGNC:39959	ENSG00000213877
HGNC:3996	ENSG00000230204
HGNC:39960	ENSG00000234239
HGNC:39961	ENSG00000232162
HGNC:39962	ENSG00000230641
HGNC:39963	ENSG00000236711
HGNC:39964	ENSG00000225350
HGNC:39965	ENSG00000227848
HGNC:39967	ENSG00000233672
HGNC:39968	ENSG00000228024
HGNC:39969	ENSG00000235199
HGNC:3997	ENSG00000249013
HGNC:39970	ENSG00000283232
HGNC:39971	ENSG00000229641
HGNC:39972	ENSG00000270648
HGNC:39975	ENSG00000233441
HGNC:39976	ENSG00000216998
HGNC:39977	ENSG00000254788
HGNC:39978	ENSG00000255245
HGNC:39979	ENSG00000064489
HGNC:39980	ENSG00000259832
HGNC:39982	ENSG00000245112
HGNC:39983	ENSG00000231749
HGNC:39984	ENSG00000250600
HGNC:39985	ENSG00000237990
HGNC:39986	ENSG00000227588
HGNC:39987	ENSG00000235593
HGNC:39988	ENSG00000203506
HGNC:39989	ENSG00000235904
HGNC:3999	ENSG00000087086
HGNC:39990	ENSG00000255660
HGNC:39991	ENSG00000256650
HGNC:39993	ENSG00000256007
HGNC:39994	ENSG00000245148
HGNC:39999	ENSG00000223843
HGNC:40	ENSG00000085563
HGNC:400	ENSG00000170017
HGNC:4000	ENSG00000226608
HGNC:40000	ENSG00000244142
HGNC:40001	ENSG00000213435
HGNC:40002	ENSG00000284138
HGNC:40003	ENSG00000197927
HGNC:40004	ENSG00000223875
HGNC:40005	ENSG00000231889
HGNC:40006	ENSG00000248476
HGNC:40007	ENSG00000228817
HGNC:40008	ENSG00000232118
HGNC:40009	ENSG00000258883
HGNC:4001	ENSG00000232368
HGNC:40010	ENSG00000277710
HGNC:40011	ENSG00000285990
HGNC:40013	ENSG00000235512
HGNC:40014	ENSG00000226627
HGNC:40015	ENSG00000236262
HGNC:40016	ENSG00000254902
HGNC:40017	ENSG00000227850
HGNC:40018	ENSG00000253541
HGNC:40019	ENSG00000257125
HGNC:40020	ENSG00000237330
HGNC:40021	ENSG00000243749
HGNC:40022	ENSG00000244242
HGNC:40023	ENSG00000205693
HGNC:40024	ENSG00000227059
HGNC:40026	ENSG00000226174
HGNC:40027	ENSG00000230778
HGNC:40028	ENSG00000246922
HGNC:40030	ENSG00000204323
HGNC:40031	ENSG00000205832
HGNC:40032	ENSG00000259120
HGNC:40033	ENSG00000260456
HGNC:40034	ENSG00000204913
HGNC:40037	ENSG00000206043
HGNC:40038	ENSG00000229833
HGNC:40039	ENSG00000249861
HGNC:4004	ENSG00000162613
HGNC:40040	ENSG00000216588
HGNC:40041	ENSG00000235034
HGNC:40042	ENSG00000233493
HGNC:40043	ENSG00000270898
HGNC:40044	ENSG00000198326
HGNC:40045	ENSG00000232838
HGNC:40046	ENSG00000188681
HGNC:40047	ENSG00000214491
HGNC:40048	ENSG00000180044
HGNC:40049	ENSG00000205835
HGNC:4005	ENSG00000107164
HGNC:40050	ENSG00000234602
HGNC:40051	ENSG00000164241
HGNC:40053	ENSG00000225180
HGNC:40055	ENSG00000223882
HGNC:40058	ENSG00000236666
HGNC:4006	ENSG00000179163
HGNC:4007	ENSG00000237053
HGNC:40076	ENSG00000248152
HGNC:40078	ENSG00000237331
HGNC:40079	ENSG00000235910
HGNC:4008	ENSG00000001036
HGNC:40082	ENSG00000224276
HGNC:40083	ENSG00000240198
HGNC:40085	ENSG00000229851
HGNC:40088	ENSG00000244124
HGNC:40089	ENSG00000235335
HGNC:40090	ENSG00000240254
HGNC:40091	ENSG00000240175
HGNC:40093	ENSG00000224093
HGNC:40095	ENSG00000236559
HGNC:40096	ENSG00000235032
HGNC:40098	ENSG00000231441
HGNC:4010	ENSG00000089280
HGNC:40102	ENSG00000235120
HGNC:40103	ENSG00000256862
HGNC:40104	ENSG00000236677
HGNC:40106	ENSG00000227256
HGNC:40108	ENSG00000232623
HGNC:40111	ENSG00000230319
HGNC:40112	ENSG00000224875
HGNC:40116	ENSG00000256025
HGNC:40117	ENSG00000256769
HGNC:40118	ENSG00000256271
HGNC:40119	ENSG00000246627
HGNC:4012	ENSG00000174951
HGNC:40120	ENSG00000223770
HGNC:40125	ENSG00000247473
HGNC:40126	ENSG00000233033
HGNC:4013	ENSG00000176920
HGNC:40130	ENSG00000224043
HGNC:40133	ENSG00000255443
HGNC:4014	ENSG00000171124
HGNC:40141	ENSG00000237819
HGNC:40142	ENSG00000236336
HGNC:40143	ENSG00000230155
HGNC:40144	ENSG00000232661
HGNC:40146	ENSG00000205559
HGNC:40147	ENSG00000224318
HGNC:40148	ENSG00000234661
HGNC:40149	ENSG00000235669
HGNC:4015	ENSG00000196371
HGNC:40150	ENSG00000234601
HGNC:40154	ENSG00000235790
HGNC:40155	ENSG00000224574
HGNC:40156	ENSG00000232814
HGNC:4016	ENSG00000130383
HGNC:40160	ENSG00000236911
HGNC:40162	ENSG00000234636
HGNC:40163	ENSG00000249835
HGNC:40164	ENSG00000227220
HGNC:40165	ENSG00000229385
HGNC:40168	ENSG00000235027
HGNC:4017	ENSG00000156413
HGNC:40170	ENSG00000231890
HGNC:40171	ENSG00000226122
HGNC:40177	ENSG00000246422
HGNC:40179	ENSG00000255311
HGNC:4018	ENSG00000180549
HGNC:40182	ENSG00000231651
HGNC:40185	ENSG00000236828
HGNC:40188	ENSG00000231150
HGNC:40189	ENSG00000232010
HGNC:4019	ENSG00000033170
HGNC:40191	ENSG00000230918
HGNC:40195	ENSG00000232878
HGNC:40196	ENSG00000235777
HGNC:40197	ENSG00000235123
HGNC:40198	ENSG00000224220
HGNC:40199	ENSG00000237605
HGNC:402	ENSG00000165092
HGNC:4020	ENSG00000172461
HGNC:40203	ENSG00000231105
HGNC:40204	ENSG00000250320
HGNC:40205	ENSG00000233246
HGNC:40206	ENSG00000229862
HGNC:40207	ENSG00000224057
HGNC:40208	ENSG00000225037
HGNC:40209	ENSG00000230215
HGNC:4021	ENSG00000119537
HGNC:40210	ENSG00000237337
HGNC:40211	ENSG00000234678
HGNC:40212	ENSG00000232415
HGNC:40214	ENSG00000230679
HGNC:40216	ENSG00000227959
HGNC:40219	ENSG00000227070
HGNC:4022	ENSG00000132286
HGNC:40220	ENSG00000233847
HGNC:40222	ENSG00000234197
HGNC:40223	ENSG00000253405
HGNC:40225	ENSG00000231882
HGNC:40226	ENSG00000247699
HGNC:40227	ENSG00000234193
HGNC:40228	ENSG00000225767
HGNC:40229	ENSG00000231194
HGNC:4023	ENSG00000114416
HGNC:40234	ENSG00000231383
HGNC:40235	ENSG00000230126
HGNC:40236	ENSG00000226709
HGNC:40237	ENSG00000234445
HGNC:40239	ENSG00000244161
HGNC:4024	ENSG00000129245
HGNC:40241	ENSG00000230798
HGNC:40242	ENSG00000225602
HGNC:40243	ENSG00000237338
HGNC:40244	ENSG00000250218
HGNC:40248	ENSG00000253403
HGNC:40249	ENSG00000228740
HGNC:4025	ENSG00000266964
HGNC:40255	ENSG00000243055
HGNC:40259	ENSG00000234696
HGNC:4026	ENSG00000137731
HGNC:40264	ENSG00000233073
HGNC:40265	ENSG00000255082
HGNC:40266	ENSG00000237665
HGNC:40267	ENSG00000236202
HGNC:40268	ENSG00000236340
HGNC:40269	ENSG00000234945
HGNC:4027	ENSG00000089356
HGNC:40270	ENSG00000235483
HGNC:40271	ENSG00000245322
HGNC:40273	ENSG00000235802
HGNC:40277	ENSG00000226088
HGNC:40278	ENSG00000235029
HGNC:4028	ENSG00000150201
HGNC:40281	ENSG00000253187
HGNC:40283	ENSG00000233101
HGNC:40284	ENSG00000239552
HGNC:40285	ENSG00000242207
HGNC:40289	ENSG00000224517
HGNC:4029	ENSG00000089327
HGNC:40290	ENSG00000146666
HGNC:40292	ENSG00000231908
HGNC:40294	ENSG00000220925
HGNC:40295	ENSG00000203588
HGNC:40296	ENSG00000245067
HGNC:40298	ENSG00000249407
HGNC:40299	ENSG00000227145
HGNC:403	ENSG00000072210
HGNC:4030	ENSG00000137726
HGNC:40301	ENSG00000179428
HGNC:40303	ENSG00000224116
HGNC:40304	ENSG00000230955
HGNC:40305	ENSG00000249116
HGNC:40306	ENSG00000249899
HGNC:40308	ENSG00000232788
HGNC:40309	ENSG00000244286
HGNC:4031	ENSG00000270762
HGNC:40310	ENSG00000239799
HGNC:40312	ENSG00000228548
HGNC:40314	ENSG00000235488
HGNC:40315	ENSG00000240596
HGNC:40316	ENSG00000242370
HGNC:40317	ENSG00000237556
HGNC:40319	ENSG00000235760
HGNC:4032	ENSG00000235964
HGNC:40320	ENSG00000253647
HGNC:40321	ENSG00000226390
HGNC:40323	ENSG00000229154
HGNC:40324	ENSG00000227495
HGNC:40325	ENSG00000231079
HGNC:40328	ENSG00000249085
HGNC:40333	ENSG00000226440
HGNC:40334	ENSG00000228812
HGNC:40336	ENSG00000224973
HGNC:40337	ENSG00000226806
HGNC:40339	ENSG00000232021
HGNC:4034	ENSG00000221946
HGNC:40340	ENSG00000223776
HGNC:40341	ENSG00000226869
HGNC:40342	ENSG00000228763
HGNC:40343	ENSG00000224702
HGNC:40344	ENSG00000238022
HGNC:40345	ENSG00000250930
HGNC:40346	ENSG00000224563
HGNC:4035	ENSG00000213088
HGNC:40350	ENSG00000240922
HGNC:40351	ENSG00000241397
HGNC:40352	ENSG00000242385
HGNC:40354	ENSG00000256746
HGNC:40355	ENSG00000233850
HGNC:40358	ENSG00000234263
HGNC:40359	ENSG00000250062
HGNC:4036	ENSG00000082074
HGNC:40362	ENSG00000205500
HGNC:40364	ENSG00000186056
HGNC:40366	ENSG00000243368
HGNC:40368	ENSG00000241479
HGNC:40369	ENSG00000226819
HGNC:4037	ENSG00000010810
HGNC:40370	ENSG00000230749
HGNC:40373	ENSG00000228109
HGNC:40374	ENSG00000236753
HGNC:40375	ENSG00000225526
HGNC:40376	ENSG00000240666
HGNC:40377	ENSG00000239314
HGNC:40379	ENSG00000233223
HGNC:4038	ENSG00000157240
HGNC:40382	ENSG00000227053
HGNC:40383	ENSG00000228318
HGNC:40384	ENSG00000228323
HGNC:40385	ENSG00000232220
HGNC:40386	ENSG00000236546
HGNC:40387	ENSG00000250174
HGNC:4039	ENSG00000111432
HGNC:40392	ENSG00000225578
HGNC:40393	ENSG00000183822
HGNC:40395	ENSG00000236276
HGNC:40396	ENSG00000240889
HGNC:404	ENSG00000111275
HGNC:4040	ENSG00000180340
HGNC:40401	ENSG00000237928
HGNC:40402	ENSG00000237853
HGNC:40403	ENSG00000230020
HGNC:40405	ENSG00000177406
HGNC:40406	ENSG00000236822
HGNC:40407	ENSG00000224846
HGNC:40408	ENSG00000230140
HGNC:4041	ENSG00000104290
HGNC:40410	ENSG00000225733
HGNC:40415	ENSG00000225216
HGNC:40416	ENSG00000237410
HGNC:40419	ENSG00000235191
HGNC:4042	ENSG00000174804
HGNC:40421	ENSG00000224855
HGNC:40423	ENSG00000248668
HGNC:40424	ENSG00000228060
HGNC:40425	ENSG00000233693
HGNC:40426	ENSG00000205424
HGNC:40427	ENSG00000225263
HGNC:40428	ENSG00000233840
HGNC:4043	ENSG00000163251
HGNC:40430	ENSG00000224729
HGNC:40431	ENSG00000236836
HGNC:40432	ENSG00000229739
HGNC:40433	ENSG00000229941
HGNC:40434	ENSG00000256633
HGNC:40435	ENSG00000255808
HGNC:40436	ENSG00000256879
HGNC:40437	ENSG00000227466
HGNC:40438	ENSG00000242686
HGNC:4044	ENSG00000164930
HGNC:40440	ENSG00000225731
HGNC:40441	ENSG00000225205
HGNC:40445	ENSG00000224204
HGNC:40446	ENSG00000231944
HGNC:40449	ENSG00000226441
HGNC:4045	ENSG00000155760
HGNC:40450	ENSG00000226648
HGNC:40451	ENSG00000239641
HGNC:40454	ENSG00000232725
HGNC:40456	ENSG00000230337
HGNC:40457	ENSG00000250467
HGNC:40459	ENSG00000203362
HGNC:4046	ENSG00000177283
HGNC:40463	ENSG00000237221
HGNC:40464	ENSG00000249996
HGNC:40467	ENSG00000242048
HGNC:40468	ENSG00000239911
HGNC:40469	ENSG00000229380
HGNC:4047	ENSG00000188763
HGNC:40470	ENSG00000237181
HGNC:40471	ENSG00000224424
HGNC:40472	ENSG00000243193
HGNC:40474	ENSG00000228481
HGNC:40477	ENSG00000182873
HGNC:40478	ENSG00000251059
HGNC:40479	ENSG00000236188
HGNC:40480	ENSG00000243410
HGNC:40484	ENSG00000227945
HGNC:40488	ENSG00000233038
HGNC:40491	ENSG00000227599
HGNC:40495	ENSG00000223442
HGNC:40496	ENSG00000237328
HGNC:40499	ENSG00000251450
HGNC:405	ENSG00000108602
HGNC:40501	ENSG00000232912
HGNC:40503	ENSG00000237976
HGNC:40504	ENSG00000232892
HGNC:40508	ENSG00000223949
HGNC:40510	ENSG00000232485
HGNC:40511	ENSG00000231654
HGNC:40512	ENSG00000255276
HGNC:40513	ENSG00000229162
HGNC:40514	ENSG00000239608
HGNC:40515	ENSG00000229931
HGNC:40516	ENSG00000231013
HGNC:40517	ENSG00000233766
HGNC:40518	ENSG00000235016
HGNC:40521	ENSG00000224192
HGNC:40524	ENSG00000241818
HGNC:40525	ENSG00000233360
HGNC:40526	ENSG00000244265
HGNC:40528	ENSG00000236200
HGNC:40529	ENSG00000229444
HGNC:4053	ENSG00000187608
HGNC:40530	ENSG00000228082
HGNC:40532	ENSG00000236502
HGNC:40533	ENSG00000237054
HGNC:40534	ENSG00000255004
HGNC:40535	ENSG00000255542
HGNC:40537	ENSG00000232803
HGNC:40538	ENSG00000233006
HGNC:4054	ENSG00000126709
HGNC:40540	ENSG00000179447
HGNC:40546	ENSG00000232287
HGNC:40548	ENSG00000256577
HGNC:4055	ENSG00000196419
HGNC:40550	ENSG00000225138
HGNC:40551	ENSG00000254042
HGNC:40553	ENSG00000248222
HGNC:40554	ENSG00000239718
HGNC:40555	ENSG00000235042
HGNC:40558	ENSG00000236519
HGNC:4056	ENSG00000131482
HGNC:40562	ENSG00000228108
HGNC:40563	ENSG00000238018
HGNC:40564	ENSG00000254003
HGNC:40568	ENSG00000228661
HGNC:40569	ENSG00000236054
HGNC:4057	ENSG00000160211
HGNC:40571	ENSG00000237341
HGNC:40572	ENSG00000226862
HGNC:40573	ENSG00000225265
HGNC:40575	ENSG00000224467
HGNC:40576	ENSG00000229893
HGNC:40578	ENSG00000203288
HGNC:40579	ENSG00000229950
HGNC:40581	ENSG00000234695
HGNC:40582	ENSG00000231064
HGNC:40583	ENSG00000249825
HGNC:40585	ENSG00000253563
HGNC:40586	ENSG00000240373
HGNC:40587	ENSG00000240541
HGNC:40589	ENSG00000223923
HGNC:40590	ENSG00000227589
HGNC:40591	ENSG00000235131
HGNC:40592	ENSG00000235535
HGNC:40593	ENSG00000204025
HGNC:40595	ENSG00000228677
HGNC:40598	ENSG00000223791
HGNC:40599	ENSG00000236153
HGNC:406	ENSG00000159423
HGNC:40600	ENSG00000251173
HGNC:40601	ENSG00000249348
HGNC:40603	ENSG00000226510
HGNC:40605	ENSG00000233620
HGNC:40606	ENSG00000236292
HGNC:40608	ENSG00000230489
HGNC:40609	ENSG00000233893
HGNC:4061	ENSG00000137700
HGNC:40610	ENSG00000232354
HGNC:40612	ENSG00000231365
HGNC:40614	ENSG00000238141
HGNC:40616	ENSG00000244586
HGNC:40617	ENSG00000234230
HGNC:40618	ENSG00000237259
HGNC:40620	ENSG00000233509
HGNC:40623	ENSG00000234327
HGNC:40624	ENSG00000227409
HGNC:40625	ENSG00000241158
HGNC:40629	ENSG00000254862
HGNC:40631	ENSG00000237138
HGNC:40633	ENSG00000236272
HGNC:40635	ENSG00000203527
HGNC:40636	ENSG00000250413
HGNC:40639	ENSG00000203307
HGNC:40640	ENSG00000241560
HGNC:40641	ENSG00000230046
HGNC:40645	ENSG00000232684
HGNC:40648	ENSG00000226482
HGNC:4065	ENSG00000171298
HGNC:40650	ENSG00000255390
HGNC:40656	ENSG00000249509
HGNC:40657	ENSG00000236795
HGNC:40659	ENSG00000236388
HGNC:4066	ENSG00000109458
HGNC:40664	ENSG00000226522
HGNC:4067	ENSG00000170296
HGNC:40672	ENSG00000229918
HGNC:40676	ENSG00000228213
HGNC:40679	ENSG00000254552
HGNC:4068	ENSG00000139112
HGNC:40681	ENSG00000232564
HGNC:40683	ENSG00000249252
HGNC:40685	ENSG00000229452
HGNC:40687	ENSG00000224509
HGNC:40688	ENSG00000231851
HGNC:40689	ENSG00000237133
HGNC:4069	ENSG00000238244
HGNC:40690	ENSG00000236861
HGNC:40691	ENSG00000228231
HGNC:40695	ENSG00000237058
HGNC:40696	ENSG00000236197
HGNC:40699	ENSG00000236324
HGNC:407	ENSG00000137124
HGNC:4070	ENSG00000204681
HGNC:40700	ENSG00000237017
HGNC:40701	ENSG00000234478
HGNC:40702	ENSG00000243715
HGNC:40705	ENSG00000226696
HGNC:40706	ENSG00000255992
HGNC:40708	ENSG00000226876
HGNC:4071	ENSG00000154727
HGNC:40710	ENSG00000253591
HGNC:40713	ENSG00000231898
HGNC:40717	ENSG00000235875
HGNC:40718	ENSG00000254760
HGNC:40719	ENSG00000255441
HGNC:4072	ENSG00000235720
HGNC:40720	ENSG00000233338
HGNC:40722	ENSG00000229780
HGNC:40724	ENSG00000229873
HGNC:40725	ENSG00000218018
HGNC:40727	ENSG00000238194
HGNC:40728	ENSG00000236526
HGNC:40731	ENSG00000243810
HGNC:40732	ENSG00000229539
HGNC:40734	ENSG00000234832
HGNC:40738	ENSG00000232832
HGNC:4074	ENSG00000104064
HGNC:40740	ENSG00000255043
HGNC:40741	ENSG00000254622
HGNC:40742	ENSG00000254542
HGNC:40743	ENSG00000254453
HGNC:40744	ENSG00000254894
HGNC:40745	ENSG00000203446
HGNC:4075	ENSG00000022355
HGNC:40750	ENSG00000227274
HGNC:40751	ENSG00000248256
HGNC:40752	ENSG00000229299
HGNC:40753	ENSG00000231208
HGNC:40754	ENSG00000225988
HGNC:40759	ENSG00000213742
HGNC:4076	ENSG00000151834
HGNC:40760	ENSG00000234693
HGNC:40762	ENSG00000233993
HGNC:40764	ENSG00000250900
HGNC:40765	ENSG00000224101
HGNC:40766	ENSG00000237286
HGNC:40767	ENSG00000232490
HGNC:40769	ENSG00000254451
HGNC:4077	ENSG00000011677
HGNC:40772	ENSG00000223548
HGNC:40774	ENSG00000241359
HGNC:40777	ENSG00000239877
HGNC:4078	ENSG00000109158
HGNC:40780	ENSG00000250095
HGNC:40785	ENSG00000230830
HGNC:40788	ENSG00000232959
HGNC:40789	ENSG00000249623
HGNC:4079	ENSG00000186297
HGNC:40792	ENSG00000226272
HGNC:40793	ENSG00000234577
HGNC:40796	ENSG00000232455
HGNC:40797	ENSG00000249421
HGNC:40798	ENSG00000224903
HGNC:408	ENSG00000112294
HGNC:4080	ENSG00000145863
HGNC:40802	ENSG00000227660
HGNC:40803	ENSG00000236591
HGNC:40807	ENSG00000236305
HGNC:4081	ENSG00000163288
HGNC:40812	ENSG00000225670
HGNC:40813	ENSG00000242242
HGNC:40814	ENSG00000239677
HGNC:40816	ENSG00000250116
HGNC:4082	ENSG00000145864
HGNC:40820	ENSG00000227646
HGNC:40823	ENSG00000224699
HGNC:40825	ENSG00000231663
HGNC:40827	ENSG00000204685
HGNC:40828	ENSG00000239445
HGNC:4083	ENSG00000166206
HGNC:40830	ENSG00000235033
HGNC:40831	ENSG00000231933
HGNC:40833	ENSG00000224666
HGNC:40835	ENSG00000234707
HGNC:40837	ENSG00000228124
HGNC:40839	ENSG00000230408
HGNC:4084	ENSG00000187730
HGNC:40843	ENSG00000237919
HGNC:40844	ENSG00000232132
HGNC:40845	ENSG00000239569
HGNC:40846	ENSG00000250309
HGNC:40847	ENSG00000235513
HGNC:40848	ENSG00000225342
HGNC:40849	ENSG00000235397
HGNC:4085	ENSG00000102287
HGNC:40850	ENSG00000242522
HGNC:40851	ENSG00000261664
HGNC:40852	ENSG00000233108
HGNC:40854	ENSG00000237365
HGNC:40855	ENSG00000237728
HGNC:40856	ENSG00000225126
HGNC:40858	ENSG00000237750
HGNC:4086	ENSG00000163285
HGNC:40860	ENSG00000251276
HGNC:40861	ENSG00000226978
HGNC:40862	ENSG00000234456
HGNC:40864	ENSG00000225730
HGNC:40865	ENSG00000229666
HGNC:40866	ENSG00000250801
HGNC:40868	ENSG00000244502
HGNC:4087	ENSG00000113327
HGNC:40870	ENSG00000235849
HGNC:40871	ENSG00000225437
HGNC:40873	ENSG00000236581
HGNC:40876	ENSG00000225572
HGNC:40879	ENSG00000240005
HGNC:4088	ENSG00000182256
HGNC:40882	ENSG00000231163
HGNC:40883	ENSG00000236708
HGNC:40886	ENSG00000225764
HGNC:40888	ENSG00000224086
HGNC:40889	ENSG00000234653
HGNC:4089	ENSG00000094755
HGNC:40890	ENSG00000235058
HGNC:40892	ENSG00000231871
HGNC:40893	ENSG00000228917
HGNC:40895	ENSG00000237781
HGNC:40898	ENSG00000224808
HGNC:40899	ENSG00000228723
HGNC:409	ENSG00000184254
HGNC:4090	ENSG00000146276
HGNC:40900	ENSG00000227929
HGNC:40902	ENSG00000230806
HGNC:40903	ENSG00000244945
HGNC:40904	ENSG00000230442
HGNC:40907	ENSG00000241457
HGNC:40908	ENSG00000229431
HGNC:40909	ENSG00000256262
HGNC:4091	ENSG00000111886
HGNC:40910	ENSG00000279170
HGNC:40912	ENSG00000227729
HGNC:40914	ENSG00000248192
HGNC:40916	ENSG00000241572
HGNC:40917	ENSG00000241101
HGNC:40918	ENSG00000226017
HGNC:4092	ENSG00000128683
HGNC:40920	ENSG00000241202
HGNC:40923	ENSG00000236758
HGNC:40924	ENSG00000179141
HGNC:40925	ENSG00000225891
HGNC:40928	ENSG00000240012
HGNC:40929	ENSG00000244493
HGNC:4093	ENSG00000136750
HGNC:40932	ENSG00000238123
HGNC:40934	ENSG00000254855
HGNC:40935	ENSG00000251260
HGNC:40936	ENSG00000248211
HGNC:40937	ENSG00000250947
HGNC:40939	ENSG00000231538
HGNC:40940	ENSG00000235717
HGNC:40941	ENSG00000235026
HGNC:40943	ENSG00000235740
HGNC:40947	ENSG00000225177
HGNC:40949	ENSG00000231758
HGNC:4095	ENSG00000116717
HGNC:40954	ENSG00000232131
HGNC:40955	ENSG00000224349
HGNC:40956	ENSG00000237786
HGNC:40957	ENSG00000232160
HGNC:40958	ENSG00000228506
HGNC:40959	ENSG00000226533
HGNC:4096	ENSG00000099860
HGNC:40960	ENSG00000227432
HGNC:40963	ENSG00000235050
HGNC:40967	ENSG00000236345
HGNC:4097	ENSG00000130222
HGNC:40971	ENSG00000244158
HGNC:40978	ENSG00000231646
HGNC:40979	ENSG00000224122
HGNC:4098	ENSG00000205777
HGNC:40988	ENSG00000231840
HGNC:4099	ENSG00000189064
HGNC:40990	ENSG00000227014
HGNC:41	ENSG00000135776
HGNC:410	ENSG00000006534
HGNC:41001	ENSG00000230316
HGNC:41004	ENSG00000248996
HGNC:41007	ENSG00000233797
HGNC:41008	ENSG00000230290
HGNC:41009	ENSG00000253559
HGNC:41013	ENSG00000230513
HGNC:41014	ENSG00000230292
HGNC:41015	ENSG00000226779
HGNC:41016	ENSG00000225552
HGNC:41019	ENSG00000249610
HGNC:41022	ENSG00000256661
HGNC:41023	ENSG00000236051
HGNC:41024	ENSG00000229521
HGNC:41027	ENSG00000236244
HGNC:41028	ENSG00000243926
HGNC:41029	ENSG00000242049
HGNC:41030	ENSG00000237243
HGNC:41031	ENSG00000251224
HGNC:41032	ENSG00000238020
HGNC:41035	ENSG00000241313
HGNC:41038	ENSG00000228275
HGNC:41039	ENSG00000233110
HGNC:41041	ENSG00000251128
HGNC:41042	ENSG00000225063
HGNC:41043	ENSG00000242797
HGNC:41046	ENSG00000225234
HGNC:41048	ENSG00000243069
HGNC:41049	ENSG00000240057
HGNC:41051	ENSG00000249717
HGNC:41053	ENSG00000229867
HGNC:41054	ENSG00000245384
HGNC:41057	ENSG00000229531
HGNC:41060	ENSG00000225521
HGNC:41061	ENSG00000248554
HGNC:41062	ENSG00000230115
HGNC:41063	ENSG00000242428
HGNC:41066	ENSG00000229901
HGNC:41067	ENSG00000236432
HGNC:4107	ENSG00000068985
HGNC:41070	ENSG00000249532
HGNC:41072	ENSG00000228839
HGNC:41079	ENSG00000237281
HGNC:4108	ENSG00000101951
HGNC:41080	ENSG00000225062
HGNC:41081	ENSG00000231304
HGNC:41082	ENSG00000229334
HGNC:41085	ENSG00000235897
HGNC:41086	ENSG00000234070
HGNC:41087	ENSG00000231969
HGNC:41088	ENSG00000229999
HGNC:41089	ENSG00000243187
HGNC:41090	ENSG00000231621
HGNC:41091	ENSG00000177553
HGNC:41093	ENSG00000234497
HGNC:41094	ENSG00000260088
HGNC:41095	ENSG00000225473
HGNC:41098	ENSG00000232192
HGNC:411	ENSG00000132746
HGNC:4110	ENSG00000204279
HGNC:41101	ENSG00000233885
HGNC:41106	ENSG00000245928
HGNC:41109	ENSG00000230550
HGNC:4111	ENSG00000204379
HGNC:41112	ENSG00000204581
HGNC:41113	ENSG00000243849
HGNC:41115	ENSG00000224490
HGNC:41116	ENSG00000225839
HGNC:41117	ENSG00000251175
HGNC:41119	ENSG00000232298
HGNC:4112	ENSG00000155622
HGNC:41123	ENSG00000230114
HGNC:41125	ENSG00000251586
HGNC:41126	ENSG00000239453
HGNC:41127	ENSG00000235434
HGNC:4113	ENSG00000178950
HGNC:41133	ENSG00000231636
HGNC:41136	ENSG00000225542
HGNC:41137	ENSG00000232893
HGNC:41139	ENSG00000229127
HGNC:4114	ENSG00000069482
HGNC:41140	ENSG00000227543
HGNC:41142	ENSG00000173811
HGNC:41143	ENSG00000245711
HGNC:41145	ENSG00000240766
HGNC:41147	ENSG00000232093
HGNC:4115	ENSG00000054983
HGNC:41150	ENSG00000235848
HGNC:41151	ENSG00000230082
HGNC:41152	ENSG00000239801
HGNC:41153	ENSG00000233303
HGNC:41154	ENSG00000230266
HGNC:41158	ENSG00000230703
HGNC:41159	ENSG00000205231
HGNC:4116	ENSG00000117308
HGNC:41161	ENSG00000254835
HGNC:41162	ENSG00000233384
HGNC:41163	ENSG00000229400
HGNC:41164	ENSG00000222035
HGNC:41166	ENSG00000248730
HGNC:41167	ENSG00000249071
HGNC:41168	ENSG00000248572
HGNC:41169	ENSG00000249491
HGNC:4117	ENSG00000135454
HGNC:41173	ENSG00000229348
HGNC:41174	ENSG00000230084
HGNC:41177	ENSG00000233661
HGNC:4118	ENSG00000108479
HGNC:41180	ENSG00000225235
HGNC:41186	ENSG00000243836
HGNC:41187	ENSG00000229043
HGNC:41188	ENSG00000286592
HGNC:4119	ENSG00000156958
HGNC:41190	ENSG00000230035
HGNC:41191	ENSG00000224031
HGNC:41192	ENSG00000230427
HGNC:41194	ENSG00000240211
HGNC:41198	ENSG00000203897
HGNC:412	ENSG00000143149
HGNC:41201	ENSG00000240449
HGNC:41202	ENSG00000239377
HGNC:41204	ENSG00000254815
HGNC:41205	ENSG00000240137
HGNC:41209	ENSG00000251620
HGNC:41210	ENSG00000234222
HGNC:41211	ENSG00000233002
HGNC:41213	ENSG00000224149
HGNC:41215	ENSG00000277541
HGNC:41218	ENSG00000234336
HGNC:4122	ENSG00000141012
HGNC:41221	ENSG00000229258
HGNC:41222	ENSG00000223487
HGNC:41225	ENSG00000229372
HGNC:41227	ENSG00000225822
HGNC:41228	ENSG00000230630
HGNC:4123	ENSG00000141429
HGNC:41231	ENSG00000239508
HGNC:41232	ENSG00000242925
HGNC:41235	ENSG00000241155
HGNC:41236	ENSG00000225076
HGNC:41238	ENSG00000203280
HGNC:41239	ENSG00000227610
HGNC:4124	ENSG00000143641
HGNC:41241	ENSG00000233485
HGNC:41243	ENSG00000231310
HGNC:41246	ENSG00000233729
HGNC:41247	ENSG00000241648
HGNC:41248	ENSG00000239519
HGNC:41249	ENSG00000240549
HGNC:4125	ENSG00000115339
HGNC:41250	ENSG00000233308
HGNC:41251	ENSG00000243799
HGNC:41252	ENSG00000244302
HGNC:41257	ENSG00000228598
HGNC:4126	ENSG00000257594
HGNC:41262	ENSG00000227751
HGNC:41263	ENSG00000225442
HGNC:41265	ENSG00000233860
HGNC:41269	ENSG00000234617
HGNC:4127	ENSG00000136542
HGNC:41274	ENSG00000239636
HGNC:41276	ENSG00000244383
HGNC:41277	ENSG00000229487
HGNC:41278	ENSG00000236782
HGNC:41279	ENSG00000227091
HGNC:4128	ENSG00000139629
HGNC:41281	ENSG00000236508
HGNC:41282	ENSG00000235710
HGNC:41286	ENSG00000226944
HGNC:41287	ENSG00000250981
HGNC:4129	ENSG00000109586
HGNC:41290	ENSG00000238160
HGNC:41292	ENSG00000244198
HGNC:41293	ENSG00000251279
HGNC:41294	ENSG00000224087
HGNC:41297	ENSG00000235455
HGNC:41298	ENSG00000250106
HGNC:41299	ENSG00000231334
HGNC:4130	ENSG00000130035
HGNC:41303	ENSG00000241211
HGNC:41304	ENSG00000228939
HGNC:41305	ENSG00000230002
HGNC:41306	ENSG00000224142
HGNC:41307	ENSG00000230539
HGNC:41308	ENSG00000235908
HGNC:41309	ENSG00000236999
HGNC:4131	ENSG00000182870
HGNC:41310	ENSG00000224771
HGNC:41312	ENSG00000256837
HGNC:41314	ENSG00000256721
HGNC:41317	ENSG00000230068
HGNC:4132	ENSG00000166573
HGNC:41325	ENSG00000226758
HGNC:41326	ENSG00000232542
HGNC:41327	ENSG00000233756
HGNC:41328	ENSG00000223608
HGNC:41329	ENSG00000224707
HGNC:4133	ENSG00000182687
HGNC:41330	ENSG00000227509
HGNC:41333	ENSG00000236337
HGNC:41334	ENSG00000223516
HGNC:41335	ENSG00000242094
HGNC:41339	ENSG00000229331
HGNC:4134	ENSG00000128310
HGNC:41340	ENSG00000236240
HGNC:41342	ENSG00000230921
HGNC:41343	ENSG00000237646
HGNC:41349	ENSG00000228382
HGNC:4135	ENSG00000213930
HGNC:41350	ENSG00000232558
HGNC:41351	ENSG00000234233
HGNC:41352	ENSG00000233213
HGNC:41353	ENSG00000223941
HGNC:41354	ENSG00000233844
HGNC:41355	ENSG00000237892
HGNC:41357	ENSG00000232081
HGNC:4136	ENSG00000130005
HGNC:41365	ENSG00000255371
HGNC:41366	ENSG00000254896
HGNC:4137	ENSG00000261609
HGNC:41376	ENSG00000250170
HGNC:41377	ENSG00000229276
HGNC:41378	ENSG00000232082
HGNC:4138	ENSG00000089597
HGNC:41380	ENSG00000238250
HGNC:41383	ENSG00000248228
HGNC:41384	ENSG00000235262
HGNC:41385	ENSG00000229692
HGNC:41387	ENSG00000233496
HGNC:41388	ENSG00000231134
HGNC:41389	ENSG00000224606
HGNC:4139	ENSG00000214013
HGNC:41390	ENSG00000224822
HGNC:41391	ENSG00000235628
HGNC:41392	ENSG00000224885
HGNC:41393	ENSG00000224238
HGNC:41397	ENSG00000231795
HGNC:414	ENSG00000149925
HGNC:4140	ENSG00000172020
HGNC:41401	ENSG00000231729
HGNC:41406	ENSG00000230184
HGNC:41408	ENSG00000233644
HGNC:41409	ENSG00000254450
HGNC:4141	ENSG00000111640
HGNC:41412	ENSG00000226520
HGNC:41414	ENSG00000225479
HGNC:41415	ENSG00000248221
HGNC:41416	ENSG00000255270
HGNC:41418	ENSG00000250223
HGNC:41419	ENSG00000251219
HGNC:4142	ENSG00000229570
HGNC:41420	ENSG00000251636
HGNC:41422	ENSG00000250472
HGNC:41423	ENSG00000251666
HGNC:41424	ENSG00000235313
HGNC:41426	ENSG00000229325
HGNC:41427	ENSG00000235529
HGNC:41429	ENSG00000230789
HGNC:4143	ENSG00000235587
HGNC:41430	ENSG00000223692
HGNC:41431	ENSG00000233602
HGNC:41432	ENSG00000228853
HGNC:41437	ENSG00000238262
HGNC:41438	ENSG00000254985
HGNC:41439	ENSG00000255409
HGNC:4144	ENSG00000250933
HGNC:41440	ENSG00000235786
HGNC:41446	ENSG00000237402
HGNC:41448	ENSG00000249057
HGNC:41449	ENSG00000227773
HGNC:4145	ENSG00000219930
HGNC:41450	ENSG00000248494
HGNC:41453	ENSG00000230300
HGNC:41455	ENSG00000236447
HGNC:4146	ENSG00000233876
HGNC:41460	ENSG00000235086
HGNC:41461	ENSG00000236996
HGNC:41462	ENSG00000256197
HGNC:41463	ENSG00000237738
HGNC:41465	ENSG00000181211
HGNC:41469	ENSG00000241985
HGNC:4147	ENSG00000223460
HGNC:41471	ENSG00000223525
HGNC:41474	ENSG00000231948
HGNC:41477	ENSG00000236977
HGNC:4148	ENSG00000249489
HGNC:41481	ENSG00000255156
HGNC:41482	ENSG00000225623
HGNC:41483	ENSG00000249885
HGNC:41484	ENSG00000229122
HGNC:41485	ENSG00000254791
HGNC:41486	ENSG00000233061
HGNC:41489	ENSG00000231534
HGNC:4149	ENSG00000213376
HGNC:41492	ENSG00000235285
HGNC:41493	ENSG00000237200
HGNC:41494	ENSG00000233540
HGNC:41496	ENSG00000236535
HGNC:41497	ENSG00000232474
HGNC:415	ENSG00000242849
HGNC:41501	ENSG00000230005
HGNC:41503	ENSG00000227248
HGNC:41505	ENSG00000235943
HGNC:41508	ENSG00000224257
HGNC:41509	ENSG00000236809
HGNC:41510	ENSG00000276531
HGNC:41511	ENSG00000267920
HGNC:41512	ENSG00000249858
HGNC:41513	ENSG00000258033
HGNC:41514	ENSG00000270585
HGNC:41515	ENSG00000236460
HGNC:41516	ENSG00000230543
HGNC:41517	ENSG00000278585
HGNC:41518	ENSG00000253218
HGNC:41519	ENSG00000241879
HGNC:4152	ENSG00000231739
HGNC:41520	ENSG00000260726
HGNC:41521	ENSG00000258316
HGNC:41522	ENSG00000213730
HGNC:41523	ENSG00000256904
HGNC:4153	ENSG00000248180
HGNC:4155	ENSG00000248415
HGNC:4156	ENSG00000251013
HGNC:4157	ENSG00000218582
HGNC:41570	ENSG00000284020
HGNC:4158	ENSG00000231072
HGNC:4159	ENSG00000228232
HGNC:41596	ENSG00000263972
HGNC:416	ENSG00000214297
HGNC:4160	ENSG00000236056
HGNC:41604	ENSG00000263932
HGNC:41606	ENSG00000264233
HGNC:4161	ENSG00000137507
HGNC:4162	ENSG00000106105
HGNC:4163	ENSG00000159131
HGNC:41631	ENSG00000283637
HGNC:41633	ENSG00000266582
HGNC:41639	ENSG00000284085
HGNC:4164	ENSG00000184502
HGNC:41641	ENSG00000266354
HGNC:4165	ENSG00000180447
HGNC:41652	ENSG00000284564
HGNC:41655	ENSG00000283364
HGNC:4166	ENSG00000141013
HGNC:41665	ENSG00000263533
HGNC:4167	ENSG00000148935
HGNC:41670	ENSG00000264922
HGNC:41674	ENSG00000284000
HGNC:4168	ENSG00000183087
HGNC:41686	ENSG00000264926
HGNC:4169	ENSG00000007237
HGNC:41692	ENSG00000284266
HGNC:41699	ENSG00000264684
HGNC:417	ENSG00000136872
HGNC:4170	ENSG00000102145
HGNC:41705	ENSG00000284473
HGNC:4171	ENSG00000179348
HGNC:41713	ENSG00000265507
HGNC:4172	ENSG00000107485
HGNC:4173	ENSG00000136574
HGNC:41730	ENSG00000283334
HGNC:41731	ENSG00000264906
HGNC:41735	ENSG00000283379
HGNC:41737	ENSG00000263510
HGNC:4174	ENSG00000141448
HGNC:41744	ENSG00000263361
HGNC:4175	ENSG00000171766
HGNC:41755	ENSG00000266525
HGNC:4177	ENSG00000177628
HGNC:4178	ENSG00000160766
HGNC:41785	ENSG00000263526
HGNC:4179	ENSG00000146729
HGNC:41790	ENSG00000283569
HGNC:418	ENSG00000109107
HGNC:4180	ENSG00000114480
HGNC:4181	ENSG00000107862
HGNC:41810	ENSG00000264494
HGNC:4182	ENSG00000117228
HGNC:4183	ENSG00000162645
HGNC:41835	ENSG00000266494
HGNC:41837	ENSG00000266139
HGNC:41838	ENSG00000266704
HGNC:4184	ENSG00000117226
HGNC:4185	ENSG00000164900
HGNC:4186	ENSG00000168505
HGNC:4187	ENSG00000145321
HGNC:41873	ENSG00000265694
HGNC:41875	ENSG00000207778
HGNC:4188	ENSG00000100116
HGNC:4189	ENSG00000105607
HGNC:41892	ENSG00000283792
HGNC:41906	ENSG00000228672
HGNC:41907	ENSG00000105889
HGNC:41908	ENSG00000205307
HGNC:41909	ENSG00000243317
HGNC:4191	ENSG00000115263
HGNC:41910	ENSG00000255181
HGNC:41911	ENSG00000205108
HGNC:41912	ENSG00000233198
HGNC:41913	ENSG00000184785
HGNC:41915	ENSG00000203870
HGNC:41916	ENSG00000254270
HGNC:41917	ENSG00000218143
HGNC:41919	ENSG00000229622
HGNC:4192	ENSG00000215644
HGNC:41920	ENSG00000237373
HGNC:41921	ENSG00000229623
HGNC:41922	ENSG00000218194
HGNC:41923	ENSG00000220113
HGNC:41926	ENSG00000231023
HGNC:41927	ENSG00000177993
HGNC:41928	ENSG00000231158
HGNC:41929	ENSG00000255807
HGNC:4193	ENSG00000131979
HGNC:41930	ENSG00000226254
HGNC:41931	ENSG00000250359
HGNC:41932	ENSG00000235642
HGNC:41933	ENSG00000254727
HGNC:41934	ENSG00000237514
HGNC:41935	ENSG00000225364
HGNC:41936	ENSG00000223513
HGNC:41937	ENSG00000238038
HGNC:41938	ENSG00000227883
HGNC:41939	ENSG00000234717
HGNC:4194	ENSG00000137880
HGNC:41940	ENSG00000230613
HGNC:41942	ENSG00000244203
HGNC:41943	ENSG00000199892
HGNC:41944	ENSG00000199932
HGNC:41945	ENSG00000200176
HGNC:41946	ENSG00000200184
HGNC:41947	ENSG00000200197
HGNC:41948	ENSG00000250878
HGNC:41949	ENSG00000228499
HGNC:4195	ENSG00000106633
HGNC:41950	ENSG00000235211
HGNC:41951	ENSG00000226766
HGNC:41952	ENSG00000235129
HGNC:41953	ENSG00000228057
HGNC:41954	ENSG00000250416
HGNC:41955	ENSG00000224668
HGNC:41956	ENSG00000200434
HGNC:41958	ENSG00000201966
HGNC:41959	ENSG00000202174
HGNC:4196	ENSG00000084734
HGNC:41960	ENSG00000251705
HGNC:41962	ENSG00000200313
HGNC:41963	ENSG00000200204
HGNC:41964	ENSG00000200231
HGNC:41967	ENSG00000214335
HGNC:41968	ENSG00000237952
HGNC:41969	ENSG00000233211
HGNC:4197	ENSG00000137270
HGNC:41970	ENSG00000225814
HGNC:41971	ENSG00000230682
HGNC:41973	ENSG00000232163
HGNC:41974	ENSG00000225856
HGNC:41975	ENSG00000213344
HGNC:41976	ENSG00000237089
HGNC:41977	ENSG00000177197
HGNC:41978	ENSG00000224712
HGNC:41979	ENSG00000254852
HGNC:4198	ENSG00000124827
HGNC:41980	ENSG00000183793
HGNC:41981	ENSG00000251347
HGNC:41982	ENSG00000214967
HGNC:41983	ENSG00000214940
HGNC:41984	ENSG00000233024
HGNC:41985	ENSG00000185864
HGNC:41987	ENSG00000196993
HGNC:41989	ENSG00000198064
HGNC:4199	ENSG00000089154
HGNC:41990	ENSG00000226232
HGNC:41991	ENSG00000215223
HGNC:41992	ENSG00000254462
HGNC:41993	ENSG00000254995
HGNC:41994	ENSG00000255152
HGNC:41995	ENSG00000254959
HGNC:41996	ENSG00000254445
HGNC:41998	ENSG00000254413
HGNC:41999	ENSG00000254870
HGNC:42	ENSG00000073734
HGNC:420	ENSG00000229991
HGNC:4200	ENSG00000135441
HGNC:42000	ENSG00000286237
HGNC:42001	ENSG00000259040
HGNC:42004	ENSG00000230405
HGNC:42005	ENSG00000234033
HGNC:42006	ENSG00000226962
HGNC:42007	ENSG00000236101
HGNC:42008	ENSG00000213232
HGNC:42009	ENSG00000232977
HGNC:4201	ENSG00000108773
HGNC:42010	ENSG00000235737
HGNC:42011	ENSG00000233040
HGNC:42012	ENSG00000230902
HGNC:42013	ENSG00000258552
HGNC:42014	ENSG00000229375
HGNC:42015	ENSG00000238086
HGNC:42016	ENSG00000273643
HGNC:42017	ENSG00000275060
HGNC:42018	ENSG00000278008
HGNC:42019	ENSG00000232771
HGNC:42020	ENSG00000219870
HGNC:42021	ENSG00000227983
HGNC:42022	ENSG00000231184
HGNC:42023	ENSG00000206192
HGNC:42024	ENSG00000215559
HGNC:42025	ENSG00000227784
HGNC:42027	ENSG00000225016
HGNC:4203	ENSG00000187210
HGNC:42030	ENSG00000236534
HGNC:42032	ENSG00000237522
HGNC:42033	ENSG00000227879
HGNC:42034	ENSG00000232447
HGNC:42035	ENSG00000228597
HGNC:42036	ENSG00000214878
HGNC:42037	ENSG00000232795
HGNC:42039	ENSG00000236577
HGNC:4204	ENSG00000111846
HGNC:42040	ENSG00000226554
HGNC:42041	ENSG00000225843
HGNC:42042	ENSG00000241022
HGNC:42043	ENSG00000271486
HGNC:42044	ENSG00000254151
HGNC:42045	ENSG00000236277
HGNC:42046	ENSG00000238286
HGNC:42047	ENSG00000235097
HGNC:42048	ENSG00000225427
HGNC:42049	ENSG00000230710
HGNC:4205	ENSG00000140297
HGNC:42050	ENSG00000233349
HGNC:42051	ENSG00000235646
HGNC:42052	ENSG00000239648
HGNC:42053	ENSG00000230764
HGNC:4206	ENSG00000268221
HGNC:42060	ENSG00000228166
HGNC:42061	ENSG00000225433
HGNC:42063	ENSG00000227225
HGNC:42064	ENSG00000264168
HGNC:42065	ENSG00000239586
HGNC:42067	ENSG00000225276
HGNC:42069	ENSG00000226794
HGNC:42070	ENSG00000235940
HGNC:42073	ENSG00000257858
HGNC:42075	ENSG00000234576
HGNC:42076	ENSG00000223921
HGNC:42077	ENSG00000230158
HGNC:42078	ENSG00000237722
HGNC:42079	ENSG00000238047
HGNC:4208	ENSG00000140905
HGNC:42080	ENSG00000235170
HGNC:42081	ENSG00000232282
HGNC:42082	ENSG00000235539
HGNC:42086	ENSG00000253245
HGNC:42088	ENSG00000255055
HGNC:42090	ENSG00000225514
HGNC:42092	ENSG00000225972
HGNC:42093	ENSG00000251407
HGNC:42094	ENSG00000251449
HGNC:42095	ENSG00000228122
HGNC:42097	ENSG00000229088
HGNC:42099	ENSG00000228995
HGNC:42100	ENSG00000263177
HGNC:42102	ENSG00000282321
HGNC:42103	ENSG00000254346
HGNC:42104	ENSG00000253795
HGNC:42105	ENSG00000230252
HGNC:42106	ENSG00000224354
HGNC:42107	ENSG00000237309
HGNC:42109	ENSG00000237257
HGNC:42110	ENSG00000225901
HGNC:42112	ENSG00000237124
HGNC:42113	ENSG00000228725
HGNC:42114	ENSG00000263914
HGNC:42115	ENSG00000240796
HGNC:42116	ENSG00000231152
HGNC:42117	ENSG00000230818
HGNC:42118	ENSG00000258239
HGNC:42119	ENSG00000234939
HGNC:4212	ENSG00000119125
HGNC:42120	ENSG00000231567
HGNC:42121	ENSG00000229701
HGNC:42122	ENSG00000230950
HGNC:42123	ENSG00000231954
HGNC:42124	ENSG00000232631
HGNC:42125	ENSG00000231947
HGNC:42126	ENSG00000228182
HGNC:42127	ENSG00000254565
HGNC:42129	ENSG00000225630
HGNC:4213	ENSG00000124194
HGNC:42130	ENSG00000233595
HGNC:42131	ENSG00000227937
HGNC:42132	ENSG00000251252
HGNC:42134	ENSG00000248907
HGNC:42139	ENSG00000254090
HGNC:4214	ENSG00000130283
HGNC:42141	ENSG00000253970
HGNC:42142	ENSG00000230052
HGNC:42144	ENSG00000230302
HGNC:42146	ENSG00000242214
HGNC:42147	ENSG00000240824
HGNC:42149	ENSG00000227557
HGNC:4215	ENSG00000266524
HGNC:42150	ENSG00000233286
HGNC:42153	ENSG00000232714
HGNC:42154	ENSG00000251353
HGNC:42155	ENSG00000249127
HGNC:42158	ENSG00000226034
HGNC:42159	ENSG00000256563
HGNC:4216	ENSG00000135414
HGNC:42160	ENSG00000270813
HGNC:42161	ENSG00000182722
HGNC:42162	ENSG00000258787
HGNC:42165	ENSG00000250247
HGNC:42167	ENSG00000231926
HGNC:42168	ENSG00000213938
HGNC:42169	ENSG00000230146
HGNC:4217	ENSG00000263761
HGNC:42171	ENSG00000232928
HGNC:42172	ENSG00000230986
HGNC:42173	ENSG00000251571
HGNC:42175	ENSG00000235207
HGNC:42177	ENSG00000233146
HGNC:42178	ENSG00000220586
HGNC:42179	ENSG00000259300
HGNC:4218	ENSG00000184344
HGNC:42180	ENSG00000255988
HGNC:42181	ENSG00000230101
HGNC:42182	ENSG00000229298
HGNC:42183	ENSG00000224802
HGNC:42184	ENSG00000243195
HGNC:42185	ENSG00000250788
HGNC:42186	ENSG00000254381
HGNC:42187	ENSG00000230482
HGNC:42188	ENSG00000228847
HGNC:42189	ENSG00000248704
HGNC:42190	ENSG00000225959
HGNC:42191	ENSG00000225295
HGNC:42192	ENSG00000227584
HGNC:42193	ENSG00000224042
HGNC:42199	ENSG00000247627
HGNC:422	ENSG00000213785
HGNC:4220	ENSG00000125965
HGNC:42201	ENSG00000236254
HGNC:42202	ENSG00000227321
HGNC:42203	ENSG00000241787
HGNC:42204	ENSG00000242178
HGNC:42205	ENSG00000228694
HGNC:42206	ENSG00000230338
HGNC:42207	ENSG00000233377
HGNC:42208	ENSG00000231777
HGNC:42209	ENSG00000232772
HGNC:4221	ENSG00000156466
HGNC:42210	ENSG00000225796
HGNC:42212	ENSG00000226700
HGNC:42213	ENSG00000234065
HGNC:42214	ENSG00000230548
HGNC:42215	ENSG00000233709
HGNC:42216	ENSG00000249177
HGNC:42217	ENSG00000227454
HGNC:42218	ENSG00000235382
HGNC:42219	ENSG00000226056
HGNC:4222	ENSG00000143869
HGNC:42220	ENSG00000232177
HGNC:42222	ENSG00000216713
HGNC:42223	ENSG00000234099
HGNC:42225	ENSG00000226663
HGNC:42226	ENSG00000250050
HGNC:42227	ENSG00000248548
HGNC:4223	ENSG00000138379
HGNC:42234	ENSG00000253257
HGNC:42236	ENSG00000248315
HGNC:42239	ENSG00000270350
HGNC:4224	ENSG00000164404
HGNC:42241	ENSG00000240791
HGNC:42243	ENSG00000227795
HGNC:42244	ENSG00000240084
HGNC:42245	ENSG00000234163
HGNC:42246	ENSG00000236300
HGNC:42247	ENSG00000235318
HGNC:42248	ENSG00000243104
HGNC:42250	ENSG00000234731
HGNC:42251	ENSG00000241221
HGNC:42252	ENSG00000254747
HGNC:42253	ENSG00000219087
HGNC:42254	ENSG00000220514
HGNC:42255	ENSG00000231582
HGNC:42256	ENSG00000248133
HGNC:42258	ENSG00000262259
HGNC:42259	ENSG00000260067
HGNC:4226	ENSG00000203879
HGNC:42260	ENSG00000254015
HGNC:42264	ENSG00000198868
HGNC:42265	ENSG00000239632
HGNC:42268	ENSG00000228440
HGNC:42269	ENSG00000230531
HGNC:4227	ENSG00000057608
HGNC:42270	ENSG00000230999
HGNC:42272	ENSG00000271687
HGNC:42273	ENSG00000248923
HGNC:42274	ENSG00000251544
HGNC:42276	ENSG00000230225
HGNC:42277	ENSG00000231888
HGNC:42278	ENSG00000243658
HGNC:42279	ENSG00000236626
HGNC:4228	ENSG00000229165
HGNC:42284	ENSG00000238046
HGNC:42285	ENSG00000235080
HGNC:42286	ENSG00000224852
HGNC:42287	ENSG00000227348
HGNC:42289	ENSG00000225045
HGNC:42290	ENSG00000223549
HGNC:42291	ENSG00000234934
HGNC:42292	ENSG00000233039
HGNC:42293	ENSG00000227841
HGNC:42295	ENSG00000234886
HGNC:42296	ENSG00000255123
HGNC:423	ENSG00000237876
HGNC:42300	ENSG00000238256
HGNC:42301	ENSG00000231199
HGNC:42302	ENSG00000227860
HGNC:42304	ENSG00000250169
HGNC:42305	ENSG00000248748
HGNC:42306	ENSG00000251212
HGNC:42307	ENSG00000251149
HGNC:42319	ENSG00000236296
HGNC:4232	ENSG00000168621
HGNC:42320	ENSG00000224458
HGNC:42321	ENSG00000274455
HGNC:42322	ENSG00000227762
HGNC:42323	ENSG00000215630
HGNC:42324	ENSG00000224723
HGNC:42325	ENSG00000272578
HGNC:42326	ENSG00000169325
HGNC:42328	ENSG00000249786
HGNC:42330	ENSG00000271435
HGNC:42331	ENSG00000237458
HGNC:42332	ENSG00000216819
HGNC:42333	ENSG00000254961
HGNC:42334	ENSG00000218896
HGNC:42335	ENSG00000224062
HGNC:42336	ENSG00000231166
HGNC:42337	ENSG00000217372
HGNC:42338	ENSG00000250307
HGNC:42339	ENSG00000220418
HGNC:4234	ENSG00000164949
HGNC:42340	ENSG00000228466
HGNC:42343	ENSG00000224625
HGNC:42344	ENSG00000226147
HGNC:42345	ENSG00000261812
HGNC:42346	ENSG00000213113
HGNC:42347	ENSG00000235827
HGNC:42348	ENSG00000237469
HGNC:42349	ENSG00000237180
HGNC:4235	ENSG00000131095
HGNC:42350	ENSG00000227988
HGNC:42352	ENSG00000186704
HGNC:42353	ENSG00000242435
HGNC:42354	ENSG00000237036
HGNC:42356	ENSG00000168852
HGNC:42357	ENSG00000164845
HGNC:42358	ENSG00000166492
HGNC:42359	ENSG00000253540
HGNC:4236	ENSG00000127554
HGNC:42360	ENSG00000265479
HGNC:42362	ENSG00000267104
HGNC:42363	ENSG00000259271
HGNC:42364	ENSG00000220091
HGNC:42365	ENSG00000213500
HGNC:42366	ENSG00000228492
HGNC:42368	ENSG00000249485
HGNC:42369	ENSG00000242457
HGNC:4237	ENSG00000162676
HGNC:42370	ENSG00000276290
HGNC:42371	ENSG00000214561
HGNC:42372	ENSG00000256737
HGNC:42373	ENSG00000248674
HGNC:42374	ENSG00000250859
HGNC:42375	ENSG00000227347
HGNC:42377	ENSG00000243547
HGNC:42378	ENSG00000250662
HGNC:42379	ENSG00000233951
HGNC:4238	ENSG00000165702
HGNC:42380	ENSG00000249558
HGNC:42381	ENSG00000241018
HGNC:42382	ENSG00000254454
HGNC:42383	ENSG00000220666
HGNC:42384	ENSG00000250185
HGNC:42387	ENSG00000176243
HGNC:42389	ENSG00000244653
HGNC:42391	ENSG00000234076
HGNC:42392	ENSG00000160172
HGNC:42393	ENSG00000189295
HGNC:42396	ENSG00000233821
HGNC:42397	ENSG00000238189
HGNC:42398	ENSG00000233312
HGNC:42400	ENSG00000188211
HGNC:42406	ENSG00000228460
HGNC:42407	ENSG00000273330
HGNC:42408	ENSG00000271086
HGNC:4241	ENSG00000198380
HGNC:42410	ENSG00000260863
HGNC:42412	ENSG00000260524
HGNC:42413	ENSG00000261809
HGNC:42414	ENSG00000261593
HGNC:42416	ENSG00000261290
HGNC:42417	ENSG00000261196
HGNC:42418	ENSG00000282277
HGNC:42419	ENSG00000261511
HGNC:4242	ENSG00000131459
HGNC:42420	ENSG00000223351
HGNC:42421	ENSG00000241295
HGNC:42422	ENSG00000239946
HGNC:42423	ENSG00000242767
HGNC:42424	ENSG00000240002
HGNC:42425	ENSG00000213188
HGNC:42426	ENSG00000251108
HGNC:42427	ENSG00000213539
HGNC:42428	ENSG00000232349
HGNC:42429	ENSG00000226048
HGNC:4243	ENSG00000151892
HGNC:42430	ENSG00000236994
HGNC:42432	ENSG00000213866
HGNC:42434	ENSG00000235830
HGNC:42435	ENSG00000241684
HGNC:42436	ENSG00000272610
HGNC:42437	ENSG00000243014
HGNC:42438	ENSG00000223965
HGNC:42439	ENSG00000230970
HGNC:4244	ENSG00000168546
HGNC:42440	ENSG00000239523
HGNC:42442	ENSG00000243025
HGNC:42443	ENSG00000230077
HGNC:42444	ENSG00000226258
HGNC:42445	ENSG00000226913
HGNC:42446	ENSG00000246022
HGNC:42447	ENSG00000233537
HGNC:42448	ENSG00000248271
HGNC:42449	ENSG00000225639
HGNC:4245	ENSG00000146013
HGNC:42450	ENSG00000230274
HGNC:42451	ENSG00000214041
HGNC:42452	ENSG00000257150
HGNC:42453	ENSG00000224464
HGNC:42454	ENSG00000213997
HGNC:42455	ENSG00000255200
HGNC:42456	ENSG00000249255
HGNC:42457	ENSG00000220515
HGNC:42459	ENSG00000250825
HGNC:42461	ENSG00000248838
HGNC:42464	ENSG00000233623
HGNC:42465	ENSG00000215197
HGNC:42466	ENSG00000248488
HGNC:42467	ENSG00000253224
HGNC:42468	ENSG00000230635
HGNC:4247	ENSG00000115486
HGNC:42470	ENSG00000232931
HGNC:42473	ENSG00000201377
HGNC:42474	ENSG00000199605
HGNC:42475	ENSG00000238711
HGNC:42477	ENSG00000201955
HGNC:42478	ENSG00000201242
HGNC:42479	ENSG00000201690
HGNC:4248	ENSG00000137563
HGNC:42480	ENSG00000223158
HGNC:42481	ENSG00000207325
HGNC:42482	ENSG00000206617
HGNC:42483	ENSG00000206920
HGNC:42484	ENSG00000207474
HGNC:42485	ENSG00000206697
HGNC:42486	ENSG00000199788
HGNC:42487	ENSG00000200686
HGNC:42488	ENSG00000207157
HGNC:42489	ENSG00000206854
HGNC:4249	ENSG00000152904
HGNC:42491	ENSG00000206800
HGNC:42492	ENSG00000223298
HGNC:42493	ENSG00000207458
HGNC:42494	ENSG00000207495
HGNC:42495	ENSG00000200211
HGNC:42496	ENSG00000202151
HGNC:42497	ENSG00000222733
HGNC:42498	ENSG00000222148
HGNC:425	ENSG00000213452
HGNC:4250	ENSG00000100031
HGNC:42500	ENSG00000226620
HGNC:42502	ENSG00000228889
HGNC:42503	ENSG00000235660
HGNC:42504	ENSG00000201155
HGNC:42505	ENSG00000222726
HGNC:42506	ENSG00000223336
HGNC:42507	ENSG00000201821
HGNC:42508	ENSG00000201253
HGNC:42509	ENSG00000257551
HGNC:4251	ENSG00000133475
HGNC:42510	ENSG00000251875
HGNC:42512	ENSG00000251722
HGNC:42513	ENSG00000201801
HGNC:42514	ENSG00000200637
HGNC:42515	ENSG00000207065
HGNC:42516	ENSG00000252390
HGNC:42517	ENSG00000255867
HGNC:42519	ENSG00000254172
HGNC:4252	ENSG00000197421
HGNC:42520	ENSG00000202249
HGNC:42521	ENSG00000252397
HGNC:42522	ENSG00000202444
HGNC:42523	ENSG00000199849
HGNC:42524	ENSG00000200566
HGNC:42525	ENSG00000222986
HGNC:42526	ENSG00000202160
HGNC:42527	ENSG00000206863
HGNC:42528	ENSG00000200372
HGNC:42529	ENSG00000251788
HGNC:4253	ENSG00000204136
HGNC:42530	ENSG00000200972
HGNC:42531	ENSG00000251750
HGNC:42532	ENSG00000223096
HGNC:42533	ENSG00000200376
HGNC:42534	ENSG00000252521
HGNC:42536	ENSG00000226158
HGNC:42538	ENSG00000258706
HGNC:42539	ENSG00000273894
HGNC:4254	ENSG00000237766
HGNC:42540	ENSG00000215811
HGNC:42543	ENSG00000202237
HGNC:42544	ENSG00000202433
HGNC:42545	ENSG00000223024
HGNC:42546	ENSG00000252795
HGNC:42547	ENSG00000223280
HGNC:42548	ENSG00000252952
HGNC:42549	ENSG00000207518
HGNC:42550	ENSG00000201662
HGNC:42551	ENSG00000202398
HGNC:42552	ENSG00000252335
HGNC:42553	ENSG00000252499
HGNC:42554	ENSG00000252928
HGNC:42555	ENSG00000252141
HGNC:42556	ENSG00000200267
HGNC:42557	ENSG00000222791
HGNC:42558	ENSG00000252385
HGNC:42560	ENSG00000252247
HGNC:42561	ENSG00000207203
HGNC:42562	ENSG00000207012
HGNC:42563	ENSG00000207330
HGNC:42564	ENSG00000206962
HGNC:42565	ENSG00000251753
HGNC:42566	ENSG00000206787
HGNC:42567	ENSG00000222486
HGNC:42568	ENSG00000199767
HGNC:42569	ENSG00000199381
HGNC:42570	ENSG00000206922
HGNC:42571	ENSG00000202478
HGNC:42572	ENSG00000200840
HGNC:42573	ENSG00000207298
HGNC:42575	ENSG00000252508
HGNC:42586	ENSG00000212237
HGNC:42587	ENSG00000202056
HGNC:42588	ENSG00000251785
HGNC:42589	ENSG00000222849
HGNC:4259	ENSG00000131067
HGNC:42590	ENSG00000202263
HGNC:42591	ENSG00000212308
HGNC:4260	ENSG00000099998
HGNC:42600	ENSG00000252287
HGNC:42601	ENSG00000222747
HGNC:42602	ENSG00000199276
HGNC:42603	ENSG00000200709
HGNC:42604	ENSG00000200711
HGNC:42605	ENSG00000222920
HGNC:42606	ENSG00000202422
HGNC:42607	ENSG00000223076
HGNC:42609	ENSG00000252496
HGNC:4261	ENSG00000259384
HGNC:42610	ENSG00000252696
HGNC:42611	ENSG00000212559
HGNC:42612	ENSG00000222129
HGNC:42613	ENSG00000202290
HGNC:42614	ENSG00000222682
HGNC:42615	ENSG00000223177
HGNC:42616	ENSG00000238500
HGNC:42617	ENSG00000239003
HGNC:42619	ENSG00000202395
HGNC:4262	ENSG00000136487
HGNC:42620	ENSG00000252812
HGNC:42621	ENSG00000223341
HGNC:42622	ENSG00000271818
HGNC:42623	ENSG00000252854
HGNC:42624	ENSG00000201665
HGNC:42625	ENSG00000222472
HGNC:42626	ENSG00000222969
HGNC:42627	ENSG00000201793
HGNC:42628	ENSG00000201161
HGNC:4263	ENSG00000112964
HGNC:42630	ENSG00000226781
HGNC:42631	ENSG00000235829
HGNC:42632	ENSG00000249055
HGNC:42633	ENSG00000226908
HGNC:42635	ENSG00000236339
HGNC:42637	ENSG00000231894
HGNC:42638	ENSG00000228241
HGNC:42639	ENSG00000233810
HGNC:42640	ENSG00000187721
HGNC:42641	ENSG00000233963
HGNC:42642	ENSG00000237148
HGNC:42643	ENSG00000244615
HGNC:42644	ENSG00000205822
HGNC:42645	ENSG00000228074
HGNC:42646	ENSG00000234363
HGNC:42647	ENSG00000223383
HGNC:42648	ENSG00000232540
HGNC:42649	ENSG00000250299
HGNC:4265	ENSG00000118702
HGNC:42650	ENSG00000258284
HGNC:42652	ENSG00000224510
HGNC:42655	ENSG00000257271
HGNC:42656	ENSG00000254960
HGNC:42658	ENSG00000226846
HGNC:42659	ENSG00000182921
HGNC:4266	ENSG00000106128
HGNC:42660	ENSG00000240286
HGNC:42661	ENSG00000229670
HGNC:42662	ENSG00000214330
HGNC:42667	ENSG00000231238
HGNC:42668	ENSG00000225316
HGNC:42669	ENSG00000226317
HGNC:4267	ENSG00000121853
HGNC:42670	ENSG00000227893
HGNC:42671	ENSG00000236176
HGNC:42672	ENSG00000226903
HGNC:42673	ENSG00000187791
HGNC:42674	ENSG00000227258
HGNC:42676	ENSG00000232797
HGNC:42678	ENSG00000229578
HGNC:4268	ENSG00000134812
HGNC:42682	ENSG00000229483
HGNC:42684	ENSG00000232849
HGNC:42686	ENSG00000230040
HGNC:42687	ENSG00000224511
HGNC:42688	ENSG00000229437
HGNC:42690	ENSG00000225870
HGNC:42691	ENSG00000236778
HGNC:42692	ENSG00000223617
HGNC:42693	ENSG00000226792
HGNC:42695	ENSG00000231019
HGNC:42698	ENSG00000232954
HGNC:42699	ENSG00000226370
HGNC:427	ENSG00000171094
HGNC:4270	ENSG00000159224
HGNC:42700	ENSG00000234377
HGNC:42701	ENSG00000227564
HGNC:42703	ENSG00000229246
HGNC:42704	ENSG00000225249
HGNC:42705	ENSG00000229557
HGNC:42706	ENSG00000234625
HGNC:42707	ENSG00000225275
HGNC:42708	ENSG00000226240
HGNC:42709	ENSG00000229175
HGNC:4271	ENSG00000010310
HGNC:42710	ENSG00000235221
HGNC:42711	ENSG00000232117
HGNC:42712	ENSG00000248916
HGNC:42713	ENSG00000232643
HGNC:42715	ENSG00000231914
HGNC:42716	ENSG00000229788
HGNC:42718	ENSG00000226519
HGNC:42719	ENSG00000238230
HGNC:4272	ENSG00000108262
HGNC:42720	ENSG00000228295
HGNC:42721	ENSG00000224853
HGNC:42723	ENSG00000231061
HGNC:42724	ENSG00000231428
HGNC:42725	ENSG00000223404
HGNC:42727	ENSG00000237879
HGNC:42728	ENSG00000229792
HGNC:42729	ENSG00000229928
HGNC:4273	ENSG00000139436
HGNC:42732	ENSG00000235532
HGNC:42733	ENSG00000224243
HGNC:42734	ENSG00000229520
HGNC:42735	ENSG00000248287
HGNC:42737	ENSG00000196593
HGNC:42739	ENSG00000237585
HGNC:4274	ENSG00000152661
HGNC:42740	ENSG00000226250
HGNC:42742	ENSG00000231674
HGNC:42743	ENSG00000233009
HGNC:42744	ENSG00000229599
HGNC:42745	ENSG00000234772
HGNC:42748	ENSG00000231983
HGNC:4275	ENSG00000176857
HGNC:42755	ENSG00000236834
HGNC:42758	ENSG00000226968
HGNC:42761	ENSG00000238121
HGNC:42762	ENSG00000236463
HGNC:42763	ENSG00000229546
HGNC:42765	ENSG00000233528
HGNC:42766	ENSG00000225760
HGNC:42768	ENSG00000229443
HGNC:42769	ENSG00000227336
HGNC:4277	ENSG00000121743
HGNC:42770	ENSG00000215483
HGNC:42772	ENSG00000236354
HGNC:42773	ENSG00000228824
HGNC:42774	ENSG00000243319
HGNC:42777	ENSG00000234660
HGNC:42778	ENSG00000231473
HGNC:42779	ENSG00000232685
HGNC:4278	ENSG00000187513
HGNC:42780	ENSG00000230156
HGNC:42782	ENSG00000236036
HGNC:42783	ENSG00000229249
HGNC:42784	ENSG00000224743
HGNC:42785	ENSG00000228669
HGNC:42786	ENSG00000203441
HGNC:42787	ENSG00000235699
HGNC:4279	ENSG00000265107
HGNC:42790	ENSG00000229414
HGNC:42791	ENSG00000254642
HGNC:42792	ENSG00000237004
HGNC:42793	ENSG00000225264
HGNC:42795	ENSG00000251015
HGNC:42797	ENSG00000252277
HGNC:428	ENSG00000116127
HGNC:4280	ENSG00000182963
HGNC:42800	ENSG00000229373
HGNC:42802	ENSG00000226921
HGNC:42804	ENSG00000233124
HGNC:42805	ENSG00000225179
HGNC:42807	ENSG00000234787
HGNC:42808	ENSG00000229307
HGNC:42809	ENSG00000233532
HGNC:4281	ENSG00000121634
HGNC:42810	ENSG00000245526
HGNC:42811	ENSG00000233610
HGNC:42812	ENSG00000226416
HGNC:42813	ENSG00000234056
HGNC:42815	ENSG00000226722
HGNC:42816	ENSG00000252956
HGNC:42817	ENSG00000222952
HGNC:42818	ENSG00000201148
HGNC:42819	ENSG00000252368
HGNC:42820	ENSG00000222378
HGNC:42821	ENSG00000252563
HGNC:42822	ENSG00000199240
HGNC:42823	ENSG00000253039
HGNC:42824	ENSG00000200839
HGNC:42825	ENSG00000252259
HGNC:42827	ENSG00000200601
HGNC:42828	ENSG00000201620
HGNC:42829	ENSG00000199318
HGNC:4283	ENSG00000169562
HGNC:42830	ENSG00000212601
HGNC:42831	ENSG00000252760
HGNC:42832	ENSG00000252510
HGNC:42833	ENSG00000222209
HGNC:42834	ENSG00000238765
HGNC:42836	ENSG00000222854
HGNC:42837	ENSG00000222552
HGNC:42838	ENSG00000252262
HGNC:42839	ENSG00000200327
HGNC:4284	ENSG00000165474
HGNC:42840	ENSG00000212527
HGNC:42841	ENSG00000207341
HGNC:42842	ENSG00000200036
HGNC:42843	ENSG00000252987
HGNC:42844	ENSG00000252231
HGNC:42845	ENSG00000200755
HGNC:42846	ENSG00000201347
HGNC:42847	ENSG00000252977
HGNC:42848	ENSG00000199837
HGNC:42849	ENSG00000201312
HGNC:4285	ENSG00000188910
HGNC:42850	ENSG00000252553
HGNC:42851	ENSG00000200408
HGNC:42852	ENSG00000252650
HGNC:42853	ENSG00000252086
HGNC:42854	ENSG00000202264
HGNC:42855	ENSG00000201492
HGNC:42856	ENSG00000202063
HGNC:42857	ENSG00000222407
HGNC:42859	ENSG00000252516
HGNC:4286	ENSG00000189433
HGNC:42860	ENSG00000270419
HGNC:42861	ENSG00000237121
HGNC:42862	ENSG00000218016
HGNC:42863	ENSG00000271070
HGNC:42864	ENSG00000225294
HGNC:42865	ENSG00000269608
HGNC:42866	ENSG00000220924
HGNC:42867	ENSG00000234315
HGNC:42868	ENSG00000219790
HGNC:42869	ENSG00000226801
HGNC:4287	ENSG00000189280
HGNC:42871	ENSG00000225206
HGNC:42872	ENSG00000249669
HGNC:42873	ENSG00000230618
HGNC:42874	ENSG00000266405
HGNC:42875	ENSG00000250045
HGNC:42876	ENSG00000256030
HGNC:42877	ENSG00000257666
HGNC:42878	ENSG00000228837
HGNC:42879	ENSG00000197692
HGNC:4288	ENSG00000121742
HGNC:42880	ENSG00000254496
HGNC:42881	ENSG00000217241
HGNC:42882	ENSG00000201610
HGNC:42883	ENSG00000202248
HGNC:42884	ENSG00000212171
HGNC:42885	ENSG00000206882
HGNC:42886	ENSG00000202430
HGNC:42887	ENSG00000222232
HGNC:42888	ENSG00000201671
HGNC:42889	ENSG00000212204
HGNC:4289	ENSG00000198814
HGNC:42890	ENSG00000252246
HGNC:42891	ENSG00000199395
HGNC:42892	ENSG00000252726
HGNC:42893	ENSG00000222251
HGNC:42894	ENSG00000251850
HGNC:42895	ENSG00000201876
HGNC:42896	ENSG00000200028
HGNC:42897	ENSG00000200890
HGNC:42898	ENSG00000222835
HGNC:42899	ENSG00000252845
HGNC:429	ENSG00000108839
HGNC:42900	ENSG00000252674
HGNC:42901	ENSG00000238379
HGNC:42902	ENSG00000222921
HGNC:42903	ENSG00000212425
HGNC:42904	ENSG00000253083
HGNC:42905	ENSG00000223290
HGNC:42906	ENSG00000271924
HGNC:42907	ENSG00000212312
HGNC:42908	ENSG00000199508
HGNC:42909	ENSG00000223318
HGNC:4291	ENSG00000196475
HGNC:42910	ENSG00000251746
HGNC:42911	ENSG00000222418
HGNC:42912	ENSG00000200650
HGNC:42913	ENSG00000223092
HGNC:42914	ENSG00000251941
HGNC:42915	ENSG00000202164
HGNC:42916	ENSG00000222317
HGNC:42917	ENSG00000199585
HGNC:42918	ENSG00000222832
HGNC:42919	ENSG00000252346
HGNC:4292	ENSG00000229894
HGNC:42920	ENSG00000207186
HGNC:42922	ENSG00000225439
HGNC:42923	ENSG00000237211
HGNC:42924	ENSG00000233998
HGNC:42925	ENSG00000241319
HGNC:42926	ENSG00000257444
HGNC:42927	ENSG00000213526
HGNC:42928	ENSG00000235101
HGNC:42929	ENSG00000231905
HGNC:42930	ENSG00000239570
HGNC:42931	ENSG00000251609
HGNC:42933	ENSG00000240489
HGNC:42934	ENSG00000226536
HGNC:42935	ENSG00000254621
HGNC:42936	ENSG00000255222
HGNC:42937	ENSG00000230667
HGNC:42939	ENSG00000225094
HGNC:42940	ENSG00000214244
HGNC:42941	ENSG00000213701
HGNC:42942	ENSG00000206552
HGNC:42943	ENSG00000224165
HGNC:42944	ENSG00000248682
HGNC:42946	ENSG00000230876
HGNC:42947	ENSG00000205837
HGNC:42948	ENSG00000179818
HGNC:42949	ENSG00000259516
HGNC:4295	ENSG00000178146
HGNC:42950	ENSG00000235098
HGNC:42951	ENSG00000228594
HGNC:42952	ENSG00000259030
HGNC:42953	ENSG00000260238
HGNC:42955	ENSG00000182053
HGNC:42956	ENSG00000259112
HGNC:42957	ENSG00000259075
HGNC:42959	ENSG00000258643
HGNC:4296	ENSG00000102393
HGNC:42960	ENSG00000125954
HGNC:42961	ENSG00000259024
HGNC:42962	ENSG00000205457
HGNC:42963	ENSG00000227011
HGNC:42964	ENSG00000270011
HGNC:42966	ENSG00000205086
HGNC:42967	ENSG00000284701
HGNC:42969	ENSG00000261796
HGNC:42970	ENSG00000226887
HGNC:42971	ENSG00000272968
HGNC:42972	ENSG00000205858
HGNC:42973	ENSG00000253457
HGNC:42974	ENSG00000279847
HGNC:42975	ENSG00000259305
HGNC:42976	ENSG00000226807
HGNC:42978	ENSG00000244213
HGNC:42979	ENSG00000265541
HGNC:4298	ENSG00000170266
HGNC:42980	ENSG00000235655
HGNC:42981	ENSG00000226881
HGNC:42982	ENSG00000178458
HGNC:42983	ENSG00000229009
HGNC:42984	ENSG00000249553
HGNC:42985	ENSG00000176378
HGNC:42986	ENSG00000244371
HGNC:42987	ENSG00000234367
HGNC:42988	ENSG00000227212
HGNC:42989	ENSG00000233328
HGNC:42991	ENSG00000227205
HGNC:42992	ENSG00000225080
HGNC:42994	ENSG00000213061
HGNC:42995	ENSG00000226028
HGNC:42996	ENSG00000233601
HGNC:42997	ENSG00000265019
HGNC:42998	ENSG00000248929
HGNC:42999	ENSG00000255254
HGNC:43	ENSG00000168394
HGNC:430	ENSG00000179477
HGNC:43000	ENSG00000233299
HGNC:43001	ENSG00000253229
HGNC:43003	ENSG00000237303
HGNC:43004	ENSG00000258104
HGNC:43005	ENSG00000254455
HGNC:43006	ENSG00000227644
HGNC:43007	ENSG00000236012
HGNC:43008	ENSG00000251019
HGNC:43009	ENSG00000248785
HGNC:43010	ENSG00000237005
HGNC:43011	ENSG00000219608
HGNC:43012	ENSG00000258886
HGNC:43013	ENSG00000253952
HGNC:43014	ENSG00000258777
HGNC:43016	ENSG00000258978
HGNC:43017	ENSG00000235706
HGNC:43019	ENSG00000261771
HGNC:43021	ENSG00000214975
HGNC:43022	ENSG00000253438
HGNC:43023	ENSG00000200114
HGNC:43024	ENSG00000199609
HGNC:43025	ENSG00000201713
HGNC:43026	ENSG00000201962
HGNC:43027	ENSG00000222983
HGNC:43028	ENSG00000202175
HGNC:43029	ENSG00000222208
HGNC:43030	ENSG00000201301
HGNC:43031	ENSG00000202322
HGNC:43032	ENSG00000201595
HGNC:43033	ENSG00000200238
HGNC:43034	ENSG00000252301
HGNC:43035	ENSG00000252828
HGNC:43036	ENSG00000222838
HGNC:43037	ENSG00000252642
HGNC:43038	ENSG00000201968
HGNC:43039	ENSG00000201210
HGNC:43040	ENSG00000201394
HGNC:43041	ENSG00000201413
HGNC:43042	ENSG00000201325
HGNC:43043	ENSG00000252745
HGNC:43044	ENSG00000222778
HGNC:43045	ENSG00000199994
HGNC:43046	ENSG00000222675
HGNC:43047	ENSG00000252302
HGNC:43048	ENSG00000252336
HGNC:43049	ENSG00000201822
HGNC:43050	ENSG00000199839
HGNC:43051	ENSG00000202502
HGNC:43052	ENSG00000202054
HGNC:43053	ENSG00000252307
HGNC:43054	ENSG00000252002
HGNC:43055	ENSG00000223086
HGNC:43056	ENSG00000222182
HGNC:43057	ENSG00000251816
HGNC:43058	ENSG00000222230
HGNC:43059	ENSG00000252970
HGNC:43060	ENSG00000201736
HGNC:43061	ENSG00000200741
HGNC:43062	ENSG00000251823
HGNC:43063	ENSG00000222236
HGNC:43064	ENSG00000252342
HGNC:43065	ENSG00000252951
HGNC:43066	ENSG00000201846
HGNC:43067	ENSG00000202331
HGNC:43068	ENSG00000252451
HGNC:43069	ENSG00000253077
HGNC:43070	ENSG00000252959
HGNC:43071	ENSG00000212373
HGNC:43072	ENSG00000201931
HGNC:43073	ENSG00000201727
HGNC:43074	ENSG00000199572
HGNC:43075	ENSG00000201145
HGNC:43076	ENSG00000212258
HGNC:43077	ENSG00000222054
HGNC:43078	ENSG00000222312
HGNC:43079	ENSG00000253093
HGNC:43080	ENSG00000251990
HGNC:43081	ENSG00000222178
HGNC:43082	ENSG00000251873
HGNC:43083	ENSG00000199322
HGNC:43084	ENSG00000223003
HGNC:43085	ENSG00000212265
HGNC:43086	ENSG00000252833
HGNC:43087	ENSG00000207129
HGNC:43088	ENSG00000199786
HGNC:43089	ENSG00000201790
HGNC:43090	ENSG00000202092
HGNC:43091	ENSG00000199455
HGNC:43092	ENSG00000201274
HGNC:43093	ENSG00000222285
HGNC:43094	ENSG00000201532
HGNC:43095	ENSG00000199545
HGNC:43096	ENSG00000280646
HGNC:43097	ENSG00000200227
HGNC:43098	ENSG00000222308
HGNC:43099	ENSG00000200275
HGNC:431	ENSG00000264958
HGNC:43100	ENSG00000252169
HGNC:43101	ENSG00000222248
HGNC:43102	ENSG00000201185
HGNC:43103	ENSG00000222383
HGNC:43104	ENSG00000201415
HGNC:43105	ENSG00000201523
HGNC:43106	ENSG00000252512
HGNC:43107	ENSG00000212176
HGNC:43108	ENSG00000251965
HGNC:43109	ENSG00000223169
HGNC:4311	ENSG00000001084
HGNC:43110	ENSG00000212336
HGNC:43111	ENSG00000202386
HGNC:43112	ENSG00000212525
HGNC:43113	ENSG00000212333
HGNC:43114	ENSG00000200248
HGNC:43115	ENSG00000200310
HGNC:43116	ENSG00000251920
HGNC:43117	ENSG00000251768
HGNC:43118	ENSG00000200058
HGNC:43119	ENSG00000212242
HGNC:4312	ENSG00000023909
HGNC:43120	ENSG00000252107
HGNC:43121	ENSG00000223203
HGNC:43122	ENSG00000222971
HGNC:43123	ENSG00000202044
HGNC:43124	ENSG00000201939
HGNC:43125	ENSG00000222806
HGNC:43126	ENSG00000199523
HGNC:43127	ENSG00000251993
HGNC:43128	ENSG00000252041
HGNC:43129	ENSG00000222741
HGNC:4313	ENSG00000178445
HGNC:43130	ENSG00000252848
HGNC:43131	ENSG00000222428
HGNC:43132	ENSG00000201014
HGNC:43133	ENSG00000238391
HGNC:43134	ENSG00000200786
HGNC:43135	ENSG00000202281
HGNC:43136	ENSG00000251978
HGNC:43137	ENSG00000222346
HGNC:43138	ENSG00000202334
HGNC:43139	ENSG00000222150
HGNC:4314	ENSG00000248590
HGNC:43140	ENSG00000202225
HGNC:43141	ENSG00000212628
HGNC:43142	ENSG00000201041
HGNC:43143	ENSG00000252866
HGNC:43144	ENSG00000212238
HGNC:43145	ENSG00000201109
HGNC:43146	ENSG00000239021
HGNC:43147	ENSG00000223113
HGNC:43148	ENSG00000202472
HGNC:43149	ENSG00000251936
HGNC:4315	ENSG00000119392
HGNC:43150	ENSG00000199404
HGNC:43151	ENSG00000222546
HGNC:43152	ENSG00000212433
HGNC:43153	ENSG00000252029
HGNC:43154	ENSG00000252535
HGNC:43155	ENSG00000252179
HGNC:43156	ENSG00000212280
HGNC:43157	ENSG00000274467
HGNC:43158	ENSG00000199620
HGNC:43159	ENSG00000202411
HGNC:4316	ENSG00000090863
HGNC:43160	ENSG00000200719
HGNC:43161	ENSG00000222468
HGNC:43162	ENSG00000252261
HGNC:43163	ENSG00000200246
HGNC:43164	ENSG00000199985
HGNC:43165	ENSG00000222955
HGNC:43166	ENSG00000222205
HGNC:43167	ENSG00000201763
HGNC:43168	ENSG00000252637
HGNC:43169	ENSG00000239184
HGNC:4317	ENSG00000111087
HGNC:43170	ENSG00000223293
HGNC:43171	ENSG00000252509
HGNC:43172	ENSG00000251904
HGNC:43173	ENSG00000199354
HGNC:43174	ENSG00000222416
HGNC:43175	ENSG00000200806
HGNC:43176	ENSG00000199450
HGNC:43177	ENSG00000202356
HGNC:43178	ENSG00000252864
HGNC:43179	ENSG00000202383
HGNC:4318	ENSG00000074047
HGNC:43180	ENSG00000223162
HGNC:43181	ENSG00000252313
HGNC:43182	ENSG00000252164
HGNC:43183	ENSG00000202474
HGNC:43184	ENSG00000207277
HGNC:43185	ENSG00000252428
HGNC:43186	ENSG00000212454
HGNC:43187	ENSG00000252167
HGNC:43188	ENSG00000251884
HGNC:43189	ENSG00000199202
HGNC:4319	ENSG00000106571
HGNC:43190	ENSG00000252942
HGNC:43191	ENSG00000253031
HGNC:43192	ENSG00000212276
HGNC:43193	ENSG00000222459
HGNC:43194	ENSG00000223238
HGNC:43195	ENSG00000199525
HGNC:43196	ENSG00000222455
HGNC:43197	ENSG00000212331
HGNC:43198	ENSG00000201861
HGNC:43199	ENSG00000212505
HGNC:432	ENSG00000262943
HGNC:4320	ENSG00000250571
HGNC:43200	ENSG00000212499
HGNC:43201	ENSG00000199407
HGNC:43202	ENSG00000201766
HGNC:43203	ENSG00000252001
HGNC:43204	ENSG00000223131
HGNC:43205	ENSG00000199535
HGNC:43206	ENSG00000223019
HGNC:43207	ENSG00000199733
HGNC:43208	ENSG00000199402
HGNC:43209	ENSG00000252479
HGNC:43210	ENSG00000239152
HGNC:43211	ENSG00000238405
HGNC:43212	ENSG00000252877
HGNC:43215	ENSG00000252149
HGNC:43217	ENSG00000222108
HGNC:43218	ENSG00000252161
HGNC:43219	ENSG00000199638
HGNC:43220	ENSG00000252072
HGNC:43221	ENSG00000199592
HGNC:43222	ENSG00000200487
HGNC:43223	ENSG00000212396
HGNC:43224	ENSG00000202047
HGNC:43225	ENSG00000200626
HGNC:43226	ENSG00000200079
HGNC:43227	ENSG00000199364
HGNC:43228	ENSG00000222740
HGNC:43229	ENSG00000202147
HGNC:4323	ENSG00000124767
HGNC:43230	ENSG00000252905
HGNC:43231	ENSG00000201856
HGNC:43232	ENSG00000212365
HGNC:43233	ENSG00000200336
HGNC:43234	ENSG00000201695
HGNC:43235	ENSG00000200687
HGNC:43236	ENSG00000201059
HGNC:43237	ENSG00000252816
HGNC:43238	ENSG00000222427
HGNC:43239	ENSG00000212289
HGNC:4324	ENSG00000112164
HGNC:43240	ENSG00000252941
HGNC:43241	ENSG00000252070
HGNC:43242	ENSG00000252902
HGNC:43243	ENSG00000284736
HGNC:43244	ENSG00000223013
HGNC:43245	ENSG00000222578
HGNC:43246	ENSG00000200411
HGNC:43247	ENSG00000199315
HGNC:43249	ENSG00000200613
HGNC:4325	ENSG00000065325
HGNC:43250	ENSG00000200168
HGNC:43251	ENSG00000238965
HGNC:43252	ENSG00000200278
HGNC:43253	ENSG00000201476
HGNC:43254	ENSG00000212549
HGNC:43255	ENSG00000202187
HGNC:43256	ENSG00000251781
HGNC:43257	ENSG00000272435
HGNC:43258	ENSG00000199843
HGNC:43259	ENSG00000201708
HGNC:4326	ENSG00000145888
HGNC:43260	ENSG00000252364
HGNC:43261	ENSG00000199556
HGNC:43262	ENSG00000251857
HGNC:43263	ENSG00000201942
HGNC:43264	ENSG00000252747
HGNC:43265	ENSG00000252207
HGNC:43266	ENSG00000202324
HGNC:43267	ENSG00000252366
HGNC:43268	ENSG00000201168
HGNC:43269	ENSG00000223046
HGNC:4327	ENSG00000101958
HGNC:43270	ENSG00000199415
HGNC:43271	ENSG00000222302
HGNC:43272	ENSG00000212138
HGNC:43273	ENSG00000253080
HGNC:43274	ENSG00000199809
HGNC:43275	ENSG00000199845
HGNC:43276	ENSG00000212251
HGNC:43277	ENSG00000212154
HGNC:43278	ENSG00000200516
HGNC:43279	ENSG00000201469
HGNC:4328	ENSG00000145451
HGNC:43280	ENSG00000252999
HGNC:43282	ENSG00000200225
HGNC:43283	ENSG00000199804
HGNC:43284	ENSG00000252424
HGNC:43285	ENSG00000251756
HGNC:43286	ENSG00000272253
HGNC:43287	ENSG00000201096
HGNC:43288	ENSG00000199454
HGNC:43289	ENSG00000199480
HGNC:4329	ENSG00000109738
HGNC:43290	ENSG00000222123
HGNC:43291	ENSG00000200326
HGNC:43292	ENSG00000252714
HGNC:43293	ENSG00000200293
HGNC:43294	ENSG00000201086
HGNC:43295	ENSG00000252376
HGNC:43296	ENSG00000201704
HGNC:43297	ENSG00000212625
HGNC:43299	ENSG00000200873
HGNC:433	ENSG00000161905
HGNC:4330	ENSG00000173221
HGNC:43300	ENSG00000252964
HGNC:43301	ENSG00000251729
HGNC:43302	ENSG00000252957
HGNC:43303	ENSG00000200468
HGNC:43304	ENSG00000252927
HGNC:43305	ENSG00000199929
HGNC:43306	ENSG00000251915
HGNC:43307	ENSG00000222207
HGNC:43308	ENSG00000251924
HGNC:43309	ENSG00000252624
HGNC:4331	ENSG00000115419
HGNC:43310	ENSG00000252094
HGNC:43311	ENSG00000276599
HGNC:43312	ENSG00000277004
HGNC:43313	ENSG00000252182
HGNC:43314	ENSG00000274228
HGNC:43315	ENSG00000253055
HGNC:43316	ENSG00000252647
HGNC:43317	ENSG00000252268
HGNC:43318	ENSG00000251760
HGNC:43319	ENSG00000251717
HGNC:4332	ENSG00000063169
HGNC:43320	ENSG00000252806
HGNC:43321	ENSG00000252673
HGNC:43322	ENSG00000252587
HGNC:43323	ENSG00000252936
HGNC:43324	ENSG00000212290
HGNC:43325	ENSG00000222268
HGNC:43326	ENSG00000199771
HGNC:43327	ENSG00000202193
HGNC:43328	ENSG00000201999
HGNC:43329	ENSG00000200558
HGNC:4333	ENSG00000105373
HGNC:43330	ENSG00000199299
HGNC:43331	ENSG00000222244
HGNC:43332	ENSG00000199350
HGNC:43333	ENSG00000201361
HGNC:43334	ENSG00000252456
HGNC:43335	ENSG00000200914
HGNC:43336	ENSG00000251829
HGNC:43337	ENSG00000253058
HGNC:43338	ENSG00000252370
HGNC:43339	ENSG00000274164
HGNC:43340	ENSG00000276036
HGNC:43341	ENSG00000252618
HGNC:43342	ENSG00000201920
HGNC:43343	ENSG00000199953
HGNC:43344	ENSG00000252653
HGNC:43345	ENSG00000251698
HGNC:43346	ENSG00000251764
HGNC:43347	ENSG00000200619
HGNC:43348	ENSG00000200021
HGNC:43349	ENSG00000252680
HGNC:4335	ENSG00000148672
HGNC:43350	ENSG00000223138
HGNC:43351	ENSG00000222520
HGNC:43352	ENSG00000199874
HGNC:43353	ENSG00000199373
HGNC:43354	ENSG00000253040
HGNC:43355	ENSG00000202060
HGNC:43356	ENSG00000200872
HGNC:43357	ENSG00000200527
HGNC:43358	ENSG00000251997
HGNC:43359	ENSG00000252437
HGNC:4336	ENSG00000182890
HGNC:43360	ENSG00000252598
HGNC:43361	ENSG00000252260
HGNC:43362	ENSG00000252539
HGNC:43363	ENSG00000199900
HGNC:43364	ENSG00000252060
HGNC:43365	ENSG00000212497
HGNC:43366	ENSG00000252546
HGNC:43367	ENSG00000212576
HGNC:43368	ENSG00000252591
HGNC:43369	ENSG00000201035
HGNC:4337	ENSG00000265366
HGNC:43370	ENSG00000252272
HGNC:43371	ENSG00000252780
HGNC:43372	ENSG00000200738
HGNC:43373	ENSG00000252211
HGNC:43374	ENSG00000212536
HGNC:43375	ENSG00000222500
HGNC:43376	ENSG00000252422
HGNC:43377	ENSG00000199509
HGNC:43378	ENSG00000201527
HGNC:43379	ENSG00000201728
HGNC:4338	ENSG00000250959
HGNC:43380	ENSG00000252649
HGNC:43381	ENSG00000252623
HGNC:43382	ENSG00000212571
HGNC:43383	ENSG00000200301
HGNC:43384	ENSG00000238908
HGNC:43385	ENSG00000201923
HGNC:43386	ENSG00000251770
HGNC:43387	ENSG00000222118
HGNC:43388	ENSG00000201812
HGNC:43389	ENSG00000238627
HGNC:4339	ENSG00000267486
HGNC:43390	ENSG00000252950
HGNC:43391	ENSG00000199806
HGNC:43392	ENSG00000223262
HGNC:43393	ENSG00000200985
HGNC:43394	ENSG00000222585
HGNC:43395	ENSG00000252267
HGNC:43396	ENSG00000212542
HGNC:43397	ENSG00000251890
HGNC:43398	ENSG00000223274
HGNC:43399	ENSG00000200852
HGNC:434	ENSG00000179593
HGNC:43400	ENSG00000201356
HGNC:43401	ENSG00000222922
HGNC:43402	ENSG00000199564
HGNC:43403	ENSG00000252856
HGNC:43404	ENSG00000222608
HGNC:43405	ENSG00000201618
HGNC:43406	ENSG00000272351
HGNC:43407	ENSG00000200473
HGNC:43408	ENSG00000223259
HGNC:43409	ENSG00000201447
HGNC:4341	ENSG00000135821
HGNC:43410	ENSG00000201567
HGNC:43411	ENSG00000222419
HGNC:43412	ENSG00000201420
HGNC:43413	ENSG00000201518
HGNC:43414	ENSG00000200587
HGNC:43415	ENSG00000201440
HGNC:43416	ENSG00000201000
HGNC:43417	ENSG00000201594
HGNC:43418	ENSG00000251766
HGNC:43419	ENSG00000252289
HGNC:43420	ENSG00000252315
HGNC:43421	ENSG00000252012
HGNC:43422	ENSG00000251953
HGNC:43423	ENSG00000252667
HGNC:43424	ENSG00000237282
HGNC:43425	ENSG00000239831
HGNC:43426	ENSG00000225759
HGNC:43428	ENSG00000250682
HGNC:43429	ENSG00000250958
HGNC:43430	ENSG00000232388
HGNC:43431	ENSG00000230658
HGNC:43434	ENSG00000177112
HGNC:43435	ENSG00000248397
HGNC:43436	ENSG00000251372
HGNC:43438	ENSG00000224281
HGNC:43439	ENSG00000203645
HGNC:4344	ENSG00000254572
HGNC:43440	ENSG00000253167
HGNC:43441	ENSG00000237883
HGNC:43442	ENSG00000224851
HGNC:43444	ENSG00000263155
HGNC:43445	ENSG00000227624
HGNC:43446	ENSG00000233270
HGNC:43447	ENSG00000225642
HGNC:4345	ENSG00000178723
HGNC:43451	ENSG00000263881
HGNC:43452	ENSG00000266203
HGNC:43460	ENSG00000264722
HGNC:43485	ENSG00000266570
HGNC:43487	ENSG00000263987
HGNC:435	ENSG00000012779
HGNC:43507	ENSG00000263381
HGNC:43509	ENSG00000265521
HGNC:43518	ENSG00000266502
HGNC:43525	ENSG00000266328
HGNC:43537	ENSG00000263750
HGNC:43551	ENSG00000265939
HGNC:43552	ENSG00000250384
HGNC:43553	ENSG00000259179
HGNC:43554	ENSG00000270804
HGNC:43555	ENSG00000248360
HGNC:43557	ENSG00000281392
HGNC:43558	ENSG00000256193
HGNC:43559	ENSG00000256971
HGNC:43560	ENSG00000237714
HGNC:43561	ENSG00000240204
HGNC:43562	ENSG00000230937
HGNC:43563	ENSG00000247556
HGNC:43564	ENSG00000227036
HGNC:43566	ENSG00000233559
HGNC:43567	ENSG00000266433
HGNC:43568	ENSG00000224966
HGNC:43569	ENSG00000233014
HGNC:43570	ENSG00000188933
HGNC:43571	ENSG00000217824
HGNC:43572	ENSG00000225990
HGNC:43573	ENSG00000231399
HGNC:43574	ENSG00000214124
HGNC:43575	ENSG00000227002
HGNC:43576	ENSG00000189423
HGNC:43577	ENSG00000263887
HGNC:43578	ENSG00000259156
HGNC:43579	ENSG00000234898
HGNC:43580	ENSG00000235969
HGNC:43581	ENSG00000234541
HGNC:43582	ENSG00000233867
HGNC:43583	ENSG00000227367
HGNC:43586	ENSG00000224632
HGNC:43587	ENSG00000216723
HGNC:43588	ENSG00000270900
HGNC:43589	ENSG00000251073
HGNC:43590	ENSG00000228624
HGNC:43591	ENSG00000236709
HGNC:43592	ENSG00000248587
HGNC:43594	ENSG00000235079
HGNC:43595	ENSG00000229956
HGNC:43596	ENSG00000237033
HGNC:43598	ENSG00000248987
HGNC:436	ENSG00000132965
HGNC:43600	ENSG00000244968
HGNC:43601	ENSG00000159712
HGNC:43608	ENSG00000251056
HGNC:43609	ENSG00000217165
HGNC:43611	ENSG00000266826
HGNC:43612	ENSG00000231552
HGNC:43613	ENSG00000250325
HGNC:43614	ENSG00000250858
HGNC:43616	ENSG00000258469
HGNC:43617	ENSG00000189348
HGNC:43618	ENSG00000274150
HGNC:43619	ENSG00000205301
HGNC:43620	ENSG00000226547
HGNC:43621	ENSG00000284306
HGNC:43622	ENSG00000284546
HGNC:43623	ENSG00000283873
HGNC:43624	ENSG00000284018
HGNC:43625	ENSG00000236175
HGNC:43626	ENSG00000284438
HGNC:43627	ENSG00000230268
HGNC:43629	ENSG00000182796
HGNC:43630	ENSG00000253733
HGNC:43632	ENSG00000259196
HGNC:43633	ENSG00000253974
HGNC:43635	ENSG00000254049
HGNC:43636	ENSG00000229356
HGNC:43637	ENSG00000258537
HGNC:43638	ENSG00000269964
HGNC:43639	ENSG00000232300
HGNC:43640	ENSG00000213612
HGNC:43642	ENSG00000204091
HGNC:43643	ENSG00000253394
HGNC:43644	ENSG00000246662
HGNC:43645	ENSG00000249917
HGNC:43646	ENSG00000178660
HGNC:43648	ENSG00000100181
HGNC:43649	ENSG00000265688
HGNC:43650	ENSG00000279066
HGNC:43651	ENSG00000266236
HGNC:43653	ENSG00000265817
HGNC:43655	ENSG00000281664
HGNC:43656	ENSG00000230461
HGNC:43658	ENSG00000236383
HGNC:43660	ENSG00000234568
HGNC:43661	ENSG00000248684
HGNC:43662	ENSG00000259307
HGNC:43664	ENSG00000236830
HGNC:43666	ENSG00000225174
HGNC:43667	ENSG00000215833
HGNC:43668	ENSG00000227613
HGNC:43669	ENSG00000257957
HGNC:4367	ENSG00000196743
HGNC:43670	ENSG00000255679
HGNC:43672	ENSG00000224429
HGNC:43673	ENSG00000276476
HGNC:43674	ENSG00000213159
HGNC:43678	ENSG00000260704
HGNC:43679	ENSG00000122043
HGNC:4368	ENSG00000241695
HGNC:43680	ENSG00000236094
HGNC:43686	ENSG00000170919
HGNC:43688	ENSG00000281778
HGNC:4369	ENSG00000112699
HGNC:43690	ENSG00000270181
HGNC:43691	ENSG00000272274
HGNC:43692	ENSG00000279770
HGNC:43693	ENSG00000227177
HGNC:43694	ENSG00000272695
HGNC:43695	ENSG00000222019
HGNC:43696	ENSG00000260992
HGNC:43697	ENSG00000260738
HGNC:43698	ENSG00000247381
HGNC:43699	ENSG00000261057
HGNC:437	ENSG00000163295
HGNC:4370	ENSG00000162419
HGNC:43700	ENSG00000260131
HGNC:43701	ENSG00000260962
HGNC:43702	ENSG00000261517
HGNC:43703	ENSG00000261446
HGNC:43704	ENSG00000261666
HGNC:43705	ENSG00000261206
HGNC:43706	ENSG00000260388
HGNC:43707	ENSG00000261097
HGNC:43708	ENSG00000260094
HGNC:43709	ENSG00000260910
HGNC:4371	ENSG00000101216
HGNC:43710	ENSG00000261498
HGNC:43711	ENSG00000259831
HGNC:43712	ENSG00000248104
HGNC:43713	ENSG00000228126
HGNC:43714	ENSG00000228288
HGNC:43715	ENSG00000225506
HGNC:43716	ENSG00000224805
HGNC:43717	ENSG00000224177
HGNC:43718	ENSG00000280620
HGNC:43720	ENSG00000267365
HGNC:43721	ENSG00000223685
HGNC:43722	ENSG00000224405
HGNC:43725	ENSG00000233355
HGNC:43727	ENSG00000243974
HGNC:43728	ENSG00000213434
HGNC:43729	ENSG00000258074
HGNC:4373	ENSG00000197045
HGNC:43730	ENSG00000227759
HGNC:43732	ENSG00000261366
HGNC:43734	ENSG00000268799
HGNC:43735	ENSG00000269466
HGNC:43736	ENSG00000214009
HGNC:43737	ENSG00000254544
HGNC:43738	ENSG00000264589
HGNC:4374	ENSG00000130755
HGNC:43740	ENSG00000214401
HGNC:43743	ENSG00000271488
HGNC:43744	ENSG00000230148
HGNC:43745	ENSG00000253552
HGNC:43746	ENSG00000229924
HGNC:43747	ENSG00000269118
HGNC:43748	ENSG00000254369
HGNC:43749	ENSG00000250451
HGNC:4375	ENSG00000104499
HGNC:43750	ENSG00000250133
HGNC:43751	ENSG00000251151
HGNC:43752	ENSG00000269776
HGNC:43753	ENSG00000249641
HGNC:43754	ENSG00000259427
HGNC:43755	ENSG00000224189
HGNC:43756	ENSG00000237380
HGNC:43757	ENSG00000251360
HGNC:43759	ENSG00000226491
HGNC:4376	ENSG00000137198
HGNC:43760	ENSG00000251453
HGNC:43761	ENSG00000224224
HGNC:43762	ENSG00000253226
HGNC:43763	ENSG00000226967
HGNC:43764	ENSG00000227344
HGNC:43765	ENSG00000236121
HGNC:43766	ENSG00000257300
HGNC:43768	ENSG00000235430
HGNC:43769	ENSG00000231258
HGNC:4377	ENSG00000100938
HGNC:43770	ENSG00000248958
HGNC:43771	ENSG00000249693
HGNC:43772	ENSG00000235013
HGNC:43773	ENSG00000258609
HGNC:43775	ENSG00000255430
HGNC:43776	ENSG00000254750
HGNC:43779	ENSG00000221891
HGNC:4378	ENSG00000163655
HGNC:43780	ENSG00000255265
HGNC:43781	ENSG00000232467
HGNC:43782	ENSG00000214660
HGNC:43783	ENSG00000214668
HGNC:43784	ENSG00000258373
HGNC:43785	ENSG00000263505
HGNC:43787	ENSG00000250591
HGNC:43789	ENSG00000204982
HGNC:4379	ENSG00000088256
HGNC:43790	ENSG00000277083
HGNC:43791	ENSG00000186163
HGNC:43792	ENSG00000265158
HGNC:43794	ENSG00000230228
HGNC:43795	ENSG00000237279
HGNC:43796	ENSG00000234202
HGNC:43797	ENSG00000213244
HGNC:43798	ENSG00000231712
HGNC:43799	ENSG00000237178
HGNC:438	ENSG00000162551
HGNC:4380	ENSG00000146535
HGNC:43801	ENSG00000227430
HGNC:43802	ENSG00000229421
HGNC:43803	ENSG00000230111
HGNC:43804	ENSG00000243977
HGNC:43805	ENSG00000250966
HGNC:43807	ENSG00000228221
HGNC:43809	ENSG00000213708
HGNC:4381	ENSG00000120063
HGNC:43811	ENSG00000227477
HGNC:43813	ENSG00000271013
HGNC:43815	ENSG00000214553
HGNC:43816	ENSG00000229259
HGNC:43817	ENSG00000257101
HGNC:43818	ENSG00000215771
HGNC:43819	ENSG00000230069
HGNC:4382	ENSG00000156049
HGNC:43820	ENSG00000267023
HGNC:43822	ENSG00000217643
HGNC:43823	ENSG00000229204
HGNC:43824	ENSG00000234518
HGNC:43825	ENSG00000236937
HGNC:43826	ENSG00000234544
HGNC:43827	ENSG00000258916
HGNC:43828	ENSG00000274279
HGNC:4383	ENSG00000060558
HGNC:43831	ENSG00000230356
HGNC:43832	ENSG00000254582
HGNC:43833	ENSG00000251234
HGNC:43834	ENSG00000227890
HGNC:43835	ENSG00000248822
HGNC:43836	ENSG00000249310
HGNC:43837	ENSG00000269904
HGNC:43839	ENSG00000247828
HGNC:4384	ENSG00000127955
HGNC:43842	ENSG00000229228
HGNC:43843	ENSG00000255157
HGNC:43844	ENSG00000205989
HGNC:43845	ENSG00000254479
HGNC:43846	ENSG00000213645
HGNC:43847	ENSG00000234467
HGNC:43848	ENSG00000261608
HGNC:43849	ENSG00000267323
HGNC:4385	ENSG00000114353
HGNC:43850	ENSG00000232203
HGNC:43852	ENSG00000232846
HGNC:43853	ENSG00000266909
HGNC:43854	ENSG00000228948
HGNC:43855	ENSG00000218870
HGNC:43856	ENSG00000213608
HGNC:43857	ENSG00000234309
HGNC:43858	ENSG00000229785
HGNC:43859	ENSG00000226148
HGNC:4386	ENSG00000255749
HGNC:43860	ENSG00000254799
HGNC:43861	ENSG00000234048
HGNC:43862	ENSG00000224566
HGNC:43863	ENSG00000180574
HGNC:43864	ENSG00000227684
HGNC:43865	ENSG00000186543
HGNC:43866	ENSG00000242562
HGNC:43867	ENSG00000250816
HGNC:43868	ENSG00000259378
HGNC:43869	ENSG00000223825
HGNC:4387	ENSG00000065135
HGNC:43870	ENSG00000180673
HGNC:43871	ENSG00000250485
HGNC:43874	ENSG00000223403
HGNC:43877	ENSG00000278910
HGNC:43879	ENSG00000283093
HGNC:4388	ENSG00000141404
HGNC:43880	ENSG00000224109
HGNC:43881	ENSG00000249661
HGNC:43882	ENSG00000176318
HGNC:43883	ENSG00000237758
HGNC:43884	ENSG00000223828
HGNC:43885	ENSG00000225935
HGNC:43886	ENSG00000217325
HGNC:43887	ENSG00000217408
HGNC:43888	ENSG00000235816
HGNC:43889	ENSG00000259592
HGNC:4389	ENSG00000087258
HGNC:43890	ENSG00000275953
HGNC:43891	ENSG00000220548
HGNC:43892	ENSG00000257336
HGNC:43894	ENSG00000268388
HGNC:43896	ENSG00000215039
HGNC:43897	ENSG00000260031
HGNC:43899	ENSG00000239527
HGNC:439	ENSG00000163283
HGNC:4390	ENSG00000156052
HGNC:43900	ENSG00000258692
HGNC:43901	ENSG00000248574
HGNC:43902	ENSG00000249162
HGNC:43904	ENSG00000281591
HGNC:43905	ENSG00000262829
HGNC:43906	ENSG00000248550
HGNC:4391	ENSG00000214077
HGNC:43910	ENSG00000255733
HGNC:43911	ENSG00000260785
HGNC:43912	ENSG00000178503
HGNC:43913	ENSG00000234632
HGNC:43915	ENSG00000233409
HGNC:43916	ENSG00000235180
HGNC:43918	ENSG00000250048
HGNC:43919	ENSG00000251515
HGNC:4392	ENSG00000087460
HGNC:43921	ENSG00000250492
HGNC:43922	ENSG00000248651
HGNC:43923	ENSG00000249668
HGNC:43924	ENSG00000250585
HGNC:43925	ENSG00000251215
HGNC:43926	ENSG00000249089
HGNC:43927	ENSG00000259525
HGNC:43928	ENSG00000251533
HGNC:43929	ENSG00000237580
HGNC:4393	ENSG00000114349
HGNC:43930	ENSG00000256171
HGNC:43931	ENSG00000226567
HGNC:43932	ENSG00000270872
HGNC:43933	ENSG00000227864
HGNC:43935	ENSG00000228431
HGNC:43936	ENSG00000224806
HGNC:43937	ENSG00000236818
HGNC:43938	ENSG00000232284
HGNC:43939	ENSG00000231147
HGNC:4394	ENSG00000134183
HGNC:43940	ENSG00000227817
HGNC:43941	ENSG00000258080
HGNC:43942	ENSG00000258233
HGNC:43943	ENSG00000267060
HGNC:43944	ENSG00000235770
HGNC:43946	ENSG00000108825
HGNC:43948	ENSG00000243661
HGNC:43949	ENSG00000250474
HGNC:4395	ENSG00000128266
HGNC:43951	ENSG00000251035
HGNC:43955	ENSG00000269732
HGNC:43956	ENSG00000268663
HGNC:43957	ENSG00000259454
HGNC:43958	ENSG00000253612
HGNC:43959	ENSG00000259104
HGNC:4396	ENSG00000078369
HGNC:43960	ENSG00000257585
HGNC:43962	ENSG00000230865
HGNC:43963	ENSG00000230604
HGNC:43964	ENSG00000234922
HGNC:43965	ENSG00000251174
HGNC:43966	ENSG00000219061
HGNC:43967	ENSG00000232970
HGNC:43968	ENSG00000249910
HGNC:43969	ENSG00000255190
HGNC:4397	ENSG00000185838
HGNC:43970	ENSG00000237706
HGNC:43972	ENSG00000220948
HGNC:43973	ENSG00000223417
HGNC:43974	ENSG00000254751
HGNC:43975	ENSG00000223709
HGNC:43976	ENSG00000226185
HGNC:43977	ENSG00000166007
HGNC:43978	ENSG00000232717
HGNC:43979	ENSG00000254764
HGNC:4398	ENSG00000172354
HGNC:43980	ENSG00000254993
HGNC:43981	ENSG00000144188
HGNC:43984	ENSG00000281344
HGNC:43985	ENSG00000213926
HGNC:43986	ENSG00000231763
HGNC:43988	ENSG00000232144
HGNC:43989	ENSG00000230787
HGNC:4399	ENSG00000204628
HGNC:43990	ENSG00000224962
HGNC:43991	ENSG00000248866
HGNC:43992	ENSG00000258737
HGNC:43993	ENSG00000261612
HGNC:43994	ENSG00000260247
HGNC:43997	ENSG00000236349
HGNC:43999	ENSG00000249226
HGNC:44	ENSG00000204267
HGNC:4400	ENSG00000111664
HGNC:44000	ENSG00000249129
HGNC:44003	ENSG00000247950
HGNC:44004	ENSG00000250304
HGNC:44005	ENSG00000223595
HGNC:44006	ENSG00000251483
HGNC:44007	ENSG00000218350
HGNC:44008	ENSG00000250556
HGNC:44009	ENSG00000248697
HGNC:4401	ENSG00000069966
HGNC:44010	ENSG00000248633
HGNC:44011	ENSG00000253146
HGNC:44012	ENSG00000250215
HGNC:44013	ENSG00000216708
HGNC:44015	ENSG00000250693
HGNC:44016	ENSG00000175749
HGNC:44017	ENSG00000233544
HGNC:44018	ENSG00000250442
HGNC:44019	ENSG00000250627
HGNC:4402	ENSG00000242616
HGNC:44020	ENSG00000250272
HGNC:44021	ENSG00000249778
HGNC:44022	ENSG00000265262
HGNC:44023	ENSG00000236763
HGNC:44024	ENSG00000250161
HGNC:44025	ENSG00000268412
HGNC:44026	ENSG00000270275
HGNC:44027	ENSG00000248139
HGNC:44028	ENSG00000213493
HGNC:4403	ENSG00000127920
HGNC:44032	ENSG00000214141
HGNC:44036	ENSG00000251624
HGNC:44037	ENSG00000249272
HGNC:44038	ENSG00000251463
HGNC:44039	ENSG00000218424
HGNC:4404	ENSG00000186469
HGNC:44040	ENSG00000234226
HGNC:44041	ENSG00000233664
HGNC:44042	ENSG00000251437
HGNC:44043	ENSG00000230671
HGNC:44044	ENSG00000255531
HGNC:44046	ENSG00000250412
HGNC:44048	ENSG00000281450
HGNC:44049	ENSG00000250219
HGNC:4405	ENSG00000162188
HGNC:44050	ENSG00000235043
HGNC:44051	ENSG00000248565
HGNC:44052	ENSG00000251436
HGNC:44053	ENSG00000249555
HGNC:44054	ENSG00000223620
HGNC:44055	ENSG00000248394
HGNC:44056	ENSG00000248735
HGNC:44057	ENSG00000216817
HGNC:44058	ENSG00000248191
HGNC:44059	ENSG00000229268
HGNC:44060	ENSG00000248330
HGNC:44061	ENSG00000250813
HGNC:44062	ENSG00000276058
HGNC:44063	ENSG00000251440
HGNC:44064	ENSG00000250033
HGNC:44065	ENSG00000248307
HGNC:44066	ENSG00000244273
HGNC:44068	ENSG00000249834
HGNC:4407	ENSG00000168243
HGNC:44070	ENSG00000225136
HGNC:44071	ENSG00000226064
HGNC:44075	ENSG00000229332
HGNC:44076	ENSG00000248877
HGNC:44077	ENSG00000277708
HGNC:4408	ENSG00000174021
HGNC:44080	ENSG00000255624
HGNC:44081	ENSG00000232735
HGNC:44082	ENSG00000255982
HGNC:44083	ENSG00000231254
HGNC:44084	ENSG00000243438
HGNC:44085	ENSG00000232664
HGNC:44086	ENSG00000236130
HGNC:44088	ENSG00000250366
HGNC:44089	ENSG00000259461
HGNC:4409	ENSG00000213536
HGNC:44092	ENSG00000270714
HGNC:44093	ENSG00000224237
HGNC:44094	ENSG00000248117
HGNC:44095	ENSG00000026036
HGNC:44096	ENSG00000249680
HGNC:44097	ENSG00000171084
HGNC:44098	ENSG00000163612
HGNC:44099	ENSG00000242731
HGNC:441	ENSG00000163286
HGNC:4410	ENSG00000176533
HGNC:44100	ENSG00000186234
HGNC:44101	ENSG00000253302
HGNC:44102	ENSG00000227028
HGNC:44104	ENSG00000259673
HGNC:44105	ENSG00000228544
HGNC:44107	ENSG00000230530
HGNC:44108	ENSG00000228237
HGNC:4411	ENSG00000127928
HGNC:44110	ENSG00000237836
HGNC:44111	ENSG00000235958
HGNC:44112	ENSG00000261115
HGNC:44113	ENSG00000258057
HGNC:44114	ENSG00000226167
HGNC:44115	ENSG00000255282
HGNC:44116	ENSG00000236618
HGNC:44117	ENSG00000246859
HGNC:44118	ENSG00000268061
HGNC:44119	ENSG00000270084
HGNC:4412	ENSG00000167083
HGNC:44120	ENSG00000245598
HGNC:44121	ENSG00000231274
HGNC:44122	ENSG00000247595
HGNC:44123	ENSG00000255857
HGNC:44124	ENSG00000237298
HGNC:44125	ENSG00000239653
HGNC:44128	ENSG00000247675
HGNC:4413	ENSG00000204590
HGNC:44130	ENSG00000223760
HGNC:44132	ENSG00000226235
HGNC:44133	ENSG00000223358
HGNC:44134	ENSG00000227480
HGNC:44135	ENSG00000231584
HGNC:44136	ENSG00000230583
HGNC:44137	ENSG00000249454
HGNC:44138	ENSG00000249700
HGNC:4414	ENSG00000115523
HGNC:44140	ENSG00000259248
HGNC:44141	ENSG00000250298
HGNC:44142	ENSG00000241015
HGNC:44143	ENSG00000161912
HGNC:44144	ENSG00000260898
HGNC:44145	ENSG00000281357
HGNC:44146	ENSG00000235919
HGNC:44147	ENSG00000248079
HGNC:44148	ENSG00000265148
HGNC:44149	ENSG00000232871
HGNC:4415	ENSG00000124713
HGNC:44150	ENSG00000233673
HGNC:44151	ENSG00000237737
HGNC:44152	ENSG00000260001
HGNC:44153	ENSG00000258766
HGNC:44154	ENSG00000227375
HGNC:44155	ENSG00000261587
HGNC:44156	ENSG00000230314
HGNC:44157	ENSG00000244879
HGNC:44158	ENSG00000257167
HGNC:44159	ENSG00000261594
HGNC:4416	ENSG00000116906
HGNC:44160	ENSG00000204583
HGNC:44161	ENSG00000229589
HGNC:44162	ENSG00000205913
HGNC:44163	ENSG00000233642
HGNC:44164	ENSG00000185290
HGNC:44165	ENSG00000253661
HGNC:44166	ENSG00000247774
HGNC:44167	ENSG00000232998
HGNC:44168	ENSG00000259863
HGNC:44169	ENSG00000261801
HGNC:4417	ENSG00000113552
HGNC:44170	ENSG00000224687
HGNC:44172	ENSG00000251022
HGNC:44173	ENSG00000214293
HGNC:44174	ENSG00000268006
HGNC:44176	ENSG00000245614
HGNC:44177	ENSG00000254703
HGNC:44178	ENSG00000269386
HGNC:44179	ENSG00000255274
HGNC:44180	ENSG00000204934
HGNC:44181	ENSG00000224958
HGNC:44182	ENSG00000248890
HGNC:44183	ENSG00000233452
HGNC:44185	ENSG00000228903
HGNC:44186	ENSG00000237296
HGNC:44187	ENSG00000227533
HGNC:44188	ENSG00000250802
HGNC:44189	ENSG00000213693
HGNC:4419	ENSG00000147437
HGNC:44190	ENSG00000183055
HGNC:44192	ENSG00000230562
HGNC:44193	ENSG00000227973
HGNC:44194	ENSG00000259467
HGNC:44195	ENSG00000224837
HGNC:44197	ENSG00000184949
HGNC:4420	ENSG00000125787
HGNC:44200	ENSG00000269113
HGNC:44201	ENSG00000268223
HGNC:44202	ENSG00000248998
HGNC:44204	ENSG00000235169
HGNC:44205	ENSG00000238205
HGNC:44206	ENSG00000234465
HGNC:44208	ENSG00000259823
HGNC:44209	ENSG00000230510
HGNC:4421	ENSG00000109163
HGNC:44210	ENSG00000248915
HGNC:44211	ENSG00000251046
HGNC:44212	ENSG00000251464
HGNC:44213	ENSG00000251441
HGNC:44219	ENSG00000245958
HGNC:4422	ENSG00000135677
HGNC:44222	ENSG00000247809
HGNC:44223	ENSG00000224514
HGNC:44226	ENSG00000233297
HGNC:44227	ENSG00000262619
HGNC:44238	ENSG00000275011
HGNC:44239	ENSG00000250257
HGNC:4424	ENSG00000136935
HGNC:44240	ENSG00000217783
HGNC:44241	ENSG00000270098
HGNC:44243	ENSG00000236480
HGNC:44244	ENSG00000235892
HGNC:44245	ENSG00000220563
HGNC:44246	ENSG00000254023
HGNC:44247	ENSG00000215057
HGNC:44248	ENSG00000233229
HGNC:44249	ENSG00000232185
HGNC:4425	ENSG00000167110
HGNC:44250	ENSG00000226755
HGNC:44251	ENSG00000260941
HGNC:44252	ENSG00000226067
HGNC:44253	ENSG00000226446
HGNC:44254	ENSG00000278811
HGNC:44256	ENSG00000237424
HGNC:44257	ENSG00000225826
HGNC:44259	ENSG00000274487
HGNC:4426	ENSG00000090615
HGNC:44261	ENSG00000224533
HGNC:44262	ENSG00000227060
HGNC:44263	ENSG00000223546
HGNC:44264	ENSG00000226031
HGNC:44265	ENSG00000241769
HGNC:44266	ENSG00000230844
HGNC:44268	ENSG00000275520
HGNC:44269	ENSG00000224107
HGNC:4427	ENSG00000144674
HGNC:44271	ENSG00000250289
HGNC:44272	ENSG00000231770
HGNC:4428	ENSG00000066455
HGNC:4429	ENSG00000173230
HGNC:44290	ENSG00000258920
HGNC:44291	ENSG00000258479
HGNC:44292	ENSG00000232774
HGNC:44293	ENSG00000233208
HGNC:44295	ENSG00000258980
HGNC:44296	ENSG00000186369
HGNC:44297	ENSG00000259142
HGNC:44298	ENSG00000258708
HGNC:44299	ENSG00000258548
HGNC:443	ENSG00000003393
HGNC:4430	ENSG00000108587
HGNC:44302	ENSG00000259129
HGNC:44303	ENSG00000223799
HGNC:44304	ENSG00000227039
HGNC:44305	ENSG00000237945
HGNC:44307	ENSG00000231265
HGNC:44308	ENSG00000273148
HGNC:44309	ENSG00000236736
HGNC:4431	ENSG00000108433
HGNC:44310	ENSG00000204393
HGNC:44311	ENSG00000260032
HGNC:44312	ENSG00000227906
HGNC:44313	ENSG00000226263
HGNC:44314	ENSG00000234684
HGNC:44315	ENSG00000226995
HGNC:44316	ENSG00000228705
HGNC:44317	ENSG00000145337
HGNC:44318	ENSG00000237452
HGNC:44319	ENSG00000268658
HGNC:4432	ENSG00000120053
HGNC:44321	ENSG00000166770
HGNC:44322	ENSG00000176593
HGNC:44323	ENSG00000232677
HGNC:44324	ENSG00000267470
HGNC:44325	ENSG00000271171
HGNC:44327	ENSG00000267586
HGNC:44328	ENSG00000265933
HGNC:44329	ENSG00000264127
HGNC:4433	ENSG00000125166
HGNC:44330	ENSG00000271105
HGNC:44331	ENSG00000264247
HGNC:44333	ENSG00000263878
HGNC:44334	ENSG00000225574
HGNC:44335	ENSG00000204663
HGNC:44337	ENSG00000204658
HGNC:44338	ENSG00000179136
HGNC:44339	ENSG00000213373
HGNC:4434	ENSG00000231900
HGNC:44340	ENSG00000229980
HGNC:44342	ENSG00000226137
HGNC:44344	ENSG00000270532
HGNC:44345	ENSG00000236278
HGNC:44347	ENSG00000257847
HGNC:44348	ENSG00000225787
HGNC:44349	ENSG00000250835
HGNC:4435	ENSG00000230849
HGNC:44350	ENSG00000260014
HGNC:44351	ENSG00000265096
HGNC:44352	ENSG00000163597
HGNC:44353	ENSG00000263874
HGNC:44355	ENSG00000237854
HGNC:44356	ENSG00000263429
HGNC:44357	ENSG00000263400
HGNC:44358	ENSG00000197291
HGNC:44359	ENSG00000267278
HGNC:4436	ENSG00000233719
HGNC:44361	ENSG00000188825
HGNC:44362	ENSG00000224367
HGNC:44364	ENSG00000241527
HGNC:44365	ENSG00000224353
HGNC:44366	ENSG00000226469
HGNC:44367	ENSG00000205267
HGNC:44368	ENSG00000272143
HGNC:44370	ENSG00000178734
HGNC:44371	ENSG00000173295
HGNC:44372	ENSG00000251087
HGNC:44374	ENSG00000226943
HGNC:44375	ENSG00000238278
HGNC:44376	ENSG00000251271
HGNC:44377	ENSG00000227620
HGNC:44378	ENSG00000254978
HGNC:44379	ENSG00000254016
HGNC:44380	ENSG00000249889
HGNC:44381	ENSG00000250794
HGNC:44382	ENSG00000253981
HGNC:44383	ENSG00000250268
HGNC:44384	ENSG00000242017
HGNC:44386	ENSG00000229478
HGNC:44388	ENSG00000233333
HGNC:44389	ENSG00000187870
HGNC:4439	ENSG00000185245
HGNC:44390	ENSG00000235946
HGNC:44391	ENSG00000232554
HGNC:44392	ENSG00000213659
HGNC:44394	ENSG00000234854
HGNC:44395	ENSG00000204334
HGNC:44397	ENSG00000255033
HGNC:44398	ENSG00000227657
HGNC:4440	ENSG00000203618
HGNC:44400	ENSG00000258624
HGNC:44402	ENSG00000248121
HGNC:44404	ENSG00000188626
HGNC:44405	ENSG00000232653
HGNC:44406	ENSG00000206127
HGNC:44407	ENSG00000186399
HGNC:44408	ENSG00000178115
HGNC:44409	ENSG00000261739
HGNC:4441	ENSG00000169347
HGNC:44410	ENSG00000261247
HGNC:44411	ENSG00000103832
HGNC:44413	ENSG00000254934
HGNC:44414	ENSG00000218189
HGNC:44417	ENSG00000215190
HGNC:44419	ENSG00000161939
HGNC:44420	ENSG00000261408
HGNC:44421	ENSG00000126005
HGNC:44422	ENSG00000259246
HGNC:44423	ENSG00000255494
HGNC:44424	ENSG00000103426
HGNC:44425	ENSG00000260582
HGNC:44426	ENSG00000224916
HGNC:44427	ENSG00000253971
HGNC:44428	ENSG00000249965
HGNC:44429	ENSG00000253439
HGNC:4443	ENSG00000178732
HGNC:44430	ENSG00000237350
HGNC:44432	ENSG00000271381
HGNC:44433	ENSG00000276540
HGNC:44434	ENSG00000275928
HGNC:44435	ENSG00000276006
HGNC:44436	ENSG00000275688
HGNC:44437	ENSG00000213599
HGNC:44438	ENSG00000231396
HGNC:44439	ENSG00000233136
HGNC:4444	ENSG00000169704
HGNC:44440	ENSG00000227551
HGNC:44441	ENSG00000232399
HGNC:44442	ENSG00000249482
HGNC:44443	ENSG00000223569
HGNC:44444	ENSG00000250231
HGNC:44445	ENSG00000249104
HGNC:44446	ENSG00000250844
HGNC:44447	ENSG00000248920
HGNC:44448	ENSG00000250745
HGNC:44449	ENSG00000249811
HGNC:4445	ENSG00000143167
HGNC:44450	ENSG00000248933
HGNC:44451	ENSG00000250913
HGNC:44452	ENSG00000230430
HGNC:44453	ENSG00000232264
HGNC:44454	ENSG00000229579
HGNC:44455	ENSG00000235780
HGNC:44456	ENSG00000231051
HGNC:44457	ENSG00000231637
HGNC:44458	ENSG00000228856
HGNC:4446	ENSG00000197858
HGNC:44461	ENSG00000271647
HGNC:44462	ENSG00000236040
HGNC:44463	ENSG00000203878
HGNC:44464	ENSG00000234020
HGNC:44465	ENSG00000171570
HGNC:44466	ENSG00000245870
HGNC:44467	ENSG00000266256
HGNC:44468	ENSG00000229241
HGNC:44469	ENSG00000233272
HGNC:4447	ENSG00000240069
HGNC:44470	ENSG00000231249
HGNC:44471	ENSG00000235831
HGNC:44472	ENSG00000230182
HGNC:44473	ENSG00000262480
HGNC:44474	ENSG00000253421
HGNC:44476	ENSG00000224082
HGNC:44477	ENSG00000227110
HGNC:44478	ENSG00000206573
HGNC:44480	ENSG00000272395
HGNC:44481	ENSG00000254779
HGNC:44482	ENSG00000235338
HGNC:44483	ENSG00000268510
HGNC:44484	ENSG00000257599
HGNC:44485	ENSG00000227617
HGNC:44488	ENSG00000230342
HGNC:4449	ENSG00000063660
HGNC:44490	ENSG00000237360
HGNC:44491	ENSG00000236156
HGNC:44492	ENSG00000213964
HGNC:44493	ENSG00000225222
HGNC:44495	ENSG00000231897
HGNC:44496	ENSG00000226642
HGNC:44498	ENSG00000275340
HGNC:44499	ENSG00000234123
HGNC:445	ENSG00000107290
HGNC:4450	ENSG00000213420
HGNC:44500	ENSG00000227578
HGNC:44501	ENSG00000224660
HGNC:44502	ENSG00000270739
HGNC:44503	ENSG00000233570
HGNC:44504	ENSG00000214286
HGNC:44505	ENSG00000244119
HGNC:44506	ENSG00000213089
HGNC:44507	ENSG00000224255
HGNC:44508	ENSG00000256777
HGNC:44509	ENSG00000236570
HGNC:4451	ENSG00000147257
HGNC:44510	ENSG00000230244
HGNC:44511	ENSG00000258368
HGNC:44512	ENSG00000233153
HGNC:44513	ENSG00000242109
HGNC:44514	ENSG00000224074
HGNC:44515	ENSG00000228791
HGNC:44516	ENSG00000233252
HGNC:44517	ENSG00000238225
HGNC:44518	ENSG00000227109
HGNC:44519	ENSG00000182351
HGNC:4452	ENSG00000076716
HGNC:44520	ENSG00000250732
HGNC:44521	ENSG00000234158
HGNC:44522	ENSG00000230833
HGNC:44523	ENSG00000233010
HGNC:44524	ENSG00000234732
HGNC:44525	ENSG00000257075
HGNC:44528	ENSG00000257800
HGNC:44529	ENSG00000223899
HGNC:4453	ENSG00000179399
HGNC:44530	ENSG00000235916
HGNC:44531	ENSG00000236158
HGNC:44532	ENSG00000256037
HGNC:44533	ENSG00000242810
HGNC:44534	ENSG00000236165
HGNC:44535	ENSG00000224080
HGNC:44536	ENSG00000261199
HGNC:44537	ENSG00000233337
HGNC:44539	ENSG00000235482
HGNC:4454	ENSG00000183098
HGNC:44540	ENSG00000258917
HGNC:44541	ENSG00000213483
HGNC:44542	ENSG00000236411
HGNC:44543	ENSG00000231378
HGNC:44544	ENSG00000231668
HGNC:44545	ENSG00000230123
HGNC:44546	ENSG00000230683
HGNC:44547	ENSG00000263748
HGNC:44548	ENSG00000215034
HGNC:44549	ENSG00000236681
HGNC:4455	ENSG00000167588
HGNC:44550	ENSG00000270367
HGNC:44552	ENSG00000267511
HGNC:44553	ENSG00000230757
HGNC:44554	ENSG00000233557
HGNC:44556	ENSG00000186676
HGNC:44557	ENSG00000250346
HGNC:44558	ENSG00000226845
HGNC:44559	ENSG00000240138
HGNC:4456	ENSG00000115159
HGNC:44560	ENSG00000234785
HGNC:44561	ENSG00000216518
HGNC:44562	ENSG00000236290
HGNC:44563	ENSG00000234125
HGNC:44564	ENSG00000234270
HGNC:44565	ENSG00000234562
HGNC:44566	ENSG00000232562
HGNC:44567	ENSG00000223574
HGNC:44569	ENSG00000261665
HGNC:44570	ENSG00000225873
HGNC:44571	ENSG00000240409
HGNC:44572	ENSG00000229604
HGNC:44575	ENSG00000248527
HGNC:44576	ENSG00000270307
HGNC:44577	ENSG00000263483
HGNC:44578	ENSG00000236590
HGNC:44579	ENSG00000284167
HGNC:4458	ENSG00000105220
HGNC:44581	ENSG00000232990
HGNC:44582	ENSG00000283547
HGNC:44583	ENSG00000248420
HGNC:44585	ENSG00000254671
HGNC:44586	ENSG00000236357
HGNC:44587	ENSG00000236257
HGNC:44588	ENSG00000214825
HGNC:44589	ENSG00000236343
HGNC:4459	ENSG00000112293
HGNC:44594	ENSG00000214820
HGNC:44597	ENSG00000236610
HGNC:44598	ENSG00000224682
HGNC:44599	ENSG00000235805
HGNC:4460	ENSG00000150625
HGNC:44600	ENSG00000227536
HGNC:44601	ENSG00000216904
HGNC:44603	ENSG00000227123
HGNC:44604	ENSG00000267797
HGNC:44605	ENSG00000226933
HGNC:44606	ENSG00000237415
HGNC:44607	ENSG00000253228
HGNC:44609	ENSG00000229515
HGNC:4461	ENSG00000046653
HGNC:44611	ENSG00000240375
HGNC:44612	ENSG00000224895
HGNC:44613	ENSG00000227436
HGNC:44614	ENSG00000228638
HGNC:44615	ENSG00000239997
HGNC:44616	ENSG00000226112
HGNC:44617	ENSG00000220392
HGNC:44618	ENSG00000225671
HGNC:44619	ENSG00000224727
HGNC:4462	ENSG00000136235
HGNC:44620	ENSG00000251111
HGNC:44621	ENSG00000231478
HGNC:44622	ENSG00000218490
HGNC:44626	ENSG00000234667
HGNC:44627	ENSG00000224129
HGNC:44628	ENSG00000224403
HGNC:44629	ENSG00000261429
HGNC:4463	ENSG00000183671
HGNC:44630	ENSG00000242142
HGNC:44631	ENSG00000230275
HGNC:44632	ENSG00000249565
HGNC:44635	ENSG00000248873
HGNC:44636	ENSG00000270772
HGNC:44638	ENSG00000241472
HGNC:44639	ENSG00000248418
HGNC:4464	ENSG00000119973
HGNC:44640	ENSG00000266282
HGNC:44641	ENSG00000240359
HGNC:44642	ENSG00000260224
HGNC:44643	ENSG00000239926
HGNC:44646	ENSG00000223584
HGNC:44647	ENSG00000262470
HGNC:44648	ENSG00000228348
HGNC:44651	ENSG00000227868
HGNC:44652	ENSG00000225828
HGNC:44653	ENSG00000255359
HGNC:44654	ENSG00000261652
HGNC:44655	ENSG00000259332
HGNC:44656	ENSG00000259511
HGNC:44657	ENSG00000205456
HGNC:44658	ENSG00000261190
HGNC:44659	ENSG00000178404
HGNC:4466	ENSG00000132975
HGNC:44660	ENSG00000265944
HGNC:44661	ENSG00000215472
HGNC:44662	ENSG00000262484
HGNC:44663	ENSG00000261949
HGNC:44664	ENSG00000259399
HGNC:44666	ENSG00000236980
HGNC:44667	ENSG00000272414
HGNC:44668	ENSG00000230873
HGNC:44669	ENSG00000230062
HGNC:44670	ENSG00000256162
HGNC:44671	ENSG00000269955
HGNC:44672	ENSG00000253250
HGNC:44673	ENSG00000276662
HGNC:44674	ENSG00000234556
HGNC:44675	ENSG00000237399
HGNC:44676	ENSG00000233117
HGNC:44677	ENSG00000224382
HGNC:44678	ENSG00000231298
HGNC:44679	ENSG00000225418
HGNC:4468	ENSG00000181408
HGNC:44680	ENSG00000151631
HGNC:44681	ENSG00000215267
HGNC:44682	ENSG00000205488
HGNC:44683	ENSG00000270427
HGNC:44684	ENSG00000226705
HGNC:44685	ENSG00000223389
HGNC:44686	ENSG00000247570
HGNC:44687	ENSG00000232801
HGNC:44689	ENSG00000237943
HGNC:4469	ENSG00000154165
HGNC:44690	ENSG00000281186
HGNC:44691	ENSG00000238266
HGNC:44692	ENSG00000225053
HGNC:44693	ENSG00000236582
HGNC:44694	ENSG00000232170
HGNC:44695	ENSG00000244226
HGNC:44696	ENSG00000257720
HGNC:44697	ENSG00000236420
HGNC:44698	ENSG00000257723
HGNC:44699	ENSG00000214973
HGNC:447	ENSG00000214717
HGNC:44700	ENSG00000230014
HGNC:44701	ENSG00000235838
HGNC:44703	ENSG00000237986
HGNC:4471	ENSG00000144230
HGNC:4472	ENSG00000125245
HGNC:4473	ENSG00000183150
HGNC:4474	ENSG00000184451
HGNC:4475	ENSG00000204882
HGNC:4476	ENSG00000188394
HGNC:4477	ENSG00000172209
HGNC:4478	ENSG00000147145
HGNC:4479	ENSG00000128285
HGNC:4480	ENSG00000170128
HGNC:4481	ENSG00000154478
HGNC:4482	ENSG00000170837
HGNC:4484	ENSG00000181773
HGNC:4485	ENSG00000164850
HGNC:4486	ENSG00000120436
HGNC:4487	ENSG00000142511
HGNC:44875	ENSG00000203414
HGNC:44876	ENSG00000237618
HGNC:44877	ENSG00000237470
HGNC:44878	ENSG00000206448
HGNC:44879	ENSG00000229124
HGNC:4488	ENSG00000269565
HGNC:44880	ENSG00000204832
HGNC:44881	ENSG00000226083
HGNC:44884	ENSG00000225509
HGNC:44885	ENSG00000226255
HGNC:44886	ENSG00000233909
HGNC:44887	ENSG00000267463
HGNC:44888	ENSG00000226582
HGNC:44889	ENSG00000235995
HGNC:4489	ENSG00000214943
HGNC:44890	ENSG00000235061
HGNC:44891	ENSG00000238199
HGNC:44892	ENSG00000231849
HGNC:44893	ENSG00000233118
HGNC:44894	ENSG00000229667
HGNC:44895	ENSG00000226590
HGNC:44896	ENSG00000231124
HGNC:44897	ENSG00000249191
HGNC:44898	ENSG00000228339
HGNC:44899	ENSG00000231920
HGNC:449	ENSG00000156150
HGNC:4490	ENSG00000171659
HGNC:44902	ENSG00000232722
HGNC:44904	ENSG00000232853
HGNC:44905	ENSG00000231553
HGNC:44906	ENSG00000236195
HGNC:44907	ENSG00000223984
HGNC:44908	ENSG00000255047
HGNC:44910	ENSG00000232497
HGNC:44911	ENSG00000258805
HGNC:44913	ENSG00000251552
HGNC:44914	ENSG00000227465
HGNC:44916	ENSG00000271563
HGNC:44917	ENSG00000231976
HGNC:44918	ENSG00000234788
HGNC:44919	ENSG00000248610
HGNC:4492	ENSG00000178623
HGNC:44920	ENSG00000256356
HGNC:44921	ENSG00000235864
HGNC:44922	ENSG00000224773
HGNC:44923	ENSG00000229091
HGNC:44924	ENSG00000241478
HGNC:44926	ENSG00000248159
HGNC:44928	ENSG00000253425
HGNC:44929	ENSG00000257539
HGNC:44930	ENSG00000219395
HGNC:44931	ENSG00000224059
HGNC:44932	ENSG00000228557
HGNC:44933	ENSG00000232953
HGNC:44935	ENSG00000251614
HGNC:44936	ENSG00000234564
HGNC:44937	ENSG00000238021
HGNC:44938	ENSG00000213770
HGNC:44939	ENSG00000226016
HGNC:4494	ENSG00000170775
HGNC:44940	ENSG00000237746
HGNC:44942	ENSG00000234473
HGNC:44943	ENSG00000231911
HGNC:44944	ENSG00000260452
HGNC:44945	ENSG00000274985
HGNC:44946	ENSG00000231550
HGNC:44947	ENSG00000219700
HGNC:44948	ENSG00000241621
HGNC:44949	ENSG00000214434
HGNC:4495	ENSG00000102539
HGNC:44950	ENSG00000251122
HGNC:44951	ENSG00000256331
HGNC:44952	ENSG00000261205
HGNC:44954	ENSG00000268144
HGNC:44955	ENSG00000251590
HGNC:44956	ENSG00000259449
HGNC:44957	ENSG00000237630
HGNC:44958	ENSG00000213778
HGNC:44959	ENSG00000234814
HGNC:4496	ENSG00000183840
HGNC:44960	ENSG00000237135
HGNC:44961	ENSG00000230360
HGNC:44962	ENSG00000217094
HGNC:44963	ENSG00000261683
HGNC:44964	ENSG00000226386
HGNC:44965	ENSG00000232525
HGNC:44966	ENSG00000266201
HGNC:44967	ENSG00000213724
HGNC:44968	ENSG00000249140
HGNC:44969	ENSG00000213177
HGNC:4497	ENSG00000177464
HGNC:44970	ENSG00000233533
HGNC:44971	ENSG00000225355
HGNC:44972	ENSG00000255014
HGNC:44973	ENSG00000237970
HGNC:44974	ENSG00000224920
HGNC:44975	ENSG00000225192
HGNC:44976	ENSG00000226086
HGNC:44977	ENSG00000229485
HGNC:44978	ENSG00000237592
HGNC:4498	ENSG00000126266
HGNC:44981	ENSG00000267696
HGNC:44983	ENSG00000231009
HGNC:44984	ENSG00000234993
HGNC:44985	ENSG00000235690
HGNC:44986	ENSG00000271173
HGNC:44987	ENSG00000226808
HGNC:44988	ENSG00000226937
HGNC:4499	ENSG00000185897
HGNC:44990	ENSG00000213412
HGNC:44991	ENSG00000226964
HGNC:44992	ENSG00000237446
HGNC:44994	ENSG00000238181
HGNC:44995	ENSG00000233955
HGNC:44996	ENSG00000232992
HGNC:44997	ENSG00000213107
HGNC:44999	ENSG00000259465
HGNC:45	ENSG00000005471
HGNC:450	ENSG00000052850
HGNC:4500	ENSG00000126251
HGNC:45000	ENSG00000242529
HGNC:45003	ENSG00000235316
HGNC:45004	ENSG00000263482
HGNC:45006	ENSG00000234736
HGNC:45007	ENSG00000236208
HGNC:45008	ENSG00000239883
HGNC:45009	ENSG00000178440
HGNC:4501	ENSG00000126262
HGNC:45010	ENSG00000235618
HGNC:45011	ENSG00000237840
HGNC:45012	ENSG00000225137
HGNC:45013	ENSG00000231588
HGNC:45014	ENSG00000231345
HGNC:45015	ENSG00000224809
HGNC:45016	ENSG00000278616
HGNC:45017	ENSG00000232706
HGNC:45019	ENSG00000214695
HGNC:4502	ENSG00000183134
HGNC:45020	ENSG00000237740
HGNC:45021	ENSG00000236521
HGNC:45023	ENSG00000238002
HGNC:45024	ENSG00000213667
HGNC:45025	ENSG00000236944
HGNC:45026	ENSG00000267076
HGNC:45028	ENSG00000256681
HGNC:45029	ENSG00000236671
HGNC:4503	ENSG00000135973
HGNC:45030	ENSG00000224697
HGNC:45031	ENSG00000237949
HGNC:45032	ENSG00000226557
HGNC:45033	ENSG00000227244
HGNC:45034	ENSG00000262461
HGNC:45036	ENSG00000261359
HGNC:45037	ENSG00000218819
HGNC:45039	ENSG00000260781
HGNC:4504	ENSG00000139292
HGNC:45040	ENSG00000251166
HGNC:45041	ENSG00000255116
HGNC:45042	ENSG00000232595
HGNC:45043	ENSG00000267590
HGNC:45045	ENSG00000277870
HGNC:45046	ENSG00000272150
HGNC:45049	ENSG00000278970
HGNC:45050	ENSG00000245060
HGNC:45051	ENSG00000254856
HGNC:45052	ENSG00000213032
HGNC:45053	ENSG00000259262
HGNC:45055	ENSG00000262366
HGNC:45056	ENSG00000241743
HGNC:45058	ENSG00000234369
HGNC:45059	ENSG00000235489
HGNC:4506	ENSG00000102195
HGNC:45060	ENSG00000271635
HGNC:45061	ENSG00000271097
HGNC:45062	ENSG00000213606
HGNC:45063	ENSG00000263355
HGNC:45064	ENSG00000237141
HGNC:45065	ENSG00000269266
HGNC:45066	ENSG00000268997
HGNC:45067	ENSG00000225310
HGNC:45068	ENSG00000225808
HGNC:45069	ENSG00000220871
HGNC:4507	ENSG00000136928
HGNC:45070	ENSG00000237663
HGNC:45071	ENSG00000232793
HGNC:45072	ENSG00000258608
HGNC:45073	ENSG00000234102
HGNC:45076	ENSG00000249891
HGNC:45078	ENSG00000214875
HGNC:45079	ENSG00000240511
HGNC:4508	ENSG00000203737
HGNC:45080	ENSG00000227692
HGNC:45081	ENSG00000224701
HGNC:45082	ENSG00000255205
HGNC:45083	ENSG00000259183
HGNC:45084	ENSG00000236542
HGNC:45085	ENSG00000242598
HGNC:45086	ENSG00000229001
HGNC:45087	ENSG00000233197
HGNC:45088	ENSG00000226726
HGNC:4509	ENSG00000229281
HGNC:45090	ENSG00000272311
HGNC:45091	ENSG00000281183
HGNC:45092	ENSG00000280752
HGNC:45093	ENSG00000230899
HGNC:45094	ENSG00000230661
HGNC:45095	ENSG00000229104
HGNC:45096	ENSG00000237512
HGNC:45097	ENSG00000215086
HGNC:45098	ENSG00000213700
HGNC:45099	ENSG00000227382
HGNC:451	ENSG00000242110
HGNC:4510	ENSG00000116014
HGNC:45100	ENSG00000254589
HGNC:45101	ENSG00000224781
HGNC:45102	ENSG00000255490
HGNC:45103	ENSG00000272589
HGNC:45104	ENSG00000213731
HGNC:45106	ENSG00000251356
HGNC:45107	ENSG00000214626
HGNC:45109	ENSG00000233871
HGNC:4511	ENSG00000135898
HGNC:45110	ENSG00000231957
HGNC:45112	ENSG00000214584
HGNC:45113	ENSG00000235924
HGNC:45114	ENSG00000237523
HGNC:45115	ENSG00000231060
HGNC:45116	ENSG00000227209
HGNC:45117	ENSG00000226466
HGNC:45118	ENSG00000255547
HGNC:45119	ENSG00000234931
HGNC:4512	ENSG00000205336
HGNC:45120	ENSG00000225423
HGNC:45121	ENSG00000230662
HGNC:45122	ENSG00000225928
HGNC:45123	ENSG00000177855
HGNC:45124	ENSG00000219188
HGNC:45125	ENSG00000270874
HGNC:45127	ENSG00000272734
HGNC:45129	ENSG00000246228
HGNC:4513	ENSG00000179073
HGNC:45131	ENSG00000267225
HGNC:45133	ENSG00000245164
HGNC:45134	ENSG00000219074
HGNC:45135	ENSG00000261282
HGNC:45136	ENSG00000253651
HGNC:45138	ENSG00000255238
HGNC:45139	ENSG00000251220
HGNC:4514	ENSG00000146378
HGNC:45142	ENSG00000278292
HGNC:45143	ENSG00000254268
HGNC:45144	ENSG00000248720
HGNC:45147	ENSG00000229292
HGNC:45149	ENSG00000229626
HGNC:4515	ENSG00000146360
HGNC:45150	ENSG00000234881
HGNC:45151	ENSG00000227592
HGNC:45152	ENSG00000259657
HGNC:45154	ENSG00000234204
HGNC:45155	ENSG00000228958
HGNC:45156	ENSG00000265564
HGNC:45157	ENSG00000227104
HGNC:45158	ENSG00000224437
HGNC:45159	ENSG00000251568
HGNC:4516	ENSG00000173698
HGNC:45160	ENSG00000228902
HGNC:45161	ENSG00000223482
HGNC:45162	ENSG00000224914
HGNC:45163	ENSG00000228055
HGNC:45164	ENSG00000227905
HGNC:45165	ENSG00000271408
HGNC:45166	ENSG00000275906
HGNC:45167	ENSG00000235150
HGNC:45168	ENSG00000234256
HGNC:45169	ENSG00000180139
HGNC:4517	ENSG00000140030
HGNC:45170	ENSG00000232229
HGNC:45171	ENSG00000270670
HGNC:45172	ENSG00000228759
HGNC:45173	ENSG00000228701
HGNC:45174	ENSG00000250656
HGNC:45176	ENSG00000216265
HGNC:45177	ENSG00000214549
HGNC:45178	ENSG00000234946
HGNC:45179	ENSG00000255035
HGNC:4518	ENSG00000171596
HGNC:45180	ENSG00000232805
HGNC:45181	ENSG00000213264
HGNC:45182	ENSG00000218428
HGNC:45183	ENSG00000237417
HGNC:45184	ENSG00000234825
HGNC:45185	ENSG00000230318
HGNC:45186	ENSG00000253517
HGNC:45187	ENSG00000215070
HGNC:45188	ENSG00000227995
HGNC:45189	ENSG00000255976
HGNC:4519	ENSG00000119714
HGNC:45190	ENSG00000234724
HGNC:45191	ENSG00000233012
HGNC:45193	ENSG00000268894
HGNC:45194	ENSG00000235746
HGNC:45195	ENSG00000267153
HGNC:45196	ENSG00000251102
HGNC:45197	ENSG00000214602
HGNC:45198	ENSG00000213697
HGNC:45199	ENSG00000267091
HGNC:452	ENSG00000178522
HGNC:45200	ENSG00000234383
HGNC:45201	ENSG00000225533
HGNC:45203	ENSG00000226688
HGNC:45204	ENSG00000229417
HGNC:45205	ENSG00000235677
HGNC:45206	ENSG00000249353
HGNC:45207	ENSG00000240804
HGNC:45208	ENSG00000239351
HGNC:45209	ENSG00000228219
HGNC:45210	ENSG00000214807
HGNC:45211	ENSG00000213239
HGNC:45212	ENSG00000213925
HGNC:45213	ENSG00000232054
HGNC:45214	ENSG00000255213
HGNC:45215	ENSG00000214604
HGNC:45216	ENSG00000219085
HGNC:45217	ENSG00000219257
HGNC:45218	ENSG00000225159
HGNC:45219	ENSG00000236523
HGNC:4522	ENSG00000288611
HGNC:45220	ENSG00000248543
HGNC:45221	ENSG00000259259
HGNC:45222	ENSG00000259440
HGNC:45224	ENSG00000265593
HGNC:45225	ENSG00000213104
HGNC:45226	ENSG00000259466
HGNC:45227	ENSG00000231821
HGNC:45228	ENSG00000226556
HGNC:45229	ENSG00000213333
HGNC:4523	ENSG00000123901
HGNC:45230	ENSG00000230913
HGNC:45231	ENSG00000253663
HGNC:45232	ENSG00000227356
HGNC:45233	ENSG00000233690
HGNC:45234	ENSG00000232230
HGNC:45235	ENSG00000270623
HGNC:45236	ENSG00000247872
HGNC:45237	ENSG00000228589
HGNC:45238	ENSG00000269609
HGNC:45239	ENSG00000213277
HGNC:4524	ENSG00000169618
HGNC:45240	ENSG00000215878
HGNC:45241	ENSG00000235376
HGNC:45242	ENSG00000280693
HGNC:45243	ENSG00000231233
HGNC:45244	ENSG00000226387
HGNC:45245	ENSG00000271174
HGNC:45246	ENSG00000224498
HGNC:45248	ENSG00000242510
HGNC:45249	ENSG00000232728
HGNC:4525	ENSG00000056291
HGNC:45250	ENSG00000251306
HGNC:45251	ENSG00000231096
HGNC:45252	ENSG00000217718
HGNC:45253	ENSG00000226114
HGNC:45254	ENSG00000235258
HGNC:45255	ENSG00000225428
HGNC:45256	ENSG00000223663
HGNC:45257	ENSG00000249754
HGNC:45258	ENSG00000232880
HGNC:45259	ENSG00000259374
HGNC:4526	ENSG00000119737
HGNC:45260	ENSG00000124399
HGNC:45261	ENSG00000270965
HGNC:45262	ENSG00000250569
HGNC:45263	ENSG00000256355
HGNC:45264	ENSG00000232091
HGNC:45265	ENSG00000232139
HGNC:45266	ENSG00000270445
HGNC:45268	ENSG00000234257
HGNC:45269	ENSG00000271290
HGNC:4527	ENSG00000134830
HGNC:45270	ENSG00000214552
HGNC:45271	ENSG00000254697
HGNC:45273	ENSG00000237037
HGNC:45274	ENSG00000213790
HGNC:45277	ENSG00000213671
HGNC:45278	ENSG00000257966
HGNC:4528	ENSG00000155269
HGNC:4529	ENSG00000232374
HGNC:453	ENSG00000106927
HGNC:4530	ENSG00000125522
HGNC:4531	ENSG00000165621
HGNC:4532	ENSG00000196917
HGNC:4533	ENSG00000171657
HGNC:4535	ENSG00000139572
HGNC:4536	ENSG00000164604
HGNC:4537	ENSG00000181631
HGNC:4538	ENSG00000138271
HGNC:4539	ENSG00000181656
HGNC:4540	ENSG00000186810
HGNC:4542	ENSG00000198829
HGNC:4543	ENSG00000125388
HGNC:4544	ENSG00000198873
HGNC:4545	ENSG00000198055
HGNC:4547	ENSG00000215571
HGNC:4549	ENSG00000169727
HGNC:4550	ENSG00000132522
HGNC:4551	ENSG00000099797
HGNC:4552	ENSG00000167701
HGNC:4553	ENSG00000233276
HGNC:4554	ENSG00000176153
HGNC:4555	ENSG00000211445
HGNC:4556	ENSG00000167468
HGNC:4557	ENSG00000224586
HGNC:4558	ENSG00000198704
HGNC:4559	ENSG00000116157
HGNC:4560	ENSG00000197582
HGNC:4561	ENSG00000215326
HGNC:4562	ENSG00000154016
HGNC:45624	ENSG00000238731
HGNC:45626	ENSG00000238785
HGNC:45627	ENSG00000238540
HGNC:45628	ENSG00000238609
HGNC:45629	ENSG00000239007
HGNC:4563	ENSG00000100351
HGNC:45630	ENSG00000238719
HGNC:45631	ENSG00000238704
HGNC:45633	ENSG00000252080
HGNC:45636	ENSG00000238808
HGNC:45637	ENSG00000238370
HGNC:45638	ENSG00000238542
HGNC:45639	ENSG00000251919
HGNC:4564	ENSG00000106070
HGNC:45640	ENSG00000238842
HGNC:45641	ENSG00000238523
HGNC:45644	ENSG00000252700
HGNC:45645	ENSG00000252645
HGNC:45647	ENSG00000238735
HGNC:45649	ENSG00000252242
HGNC:4565	ENSG00000115290
HGNC:45650	ENSG00000252749
HGNC:45653	ENSG00000239119
HGNC:45654	ENSG00000238302
HGNC:45655	ENSG00000252413
HGNC:45657	ENSG00000251720
HGNC:45658	ENSG00000251745
HGNC:45659	ENSG00000238964
HGNC:4566	ENSG00000177885
HGNC:45660	ENSG00000238632
HGNC:45661	ENSG00000238812
HGNC:45662	ENSG00000253056
HGNC:45663	ENSG00000251937
HGNC:45664	ENSG00000238441
HGNC:45667	ENSG00000238987
HGNC:45668	ENSG00000238447
HGNC:4567	ENSG00000141738
HGNC:45670	ENSG00000238427
HGNC:45671	ENSG00000252597
HGNC:45672	ENSG00000239053
HGNC:45674	ENSG00000238364
HGNC:45675	ENSG00000238777
HGNC:45677	ENSG00000252590
HGNC:45678	ENSG00000238452
HGNC:4568	ENSG00000107263
HGNC:45681	ENSG00000238698
HGNC:45682	ENSG00000238357
HGNC:45683	ENSG00000252548
HGNC:45685	ENSG00000252739
HGNC:45686	ENSG00000238789
HGNC:45687	ENSG00000252264
HGNC:45688	ENSG00000252003
HGNC:45689	ENSG00000238759
HGNC:45690	ENSG00000253023
HGNC:45691	ENSG00000238431
HGNC:45693	ENSG00000238562
HGNC:45694	ENSG00000252469
HGNC:45695	ENSG00000253098
HGNC:45698	ENSG00000238730
HGNC:45699	ENSG00000238380
HGNC:457	ENSG00000123505
HGNC:4570	ENSG00000137106
HGNC:45701	ENSG00000238584
HGNC:45703	ENSG00000238457
HGNC:45704	ENSG00000239082
HGNC:45705	ENSG00000238406
HGNC:45706	ENSG00000252934
HGNC:45707	ENSG00000238950
HGNC:45708	ENSG00000252057
HGNC:45709	ENSG00000251724
HGNC:4571	ENSG00000155511
HGNC:45710	ENSG00000238962
HGNC:45713	ENSG00000252417
HGNC:45714	ENSG00000238374
HGNC:45715	ENSG00000253043
HGNC:45716	ENSG00000238788
HGNC:45717	ENSG00000252407
HGNC:45719	ENSG00000239102
HGNC:4572	ENSG00000120251
HGNC:45720	ENSG00000238419
HGNC:45721	ENSG00000238998
HGNC:45722	ENSG00000252872
HGNC:45724	ENSG00000239185
HGNC:45726	ENSG00000252275
HGNC:45727	ENSG00000252532
HGNC:45728	ENSG00000238721
HGNC:45729	ENSG00000239151
HGNC:4573	ENSG00000125675
HGNC:45730	ENSG00000238913
HGNC:45731	ENSG00000239168
HGNC:45734	ENSG00000251914
HGNC:45735	ENSG00000252827
HGNC:45736	ENSG00000252084
HGNC:45737	ENSG00000251742
HGNC:45738	ENSG00000251809
HGNC:45739	ENSG00000201612
HGNC:4574	ENSG00000152578
HGNC:45740	ENSG00000222112
HGNC:45741	ENSG00000223174
HGNC:45742	ENSG00000251814
HGNC:45743	ENSG00000251825
HGNC:45744	ENSG00000199622
HGNC:45745	ENSG00000252312
HGNC:45746	ENSG00000201967
HGNC:45747	ENSG00000280039
HGNC:45748	ENSG00000251697
HGNC:45749	ENSG00000199319
HGNC:4575	ENSG00000182771
HGNC:45750	ENSG00000222179
HGNC:45751	ENSG00000222616
HGNC:45752	ENSG00000201640
HGNC:45753	ENSG00000222889
HGNC:45754	ENSG00000223305
HGNC:45755	ENSG00000252163
HGNC:45756	ENSG00000222099
HGNC:45757	ENSG00000222874
HGNC:45758	ENSG00000251951
HGNC:45759	ENSG00000253019
HGNC:4576	ENSG00000152208
HGNC:45760	ENSG00000200867
HGNC:45761	ENSG00000201364
HGNC:45762	ENSG00000222714
HGNC:45763	ENSG00000222705
HGNC:45764	ENSG00000253020
HGNC:45766	ENSG00000222845
HGNC:45767	ENSG00000251982
HGNC:45768	ENSG00000200472
HGNC:45769	ENSG00000200379
HGNC:4577	ENSG00000275572
HGNC:45770	ENSG00000251751
HGNC:45771	ENSG00000202217
HGNC:45772	ENSG00000201901
HGNC:45773	ENSG00000252484
HGNC:45774	ENSG00000201564
HGNC:45775	ENSG00000222713
HGNC:45776	ENSG00000252028
HGNC:45777	ENSG00000223269
HGNC:45778	ENSG00000222636
HGNC:45779	ENSG00000201758
HGNC:45780	ENSG00000222445
HGNC:45781	ENSG00000253057
HGNC:45782	ENSG00000222942
HGNC:45783	ENSG00000222452
HGNC:45784	ENSG00000252794
HGNC:45785	ENSG00000222574
HGNC:45786	ENSG00000207269
HGNC:45787	ENSG00000200057
HGNC:45788	ENSG00000253015
HGNC:45789	ENSG00000222210
HGNC:4579	ENSG00000171189
HGNC:45790	ENSG00000252490
HGNC:45791	ENSG00000251714
HGNC:45792	ENSG00000222987
HGNC:45793	ENSG00000202260
HGNC:45794	ENSG00000252464
HGNC:45795	ENSG00000201428
HGNC:45796	ENSG00000199197
HGNC:45797	ENSG00000223007
HGNC:45798	ENSG00000199719
HGNC:45799	ENSG00000199940
HGNC:4580	ENSG00000164418
HGNC:45800	ENSG00000201289
HGNC:45801	ENSG00000200131
HGNC:45802	ENSG00000201581
HGNC:45803	ENSG00000200243
HGNC:45804	ENSG00000202058
HGNC:45805	ENSG00000202473
HGNC:45806	ENSG00000252595
HGNC:45807	ENSG00000252321
HGNC:45809	ENSG00000223281
HGNC:4581	ENSG00000163873
HGNC:45810	ENSG00000222386
HGNC:45811	ENSG00000200966
HGNC:45812	ENSG00000252656
HGNC:45813	ENSG00000222706
HGNC:45814	ENSG00000199883
HGNC:45815	ENSG00000222784
HGNC:45816	ENSG00000253075
HGNC:45817	ENSG00000200708
HGNC:45818	ENSG00000222976
HGNC:45819	ENSG00000199730
HGNC:4582	ENSG00000149403
HGNC:45820	ENSG00000252757
HGNC:45821	ENSG00000222898
HGNC:45822	ENSG00000252879
HGNC:45823	ENSG00000252837
HGNC:45824	ENSG00000223190
HGNC:45825	ENSG00000223308
HGNC:45826	ENSG00000223118
HGNC:45827	ENSG00000200718
HGNC:45828	ENSG00000199475
HGNC:45829	ENSG00000253001
HGNC:4583	ENSG00000105737
HGNC:45830	ENSG00000222764
HGNC:45831	ENSG00000201027
HGNC:45832	ENSG00000223299
HGNC:45833	ENSG00000222524
HGNC:45834	ENSG00000222078
HGNC:45835	ENSG00000222281
HGNC:45836	ENSG00000223145
HGNC:45837	ENSG00000200761
HGNC:45838	ENSG00000222259
HGNC:45839	ENSG00000200047
HGNC:4584	ENSG00000176884
HGNC:45840	ENSG00000252711
HGNC:45841	ENSG00000222107
HGNC:45842	ENSG00000201201
HGNC:45843	ENSG00000222685
HGNC:45844	ENSG00000222693
HGNC:45845	ENSG00000222774
HGNC:45846	ENSG00000251732
HGNC:45847	ENSG00000222664
HGNC:45848	ENSG00000201600
HGNC:45849	ENSG00000222413
HGNC:4585	ENSG00000183454
HGNC:45850	ENSG00000223075
HGNC:45851	ENSG00000222375
HGNC:45852	ENSG00000201140
HGNC:45853	ENSG00000222220
HGNC:45854	ENSG00000201794
HGNC:45855	ENSG00000222630
HGNC:45856	ENSG00000251810
HGNC:45857	ENSG00000201715
HGNC:45858	ENSG00000200830
HGNC:45859	ENSG00000252358
HGNC:4586	ENSG00000273079
HGNC:45860	ENSG00000222859
HGNC:45861	ENSG00000223006
HGNC:45863	ENSG00000222343
HGNC:45864	ENSG00000223128
HGNC:45865	ENSG00000251976
HGNC:45866	ENSG00000223168
HGNC:45867	ENSG00000222451
HGNC:45868	ENSG00000223040
HGNC:45869	ENSG00000200161
HGNC:4587	ENSG00000161509
HGNC:45870	ENSG00000222174
HGNC:45871	ENSG00000252963
HGNC:45872	ENSG00000222111
HGNC:45873	ENSG00000199878
HGNC:45874	ENSG00000222448
HGNC:45875	ENSG00000222162
HGNC:45876	ENSG00000222376
HGNC:45877	ENSG00000201896
HGNC:45878	ENSG00000222068
HGNC:45879	ENSG00000251840
HGNC:4588	ENSG00000105464
HGNC:45880	ENSG00000222240
HGNC:45881	ENSG00000251983
HGNC:45882	ENSG00000222385
HGNC:45883	ENSG00000222589
HGNC:45884	ENSG00000200674
HGNC:45885	ENSG00000223042
HGNC:45886	ENSG00000200475
HGNC:45887	ENSG00000200091
HGNC:45888	ENSG00000251947
HGNC:45889	ENSG00000223282
HGNC:4589	ENSG00000178719
HGNC:45890	ENSG00000222744
HGNC:45891	ENSG00000222979
HGNC:45892	ENSG00000222842
HGNC:45893	ENSG00000223056
HGNC:45894	ENSG00000199420
HGNC:45895	ENSG00000201287
HGNC:45896	ENSG00000223273
HGNC:45897	ENSG00000199691
HGNC:45898	ENSG00000200673
HGNC:45899	ENSG00000275558
HGNC:45900	ENSG00000260682
HGNC:45901	ENSG00000222499
HGNC:45902	ENSG00000201875
HGNC:45903	ENSG00000251935
HGNC:45904	ENSG00000200783
HGNC:45905	ENSG00000223120
HGNC:45906	ENSG00000222704
HGNC:45907	ENSG00000252978
HGNC:45908	ENSG00000199218
HGNC:45909	ENSG00000199683
HGNC:4591	ENSG00000160007
HGNC:45910	ENSG00000202241
HGNC:45911	ENSG00000202406
HGNC:45912	ENSG00000222721
HGNC:45913	ENSG00000201912
HGNC:45914	ENSG00000251888
HGNC:45915	ENSG00000201583
HGNC:45916	ENSG00000223223
HGNC:45917	ENSG00000201358
HGNC:45918	ENSG00000223260
HGNC:45919	ENSG00000252396
HGNC:45920	ENSG00000252076
HGNC:45921	ENSG00000252886
HGNC:45922	ENSG00000238324
HGNC:45923	ENSG00000222257
HGNC:45924	ENSG00000222496
HGNC:45926	ENSG00000222371
HGNC:45927	ENSG00000200488
HGNC:45928	ENSG00000202351
HGNC:45929	ENSG00000222931
HGNC:4593	ENSG00000152822
HGNC:45930	ENSG00000222755
HGNC:45931	ENSG00000223136
HGNC:45932	ENSG00000202344
HGNC:45933	ENSG00000252697
HGNC:45934	ENSG00000238875
HGNC:45935	ENSG00000200198
HGNC:45936	ENSG00000222783
HGNC:45937	ENSG00000222678
HGNC:45938	ENSG00000201078
HGNC:4594	ENSG00000164082
HGNC:45940	ENSG00000222982
HGNC:45941	ENSG00000201510
HGNC:45942	ENSG00000222154
HGNC:45943	ENSG00000252634
HGNC:45944	ENSG00000222543
HGNC:45945	ENSG00000222352
HGNC:45946	ENSG00000222583
HGNC:45947	ENSG00000222514
HGNC:45948	ENSG00000201010
HGNC:45949	ENSG00000222337
HGNC:4595	ENSG00000198822
HGNC:45950	ENSG00000201782
HGNC:45951	ENSG00000201315
HGNC:45952	ENSG00000222974
HGNC:45953	ENSG00000222397
HGNC:45954	ENSG00000202512
HGNC:45955	ENSG00000200151
HGNC:45956	ENSG00000222102
HGNC:45957	ENSG00000252814
HGNC:45958	ENSG00000252982
HGNC:45959	ENSG00000222594
HGNC:4596	ENSG00000124493
HGNC:45960	ENSG00000274662
HGNC:45961	ENSG00000201533
HGNC:45962	ENSG00000252292
HGNC:45963	ENSG00000201684
HGNC:45964	ENSG00000222515
HGNC:45965	ENSG00000240294
HGNC:45966	ENSG00000251776
HGNC:45967	ENSG00000199975
HGNC:45968	ENSG00000252322
HGNC:45969	ENSG00000200895
HGNC:4597	ENSG00000168959
HGNC:45970	ENSG00000201423
HGNC:45971	ENSG00000223026
HGNC:45972	ENSG00000252087
HGNC:45973	ENSG00000202360
HGNC:45974	ENSG00000200794
HGNC:45975	ENSG00000276309
HGNC:45976	ENSG00000223142
HGNC:45977	ENSG00000252233
HGNC:45978	ENSG00000222617
HGNC:45979	ENSG00000200312
HGNC:4598	ENSG00000113262
HGNC:45980	ENSG00000253010
HGNC:45981	ENSG00000201395
HGNC:45982	ENSG00000252960
HGNC:45983	ENSG00000222998
HGNC:45984	ENSG00000252716
HGNC:45985	ENSG00000222880
HGNC:45986	ENSG00000222950
HGNC:45987	ENSG00000223126
HGNC:45988	ENSG00000223012
HGNC:45989	ENSG00000252257
HGNC:4599	ENSG00000196277
HGNC:45990	ENSG00000222164
HGNC:45991	ENSG00000222313
HGNC:45992	ENSG00000223039
HGNC:45993	ENSG00000202415
HGNC:45994	ENSG00000223229
HGNC:45995	ENSG00000222460
HGNC:45996	ENSG00000252797
HGNC:45997	ENSG00000223324
HGNC:45999	ENSG00000201496
HGNC:46	ENSG00000004846
HGNC:460	ENSG00000237801
HGNC:4600	ENSG00000179603
HGNC:46000	ENSG00000252051
HGNC:46001	ENSG00000252704
HGNC:46002	ENSG00000222436
HGNC:46003	ENSG00000223315
HGNC:46004	ENSG00000201066
HGNC:46005	ENSG00000222404
HGNC:46006	ENSG00000252633
HGNC:46007	ENSG00000253006
HGNC:46008	ENSG00000222934
HGNC:46009	ENSG00000222069
HGNC:4601	ENSG00000030582
HGNC:46010	ENSG00000222826
HGNC:46011	ENSG00000252355
HGNC:46012	ENSG00000252036
HGNC:46013	ENSG00000253053
HGNC:46014	ENSG00000271814
HGNC:46015	ENSG00000199831
HGNC:46016	ENSG00000202392
HGNC:46017	ENSG00000223321
HGNC:46018	ENSG00000199640
HGNC:46019	ENSG00000253073
HGNC:4602	ENSG00000163739
HGNC:46020	ENSG00000223117
HGNC:46021	ENSG00000223202
HGNC:46022	ENSG00000251759
HGNC:46023	ENSG00000271765
HGNC:46024	ENSG00000239263
HGNC:46027	ENSG00000239316
HGNC:46028	ENSG00000239553
HGNC:4603	ENSG00000081041
HGNC:46030	ENSG00000266720
HGNC:46031	ENSG00000264573
HGNC:46032	ENSG00000243005
HGNC:46034	ENSG00000241625
HGNC:46035	ENSG00000243532
HGNC:46036	ENSG00000242251
HGNC:46038	ENSG00000243136
HGNC:46039	ENSG00000240823
HGNC:4604	ENSG00000163734
HGNC:46041	ENSG00000264530
HGNC:46042	ENSG00000242014
HGNC:46044	ENSG00000244512
HGNC:46046	ENSG00000243845
HGNC:46048	ENSG00000263941
HGNC:46049	ENSG00000243049
HGNC:4605	ENSG00000134443
HGNC:46050	ENSG00000239868
HGNC:46051	ENSG00000240347
HGNC:46052	ENSG00000244314
HGNC:46053	ENSG00000242493
HGNC:46054	ENSG00000240481
HGNC:46055	ENSG00000241223
HGNC:46056	ENSG00000242696
HGNC:46057	ENSG00000241550
HGNC:46058	ENSG00000263999
HGNC:46059	ENSG00000275878
HGNC:4606	ENSG00000167004
HGNC:46060	ENSG00000263841
HGNC:46061	ENSG00000264862
HGNC:46063	ENSG00000244710
HGNC:46064	ENSG00000266710
HGNC:46065	ENSG00000265802
HGNC:46066	ENSG00000242985
HGNC:46067	ENSG00000239958
HGNC:46068	ENSG00000264002
HGNC:4607	ENSG00000180867
HGNC:46071	ENSG00000243227
HGNC:46073	ENSG00000242256
HGNC:46074	ENSG00000241552
HGNC:46076	ENSG00000243366
HGNC:46078	ENSG00000239640
HGNC:46079	ENSG00000239744
HGNC:46081	ENSG00000243770
HGNC:46082	ENSG00000264030
HGNC:46083	ENSG00000243854
HGNC:46084	ENSG00000242020
HGNC:46085	ENSG00000240533
HGNC:46086	ENSG00000241172
HGNC:46088	ENSG00000243374
HGNC:46089	ENSG00000265882
HGNC:4609	ENSG00000126010
HGNC:46090	ENSG00000265260
HGNC:46091	ENSG00000239908
HGNC:46092	ENSG00000241959
HGNC:46093	ENSG00000240837
HGNC:46094	ENSG00000243782
HGNC:46095	ENSG00000239595
HGNC:46097	ENSG00000244218
HGNC:46098	ENSG00000278696
HGNC:46099	ENSG00000241756
HGNC:461	ENSG00000125363
HGNC:4610	ENSG00000132463
HGNC:46103	ENSG00000239390
HGNC:46104	ENSG00000277062
HGNC:46105	ENSG00000243383
HGNC:46107	ENSG00000240439
HGNC:46108	ENSG00000265592
HGNC:46109	ENSG00000240327
HGNC:46112	ENSG00000265905
HGNC:46113	ENSG00000242216
HGNC:46114	ENSG00000240613
HGNC:46116	ENSG00000240306
HGNC:46117	ENSG00000243548
HGNC:4612	ENSG00000133937
HGNC:46120	ENSG00000243541
HGNC:46121	ENSG00000243704
HGNC:46122	ENSG00000273981
HGNC:46123	ENSG00000243424
HGNC:46124	ENSG00000243546
HGNC:46126	ENSG00000241064
HGNC:46127	ENSG00000243510
HGNC:46129	ENSG00000278590
HGNC:4613	ENSG00000063515
HGNC:46132	ENSG00000240474
HGNC:46133	ENSG00000264192
HGNC:46134	ENSG00000266420
HGNC:46136	ENSG00000244169
HGNC:46137	ENSG00000263974
HGNC:46138	ENSG00000263529
HGNC:46139	ENSG00000266863
HGNC:46140	ENSG00000242113
HGNC:46141	ENSG00000244514
HGNC:46142	ENSG00000276281
HGNC:46143	ENSG00000242175
HGNC:46144	ENSG00000240869
HGNC:46146	ENSG00000244256
HGNC:46147	ENSG00000264592
HGNC:46148	ENSG00000242653
HGNC:46150	ENSG00000263360
HGNC:46151	ENSG00000241964
HGNC:46154	ENSG00000266274
HGNC:46156	ENSG00000266059
HGNC:46157	ENSG00000243398
HGNC:46159	ENSG00000244003
HGNC:4616	ENSG00000105723
HGNC:46160	ENSG00000242559
HGNC:46161	ENSG00000244357
HGNC:46162	ENSG00000240106
HGNC:46163	ENSG00000263988
HGNC:46164	ENSG00000244066
HGNC:46165	ENSG00000241834
HGNC:46166	ENSG00000240626
HGNC:46167	ENSG00000244230
HGNC:46168	ENSG00000242102
HGNC:46169	ENSG00000244748
HGNC:4617	ENSG00000082701
HGNC:46170	ENSG00000264317
HGNC:46171	ENSG00000263490
HGNC:46172	ENSG00000242509
HGNC:46175	ENSG00000242281
HGNC:46176	ENSG00000241159
HGNC:46178	ENSG00000266503
HGNC:46179	ENSG00000266195
HGNC:46180	ENSG00000242614
HGNC:46181	ENSG00000241188
HGNC:46182	ENSG00000275014
HGNC:46183	ENSG00000242673
HGNC:46184	ENSG00000244296
HGNC:46185	ENSG00000242547
HGNC:46186	ENSG00000241821
HGNC:46188	ENSG00000243544
HGNC:46189	ENSG00000243373
HGNC:46190	ENSG00000243333
HGNC:46192	ENSG00000266610
HGNC:46193	ENSG00000242976
HGNC:46194	ENSG00000263616
HGNC:46196	ENSG00000242860
HGNC:46197	ENSG00000243738
HGNC:46198	ENSG00000241461
HGNC:46199	ENSG00000240997
HGNC:462	ENSG00000099721
HGNC:4620	ENSG00000148180
HGNC:46200	ENSG00000239279
HGNC:46201	ENSG00000275776
HGNC:46202	ENSG00000278124
HGNC:46203	ENSG00000240299
HGNC:46204	ENSG00000241943
HGNC:46205	ENSG00000243817
HGNC:46206	ENSG00000264933
HGNC:46207	ENSG00000241198
HGNC:46208	ENSG00000276757
HGNC:46209	ENSG00000239679
HGNC:4621	ENSG00000103342
HGNC:46212	ENSG00000274424
HGNC:46213	ENSG00000276031
HGNC:46214	ENSG00000264036
HGNC:46215	ENSG00000265315
HGNC:46216	ENSG00000265123
HGNC:46217	ENSG00000242118
HGNC:46218	ENSG00000266627
HGNC:46219	ENSG00000275128
HGNC:4622	ENSG00000189369
HGNC:46220	ENSG00000264676
HGNC:46221	ENSG00000241392
HGNC:46224	ENSG00000264391
HGNC:46225	ENSG00000240927
HGNC:46226	ENSG00000275961
HGNC:46227	ENSG00000244534
HGNC:46229	ENSG00000239820
HGNC:4623	ENSG00000104687
HGNC:46230	ENSG00000242066
HGNC:46231	ENSG00000242201
HGNC:46232	ENSG00000244404
HGNC:46233	ENSG00000264706
HGNC:46234	ENSG00000244194
HGNC:46235	ENSG00000265386
HGNC:46236	ENSG00000266467
HGNC:46237	ENSG00000239472
HGNC:46238	ENSG00000242165
HGNC:46239	ENSG00000240202
HGNC:4624	ENSG00000100983
HGNC:46241	ENSG00000239856
HGNC:46244	ENSG00000244033
HGNC:46245	ENSG00000242811
HGNC:46246	ENSG00000264916
HGNC:46247	ENSG00000240803
HGNC:46249	ENSG00000242971
HGNC:46250	ENSG00000241391
HGNC:46252	ENSG00000243870
HGNC:46253	ENSG00000264767
HGNC:46254	ENSG00000276891
HGNC:46255	ENSG00000242999
HGNC:46256	ENSG00000243505
HGNC:46257	ENSG00000239625
HGNC:46258	ENSG00000244389
HGNC:4626	ENSG00000243955
HGNC:46260	ENSG00000242865
HGNC:46262	ENSG00000265093
HGNC:46264	ENSG00000274186
HGNC:46266	ENSG00000244107
HGNC:46267	ENSG00000244399
HGNC:46268	ENSG00000244318
HGNC:46269	ENSG00000241652
HGNC:4627	ENSG00000244067
HGNC:46270	ENSG00000240014
HGNC:46271	ENSG00000239808
HGNC:46274	ENSG00000240589
HGNC:46275	ENSG00000241082
HGNC:46276	ENSG00000253602
HGNC:46277	ENSG00000277762
HGNC:46278	ENSG00000265033
HGNC:46279	ENSG00000240160
HGNC:4628	ENSG00000174156
HGNC:46281	ENSG00000241709
HGNC:46282	ENSG00000243011
HGNC:46283	ENSG00000242121
HGNC:46284	ENSG00000244425
HGNC:46285	ENSG00000243051
HGNC:46286	ENSG00000277198
HGNC:46287	ENSG00000239250
HGNC:46288	ENSG00000242360
HGNC:46289	ENSG00000239953
HGNC:4629	ENSG00000170899
HGNC:46290	ENSG00000242430
HGNC:46291	ENSG00000263940
HGNC:46293	ENSG00000240490
HGNC:46294	ENSG00000243365
HGNC:46295	ENSG00000265648
HGNC:46296	ENSG00000244671
HGNC:46298	ENSG00000243591
HGNC:46299	ENSG00000240977
HGNC:463	ENSG00000159461
HGNC:4630	ENSG00000223622
HGNC:46300	ENSG00000243446
HGNC:46301	ENSG00000243313
HGNC:46302	ENSG00000277464
HGNC:46304	ENSG00000240767
HGNC:46306	ENSG00000264613
HGNC:46307	ENSG00000242065
HGNC:46308	ENSG00000242650
HGNC:46309	ENSG00000242483
HGNC:4631	ENSG00000237674
HGNC:46310	ENSG00000242638
HGNC:46312	ENSG00000275090
HGNC:46313	ENSG00000240183
HGNC:46315	ENSG00000242794
HGNC:46316	ENSG00000265813
HGNC:46317	ENSG00000276014
HGNC:46318	ENSG00000241246
HGNC:46319	ENSG00000240116
HGNC:4632	ENSG00000134184
HGNC:46320	ENSG00000242688
HGNC:46321	ENSG00000240647
HGNC:46322	ENSG00000242241
HGNC:46323	ENSG00000243338
HGNC:46324	ENSG00000243951
HGNC:46325	ENSG00000239356
HGNC:46326	ENSG00000240663
HGNC:46327	ENSG00000265892
HGNC:46329	ENSG00000275655
HGNC:4633	ENSG00000236062
HGNC:46330	ENSG00000244402
HGNC:46332	ENSG00000241631
HGNC:46333	ENSG00000242668
HGNC:46334	ENSG00000242079
HGNC:46335	ENSG00000241807
HGNC:46336	ENSG00000243900
HGNC:46337	ENSG00000277483
HGNC:46338	ENSG00000276588
HGNC:46339	ENSG00000241997
HGNC:4634	ENSG00000213366
HGNC:46341	ENSG00000239579
HGNC:46342	ENSG00000264582
HGNC:46343	ENSG00000275992
HGNC:46344	ENSG00000240853
HGNC:46345	ENSG00000242170
HGNC:46346	ENSG00000244391
HGNC:46347	ENSG00000278422
HGNC:46348	ENSG00000242989
HGNC:46349	ENSG00000239494
HGNC:4635	ENSG00000134202
HGNC:46350	ENSG00000244618
HGNC:46351	ENSG00000241037
HGNC:46352	ENSG00000264017
HGNC:46353	ENSG00000243488
HGNC:46354	ENSG00000241568
HGNC:46355	ENSG00000265740
HGNC:46356	ENSG00000241604
HGNC:46357	ENSG00000275588
HGNC:46358	ENSG00000239398
HGNC:46359	ENSG00000273717
HGNC:4636	ENSG00000168765
HGNC:46360	ENSG00000241395
HGNC:46362	ENSG00000240470
HGNC:46366	ENSG00000243254
HGNC:46367	ENSG00000240098
HGNC:46368	ENSG00000243439
HGNC:46369	ENSG00000263608
HGNC:4637	ENSG00000134201
HGNC:46370	ENSG00000243027
HGNC:46372	ENSG00000266553
HGNC:46373	ENSG00000265894
HGNC:46375	ENSG00000244384
HGNC:46377	ENSG00000242158
HGNC:46378	ENSG00000242707
HGNC:46379	ENSG00000241869
HGNC:4638	ENSG00000084207
HGNC:46380	ENSG00000243560
HGNC:46382	ENSG00000266128
HGNC:46384	ENSG00000239948
HGNC:46385	ENSG00000241542
HGNC:46386	ENSG00000243437
HGNC:46387	ENSG00000266210
HGNC:46388	ENSG00000242565
HGNC:46391	ENSG00000265745
HGNC:46392	ENSG00000265814
HGNC:46393	ENSG00000266569
HGNC:46394	ENSG00000265684
HGNC:46395	ENSG00000242998
HGNC:46396	ENSG00000244532
HGNC:46397	ENSG00000263968
HGNC:46398	ENSG00000240723
HGNC:46399	ENSG00000263556
HGNC:464	ENSG00000104899
HGNC:4640	ENSG00000257569
HGNC:46400	ENSG00000242912
HGNC:46401	ENSG00000241333
HGNC:46402	ENSG00000273610
HGNC:46403	ENSG00000263537
HGNC:46404	ENSG00000239577
HGNC:46406	ENSG00000241785
HGNC:46407	ENSG00000265388
HGNC:46408	ENSG00000242482
HGNC:46409	ENSG00000243723
HGNC:4641	ENSG00000277656
HGNC:46410	ENSG00000239942
HGNC:46411	ENSG00000244307
HGNC:46412	ENSG00000244642
HGNC:46413	ENSG00000244139
HGNC:46414	ENSG00000244356
HGNC:46415	ENSG00000239542
HGNC:46416	ENSG00000243059
HGNC:46417	ENSG00000241866
HGNC:46418	ENSG00000243968
HGNC:46419	ENSG00000240625
HGNC:4642	ENSG00000099984
HGNC:46420	ENSG00000264840
HGNC:46421	ENSG00000264540
HGNC:46424	ENSG00000266875
HGNC:46427	ENSG00000265327
HGNC:46429	ENSG00000242893
HGNC:4643	ENSG00000100577
HGNC:46430	ENSG00000239396
HGNC:46431	ENSG00000240961
HGNC:46432	ENSG00000242101
HGNC:46433	ENSG00000244056
HGNC:46434	ENSG00000241665
HGNC:46435	ENSG00000243883
HGNC:46436	ENSG00000239984
HGNC:46438	ENSG00000274852
HGNC:46439	ENSG00000244372
HGNC:46440	ENSG00000244034
HGNC:46442	ENSG00000263815
HGNC:46444	ENSG00000277582
HGNC:46445	ENSG00000278604
HGNC:46446	ENSG00000243911
HGNC:46447	ENSG00000264384
HGNC:46448	ENSG00000242769
HGNC:46450	ENSG00000241868
HGNC:46451	ENSG00000263944
HGNC:46456	ENSG00000264963
HGNC:46457	ENSG00000241413
HGNC:46458	ENSG00000239221
HGNC:46459	ENSG00000241229
HGNC:4646	ENSG00000165417
HGNC:46460	ENSG00000265753
HGNC:46461	ENSG00000240577
HGNC:46462	ENSG00000244544
HGNC:46463	ENSG00000243991
HGNC:46464	ENSG00000264322
HGNC:46465	ENSG00000242889
HGNC:46467	ENSG00000265141
HGNC:46468	ENSG00000243103
HGNC:46469	ENSG00000276544
HGNC:4647	ENSG00000140307
HGNC:46470	ENSG00000243426
HGNC:46471	ENSG00000264047
HGNC:46472	ENSG00000242266
HGNC:46473	ENSG00000263794
HGNC:46475	ENSG00000240993
HGNC:46476	ENSG00000263410
HGNC:46477	ENSG00000243801
HGNC:46478	ENSG00000276522
HGNC:4648	ENSG00000137947
HGNC:46480	ENSG00000243872
HGNC:46481	ENSG00000244297
HGNC:46482	ENSG00000241347
HGNC:46484	ENSG00000264833
HGNC:46485	ENSG00000277637
HGNC:46486	ENSG00000263669
HGNC:46487	ENSG00000263426
HGNC:46488	ENSG00000240457
HGNC:46489	ENSG00000277452
HGNC:46490	ENSG00000264092
HGNC:46491	ENSG00000265535
HGNC:46493	ENSG00000239367
HGNC:46494	ENSG00000277946
HGNC:46495	ENSG00000239560
HGNC:46496	ENSG00000266187
HGNC:46497	ENSG00000240322
HGNC:46498	ENSG00000241587
HGNC:46499	ENSG00000244091
HGNC:465	ENSG00000135409
HGNC:4650	ENSG00000153767
HGNC:46500	ENSG00000241588
HGNC:46503	ENSG00000243871
HGNC:46504	ENSG00000264271
HGNC:46505	ENSG00000277295
HGNC:46507	ENSG00000264400
HGNC:46508	ENSG00000240545
HGNC:46509	ENSG00000266439
HGNC:4651	ENSG00000197265
HGNC:46510	ENSG00000241175
HGNC:46511	ENSG00000277515
HGNC:46512	ENSG00000242855
HGNC:46513	ENSG00000240847
HGNC:46514	ENSG00000263755
HGNC:46515	ENSG00000239202
HGNC:46518	ENSG00000240733
HGNC:46519	ENSG00000240374
HGNC:4652	ENSG00000125651
HGNC:46520	ENSG00000241789
HGNC:46521	ENSG00000241420
HGNC:46523	ENSG00000239702
HGNC:46524	ENSG00000244112
HGNC:46525	ENSG00000263479
HGNC:46526	ENSG00000266308
HGNC:46529	ENSG00000239821
HGNC:4653	ENSG00000188342
HGNC:46531	ENSG00000241406
HGNC:46532	ENSG00000242699
HGNC:46533	ENSG00000241939
HGNC:46534	ENSG00000265486
HGNC:46535	ENSG00000243075
HGNC:46536	ENSG00000240199
HGNC:46537	ENSG00000240877
HGNC:46539	ENSG00000243976
HGNC:4654	ENSG00000251254
HGNC:46540	ENSG00000266754
HGNC:46541	ENSG00000264910
HGNC:46542	ENSG00000243642
HGNC:46546	ENSG00000239910
HGNC:46547	ENSG00000264071
HGNC:4655	ENSG00000110768
HGNC:46551	ENSG00000239419
HGNC:46552	ENSG00000278222
HGNC:46554	ENSG00000240692
HGNC:46555	ENSG00000274076
HGNC:46557	ENSG00000240250
HGNC:46558	ENSG00000243633
HGNC:46559	ENSG00000265918
HGNC:4656	ENSG00000145736
HGNC:46560	ENSG00000275230
HGNC:46561	ENSG00000274568
HGNC:46562	ENSG00000239224
HGNC:46563	ENSG00000240584
HGNC:46565	ENSG00000239825
HGNC:46567	ENSG00000243856
HGNC:46568	ENSG00000239466
HGNC:46569	ENSG00000241227
HGNC:4657	ENSG00000111358
HGNC:46570	ENSG00000240936
HGNC:46571	ENSG00000263905
HGNC:46572	ENSG00000277265
HGNC:46573	ENSG00000266166
HGNC:46574	ENSG00000243260
HGNC:46575	ENSG00000240750
HGNC:46576	ENSG00000264438
HGNC:46577	ENSG00000242348
HGNC:46579	ENSG00000239211
HGNC:4658	ENSG00000213780
HGNC:46580	ENSG00000240606
HGNC:46581	ENSG00000276562
HGNC:46582	ENSG00000241983
HGNC:46583	ENSG00000240203
HGNC:46584	ENSG00000239703
HGNC:46585	ENSG00000239468
HGNC:46586	ENSG00000241174
HGNC:46587	ENSG00000243274
HGNC:46589	ENSG00000239607
HGNC:4659	ENSG00000263001
HGNC:46590	ENSG00000266075
HGNC:46591	ENSG00000277591
HGNC:46593	ENSG00000265942
HGNC:46594	ENSG00000239228
HGNC:46596	ENSG00000240641
HGNC:46597	ENSG00000242657
HGNC:46598	ENSG00000241156
HGNC:46599	ENSG00000239504
HGNC:4660	ENSG00000277053
HGNC:46600	ENSG00000239471
HGNC:46601	ENSG00000274168
HGNC:46602	ENSG00000241487
HGNC:46603	ENSG00000240233
HGNC:46605	ENSG00000239247
HGNC:46607	ENSG00000240940
HGNC:46608	ENSG00000264615
HGNC:4661	ENSG00000006704
HGNC:46610	ENSG00000242236
HGNC:46612	ENSG00000264519
HGNC:46613	ENSG00000244264
HGNC:46614	ENSG00000243700
HGNC:46616	ENSG00000274963
HGNC:46617	ENSG00000243346
HGNC:46618	ENSG00000264352
HGNC:4662	ENSG00000122034
HGNC:46620	ENSG00000244236
HGNC:46621	ENSG00000265566
HGNC:46622	ENSG00000239932
HGNC:46623	ENSG00000278525
HGNC:46624	ENSG00000239884
HGNC:46626	ENSG00000243847
HGNC:46628	ENSG00000266160
HGNC:46630	ENSG00000243267
HGNC:46631	ENSG00000263989
HGNC:46632	ENSG00000266477
HGNC:46633	ENSG00000241162
HGNC:46634	ENSG00000241613
HGNC:46635	ENSG00000266770
HGNC:46636	ENSG00000276088
HGNC:46637	ENSG00000240189
HGNC:46638	ENSG00000265052
HGNC:46639	ENSG00000244501
HGNC:4664	ENSG00000077235
HGNC:46640	ENSG00000265777
HGNC:46641	ENSG00000274656
HGNC:46643	ENSG00000274747
HGNC:46644	ENSG00000277467
HGNC:46645	ENSG00000241243
HGNC:46646	ENSG00000264978
HGNC:46648	ENSG00000241524
HGNC:46649	ENSG00000240186
HGNC:4665	ENSG00000115207
HGNC:46650	ENSG00000242894
HGNC:46651	ENSG00000243029
HGNC:46652	ENSG00000244376
HGNC:46654	ENSG00000243702
HGNC:46656	ENSG00000278825
HGNC:46659	ENSG00000243124
HGNC:4666	ENSG00000119041
HGNC:46660	ENSG00000264313
HGNC:46661	ENSG00000240863
HGNC:46662	ENSG00000242341
HGNC:46663	ENSG00000243957
HGNC:46664	ENSG00000265727
HGNC:46665	ENSG00000243539
HGNC:46666	ENSG00000274475
HGNC:46668	ENSG00000265559
HGNC:46669	ENSG00000239794
HGNC:4667	ENSG00000125484
HGNC:46670	ENSG00000244568
HGNC:46671	ENSG00000241963
HGNC:46672	ENSG00000265411
HGNC:46673	ENSG00000264293
HGNC:46674	ENSG00000239333
HGNC:46675	ENSG00000244104
HGNC:46676	ENSG00000278746
HGNC:46679	ENSG00000275132
HGNC:4668	ENSG00000148308
HGNC:46680	ENSG00000265078
HGNC:46681	ENSG00000264169
HGNC:46682	ENSG00000240639
HGNC:46683	ENSG00000265170
HGNC:46684	ENSG00000239690
HGNC:46686	ENSG00000264041
HGNC:46688	ENSG00000239742
HGNC:46689	ENSG00000273818
HGNC:4669	ENSG00000100226
HGNC:46690	ENSG00000239899
HGNC:46691	ENSG00000239580
HGNC:46692	ENSG00000265119
HGNC:46693	ENSG00000242863
HGNC:46694	ENSG00000263969
HGNC:46695	ENSG00000243905
HGNC:46696	ENSG00000275337
HGNC:46697	ENSG00000240966
HGNC:46699	ENSG00000242330
HGNC:467	ENSG00000101935
HGNC:4670	ENSG00000172432
HGNC:46700	ENSG00000243959
HGNC:46701	ENSG00000242315
HGNC:46703	ENSG00000244335
HGNC:46704	ENSG00000239726
HGNC:46705	ENSG00000263432
HGNC:46706	ENSG00000264879
HGNC:46707	ENSG00000239464
HGNC:46708	ENSG00000239710
HGNC:46709	ENSG00000265272
HGNC:46713	ENSG00000264484
HGNC:46714	ENSG00000244232
HGNC:46716	ENSG00000244521
HGNC:46718	ENSG00000243980
HGNC:46719	ENSG00000266317
HGNC:46720	ENSG00000241693
HGNC:46721	ENSG00000243549
HGNC:46722	ENSG00000244677
HGNC:46724	ENSG00000265675
HGNC:46725	ENSG00000241032
HGNC:46727	ENSG00000276047
HGNC:46728	ENSG00000266828
HGNC:46729	ENSG00000264128
HGNC:46730	ENSG00000241757
HGNC:46731	ENSG00000272096
HGNC:46732	ENSG00000263558
HGNC:46733	ENSG00000240302
HGNC:46734	ENSG00000264423
HGNC:46735	ENSG00000274632
HGNC:46736	ENSG00000241152
HGNC:46738	ENSG00000273940
HGNC:46740	ENSG00000244692
HGNC:46741	ENSG00000278242
HGNC:46742	ENSG00000272232
HGNC:46743	ENSG00000241248
HGNC:46744	ENSG00000241144
HGNC:46747	ENSG00000264501
HGNC:46748	ENSG00000264618
HGNC:46749	ENSG00000273946
HGNC:46750	ENSG00000243420
HGNC:46751	ENSG00000244044
HGNC:46752	ENSG00000275803
HGNC:46753	ENSG00000243015
HGNC:46754	ENSG00000243339
HGNC:46756	ENSG00000244294
HGNC:46757	ENSG00000242381
HGNC:46759	ENSG00000243954
HGNC:46760	ENSG00000264028
HGNC:46761	ENSG00000242182
HGNC:46764	ENSG00000239964
HGNC:46765	ENSG00000242853
HGNC:46766	ENSG00000263672
HGNC:46767	ENSG00000240964
HGNC:46768	ENSG00000239437
HGNC:46769	ENSG00000264275
HGNC:46770	ENSG00000239822
HGNC:46772	ENSG00000244610
HGNC:46773	ENSG00000239249
HGNC:46775	ENSG00000278497
HGNC:46776	ENSG00000272469
HGNC:46777	ENSG00000243671
HGNC:46778	ENSG00000244308
HGNC:46779	ENSG00000277774
HGNC:4678	ENSG00000048545
HGNC:46780	ENSG00000240317
HGNC:46782	ENSG00000244197
HGNC:46783	ENSG00000241529
HGNC:46785	ENSG00000276956
HGNC:46787	ENSG00000240173
HGNC:4679	ENSG00000112599
HGNC:46790	ENSG00000263882
HGNC:46791	ENSG00000243370
HGNC:46792	ENSG00000240772
HGNC:46794	ENSG00000272412
HGNC:46798	ENSG00000239708
HGNC:46799	ENSG00000265885
HGNC:468	ENSG00000116748
HGNC:4680	ENSG00000138472
HGNC:46800	ENSG00000264113
HGNC:46801	ENSG00000266158
HGNC:46802	ENSG00000263993
HGNC:46803	ENSG00000274098
HGNC:46804	ENSG00000241745
HGNC:46805	ENSG00000242436
HGNC:46806	ENSG00000239745
HGNC:46807	ENSG00000241291
HGNC:46808	ENSG00000239888
HGNC:46809	ENSG00000264554
HGNC:46810	ENSG00000240235
HGNC:46811	ENSG00000239748
HGNC:46812	ENSG00000277031
HGNC:46813	ENSG00000242560
HGNC:46814	ENSG00000240905
HGNC:46815	ENSG00000244006
HGNC:46816	ENSG00000242398
HGNC:46817	ENSG00000241230
HGNC:46818	ENSG00000277506
HGNC:46819	ENSG00000272197
HGNC:4682	ENSG00000197273
HGNC:46820	ENSG00000266185
HGNC:46822	ENSG00000242719
HGNC:46823	ENSG00000243125
HGNC:46824	ENSG00000240637
HGNC:46825	ENSG00000241217
HGNC:46826	ENSG00000243035
HGNC:46827	ENSG00000265439
HGNC:46828	ENSG00000242876
HGNC:46829	ENSG00000241074
HGNC:4683	ENSG00000044012
HGNC:46830	ENSG00000244326
HGNC:46831	ENSG00000243359
HGNC:46833	ENSG00000241791
HGNC:46834	ENSG00000274234
HGNC:46835	ENSG00000264251
HGNC:46836	ENSG00000276200
HGNC:46838	ENSG00000239545
HGNC:46839	ENSG00000263595
HGNC:4684	ENSG00000152402
HGNC:46840	ENSG00000242764
HGNC:46841	ENSG00000239731
HGNC:46842	ENSG00000240151
HGNC:46843	ENSG00000271986
HGNC:46844	ENSG00000272075
HGNC:46847	ENSG00000241992
HGNC:46848	ENSG00000243819
HGNC:46849	ENSG00000244080
HGNC:4685	ENSG00000164116
HGNC:46850	ENSG00000243650
HGNC:46851	ENSG00000264250
HGNC:46852	ENSG00000241226
HGNC:46853	ENSG00000240502
HGNC:46854	ENSG00000243562
HGNC:46856	ENSG00000272536
HGNC:46857	ENSG00000239555
HGNC:46858	ENSG00000243066
HGNC:46859	ENSG00000239547
HGNC:4686	ENSG00000123201
HGNC:46861	ENSG00000244328
HGNC:46862	ENSG00000242818
HGNC:46863	ENSG00000265319
HGNC:46865	ENSG00000243115
HGNC:46866	ENSG00000263955
HGNC:46867	ENSG00000240718
HGNC:46869	ENSG00000274350
HGNC:4687	ENSG00000061918
HGNC:46870	ENSG00000239319
HGNC:46872	ENSG00000276653
HGNC:46876	ENSG00000240713
HGNC:46877	ENSG00000243173
HGNC:46878	ENSG00000242651
HGNC:46879	ENSG00000244632
HGNC:4688	ENSG00000070019
HGNC:46880	ENSG00000239923
HGNC:46881	ENSG00000240205
HGNC:46884	ENSG00000242928
HGNC:46885	ENSG00000244392
HGNC:46886	ENSG00000244732
HGNC:46889	ENSG00000251900
HGNC:4689	ENSG00000132518
HGNC:46890	ENSG00000252116
HGNC:46891	ENSG00000253035
HGNC:46892	ENSG00000252401
HGNC:46893	ENSG00000252089
HGNC:46894	ENSG00000252005
HGNC:46895	ENSG00000252955
HGNC:46896	ENSG00000252776
HGNC:46897	ENSG00000251748
HGNC:46898	ENSG00000252269
HGNC:46899	ENSG00000251741
HGNC:469	ENSG00000116337
HGNC:4690	ENSG00000204529
HGNC:46900	ENSG00000252013
HGNC:46901	ENSG00000252224
HGNC:46902	ENSG00000221439
HGNC:46903	ENSG00000253081
HGNC:46904	ENSG00000251988
HGNC:46905	ENSG00000221059
HGNC:46906	ENSG00000221038
HGNC:46907	ENSG00000221387
HGNC:46908	ENSG00000252019
HGNC:46909	ENSG00000221562
HGNC:4691	ENSG00000101890
HGNC:46910	ENSG00000221468
HGNC:46911	ENSG00000252351
HGNC:46912	ENSG00000251961
HGNC:46913	ENSG00000252027
HGNC:46914	ENSG00000221206
HGNC:46915	ENSG00000221518
HGNC:46916	ENSG00000251883
HGNC:46917	ENSG00000221340
HGNC:46918	ENSG00000221023
HGNC:46919	ENSG00000221363
HGNC:46920	ENSG00000221583
HGNC:46921	ENSG00000252603
HGNC:46922	ENSG00000221375
HGNC:46923	ENSG00000252620
HGNC:46924	ENSG00000221725
HGNC:46925	ENSG00000210841
HGNC:46926	ENSG00000221216
HGNC:46927	ENSG00000238561
HGNC:46928	ENSG00000221015
HGNC:46929	ENSG00000221114
HGNC:4693	ENSG00000143774
HGNC:46930	ENSG00000221440
HGNC:46931	ENSG00000251835
HGNC:46932	ENSG00000221574
HGNC:46933	ENSG00000221806
HGNC:46934	ENSG00000221571
HGNC:46935	ENSG00000252684
HGNC:46936	ENSG00000221255
HGNC:46937	ENSG00000221046
HGNC:46938	ENSG00000252118
HGNC:46939	ENSG00000221507
HGNC:46940	ENSG00000221527
HGNC:46941	ENSG00000221564
HGNC:46942	ENSG00000252707
HGNC:46943	ENSG00000212413
HGNC:46944	ENSG00000212451
HGNC:46945	ENSG00000212518
HGNC:46946	ENSG00000212429
HGNC:46947	ENSG00000202157
HGNC:46948	ENSG00000202103
HGNC:46949	ENSG00000200889
HGNC:4695	ENSG00000234770
HGNC:46950	ENSG00000222790
HGNC:46951	ENSG00000199483
HGNC:46952	ENSG00000201607
HGNC:46953	ENSG00000202468
HGNC:46954	ENSG00000252560
HGNC:46956	ENSG00000202471
HGNC:46957	ENSG00000199672
HGNC:46958	ENSG00000222990
HGNC:46959	ENSG00000199709
HGNC:4696	ENSG00000169919
HGNC:46960	ENSG00000201435
HGNC:46961	ENSG00000222501
HGNC:46962	ENSG00000222202
HGNC:46963	ENSG00000222821
HGNC:46964	ENSG00000201609
HGNC:46965	ENSG00000251752
HGNC:46966	ENSG00000222177
HGNC:46967	ENSG00000206938
HGNC:46968	ENSG00000200274
HGNC:46969	ENSG00000201186
HGNC:46970	ENSG00000222363
HGNC:46971	ENSG00000199458
HGNC:46972	ENSG00000201164
HGNC:46973	ENSG00000222146
HGNC:46974	ENSG00000201342
HGNC:46975	ENSG00000199325
HGNC:46976	ENSG00000201221
HGNC:46977	ENSG00000201296
HGNC:46978	ENSG00000201608
HGNC:46979	ENSG00000222560
HGNC:46980	ENSG00000199920
HGNC:46981	ENSG00000202339
HGNC:46982	ENSG00000222750
HGNC:46983	ENSG00000222808
HGNC:46984	ENSG00000202429
HGNC:46985	ENSG00000251889
HGNC:46986	ENSG00000201231
HGNC:46987	ENSG00000201076
HGNC:46988	ENSG00000206936
HGNC:46989	ENSG00000222760
HGNC:4699	ENSG00000163754
HGNC:46990	ENSG00000252237
HGNC:46991	ENSG00000222663
HGNC:46992	ENSG00000201570
HGNC:46993	ENSG00000251789
HGNC:46994	ENSG00000200062
HGNC:46995	ENSG00000201317
HGNC:46996	ENSG00000253048
HGNC:46997	ENSG00000223175
HGNC:46998	ENSG00000222057
HGNC:46999	ENSG00000223245
HGNC:47	ENSG00000115657
HGNC:470	ENSG00000133805
HGNC:4700	ENSG00000056998
HGNC:47000	ENSG00000222727
HGNC:47001	ENSG00000222405
HGNC:47002	ENSG00000202069
HGNC:47003	ENSG00000201439
HGNC:47004	ENSG00000201184
HGNC:47005	ENSG00000222609
HGNC:47006	ENSG00000207309
HGNC:47007	ENSG00000252067
HGNC:47008	ENSG00000222686
HGNC:47009	ENSG00000200034
HGNC:4701	ENSG00000206159
HGNC:47010	ENSG00000223212
HGNC:47011	ENSG00000201491
HGNC:47012	ENSG00000201379
HGNC:47013	ENSG00000252501
HGNC:47014	ENSG00000222872
HGNC:47015	ENSG00000199634
HGNC:47016	ENSG00000200070
HGNC:47017	ENSG00000200431
HGNC:47018	ENSG00000199313
HGNC:47019	ENSG00000222795
HGNC:4702	ENSG00000170180
HGNC:47020	ENSG00000201070
HGNC:47021	ENSG00000201545
HGNC:47022	ENSG00000222067
HGNC:47023	ENSG00000200974
HGNC:47024	ENSG00000223152
HGNC:47025	ENSG00000272359
HGNC:47026	ENSG00000199643
HGNC:47027	ENSG00000201648
HGNC:47028	ENSG00000200653
HGNC:47029	ENSG00000252497
HGNC:4703	ENSG00000250361
HGNC:47030	ENSG00000252350
HGNC:47035	ENSG00000223088
HGNC:47036	ENSG00000271034
HGNC:47037	ENSG00000240156
HGNC:47038	ENSG00000258700
HGNC:4704	ENSG00000136732
HGNC:47040	ENSG00000261820
HGNC:47041	ENSG00000227392
HGNC:47044	ENSG00000280997
HGNC:47047	ENSG00000272445
HGNC:47048	ENSG00000271932
HGNC:47049	ENSG00000271923
HGNC:4705	ENSG00000197465
HGNC:47050	ENSG00000272028
HGNC:47051	ENSG00000272507
HGNC:47052	ENSG00000272262
HGNC:47053	ENSG00000272337
HGNC:47054	ENSG00000272439
HGNC:47055	ENSG00000272393
HGNC:47057	ENSG00000271819
HGNC:47058	ENSG00000207428
HGNC:4706	ENSG00000104812
HGNC:47060	ENSG00000200257
HGNC:47061	ENSG00000206900
HGNC:47062	ENSG00000201591
HGNC:47063	ENSG00000252414
HGNC:47064	ENSG00000222255
HGNC:47065	ENSG00000207214
HGNC:47066	ENSG00000200556
HGNC:47067	ENSG00000238509
HGNC:47068	ENSG00000200779
HGNC:47069	ENSG00000207134
HGNC:4707	ENSG00000111713
HGNC:47070	ENSG00000252452
HGNC:47071	ENSG00000202428
HGNC:47072	ENSG00000252173
HGNC:47073	ENSG00000207237
HGNC:47074	ENSG00000252988
HGNC:47075	ENSG00000200469
HGNC:47076	ENSG00000252462
HGNC:47077	ENSG00000207435
HGNC:47078	ENSG00000201180
HGNC:47079	ENSG00000206769
HGNC:4708	ENSG00000145649
HGNC:47080	ENSG00000202285
HGNC:47081	ENSG00000252361
HGNC:47082	ENSG00000201752
HGNC:47083	ENSG00000251886
HGNC:47084	ENSG00000222457
HGNC:47085	ENSG00000252627
HGNC:47086	ENSG00000251972
HGNC:47088	ENSG00000207234
HGNC:47089	ENSG00000252494
HGNC:4709	ENSG00000100453
HGNC:47090	ENSG00000212199
HGNC:47091	ENSG00000206703
HGNC:47092	ENSG00000212324
HGNC:47093	ENSG00000223044
HGNC:47094	ENSG00000212446
HGNC:47095	ENSG00000206590
HGNC:47096	ENSG00000206716
HGNC:47098	ENSG00000252578
HGNC:47099	ENSG00000207393
HGNC:471	ENSG00000078053
HGNC:4710	ENSG00000100450
HGNC:47100	ENSG00000200550
HGNC:47101	ENSG00000251761
HGNC:47102	ENSG00000252449
HGNC:47103	ENSG00000207296
HGNC:47104	ENSG00000222431
HGNC:47105	ENSG00000206746
HGNC:47106	ENSG00000252751
HGNC:47107	ENSG00000206678
HGNC:47108	ENSG00000207307
HGNC:47109	ENSG00000207332
HGNC:4711	ENSG00000113088
HGNC:47110	ENSG00000206710
HGNC:47111	ENSG00000252823
HGNC:47113	ENSG00000252046
HGNC:47114	ENSG00000201028
HGNC:47115	ENSG00000206764
HGNC:47116	ENSG00000201292
HGNC:47117	ENSG00000207033
HGNC:47118	ENSG00000252156
HGNC:47119	ENSG00000278331
HGNC:4712	ENSG00000197540
HGNC:47120	ENSG00000206684
HGNC:47121	ENSG00000252913
HGNC:47122	ENSG00000212382
HGNC:47123	ENSG00000207321
HGNC:47124	ENSG00000199921
HGNC:47125	ENSG00000252037
HGNC:47126	ENSG00000207124
HGNC:47127	ENSG00000201474
HGNC:47128	ENSG00000252979
HGNC:47129	ENSG00000207099
HGNC:4713	ENSG00000130600
HGNC:47130	ENSG00000207019
HGNC:47131	ENSG00000251998
HGNC:47132	ENSG00000202206
HGNC:47133	ENSG00000199702
HGNC:47134	ENSG00000207082
HGNC:47135	ENSG00000222932
HGNC:47136	ENSG00000201085
HGNC:47137	ENSG00000222338
HGNC:47138	ENSG00000252705
HGNC:47139	ENSG00000253005
HGNC:4714	ENSG00000189060
HGNC:47140	ENSG00000223189
HGNC:47141	ENSG00000207361
HGNC:47142	ENSG00000200220
HGNC:47143	ENSG00000252506
HGNC:47144	ENSG00000200095
HGNC:47145	ENSG00000252779
HGNC:47146	ENSG00000200331
HGNC:47147	ENSG00000252323
HGNC:47148	ENSG00000207150
HGNC:4715	ENSG00000124610
HGNC:47150	ENSG00000206866
HGNC:47151	ENSG00000201077
HGNC:47152	ENSG00000251929
HGNC:47153	ENSG00000206881
HGNC:47154	ENSG00000252104
HGNC:47155	ENSG00000212555
HGNC:47156	ENSG00000222909
HGNC:47157	ENSG00000200732
HGNC:47158	ENSG00000223284
HGNC:47159	ENSG00000207042
HGNC:4716	ENSG00000187837
HGNC:47160	ENSG00000252489
HGNC:47161	ENSG00000206985
HGNC:47162	ENSG00000199824
HGNC:47163	ENSG00000201613
HGNC:47164	ENSG00000252909
HGNC:47165	ENSG00000251807
HGNC:47166	ENSG00000206765
HGNC:47167	ENSG00000199335
HGNC:47168	ENSG00000212160
HGNC:47169	ENSG00000206843
HGNC:4717	ENSG00000124575
HGNC:47170	ENSG00000206864
HGNC:47171	ENSG00000199301
HGNC:47172	ENSG00000206845
HGNC:47173	ENSG00000252752
HGNC:47174	ENSG00000206774
HGNC:47175	ENSG00000199512
HGNC:47176	ENSG00000206778
HGNC:47177	ENSG00000206857
HGNC:47178	ENSG00000202039
HGNC:47179	ENSG00000200152
HGNC:4718	ENSG00000168298
HGNC:47180	ENSG00000206891
HGNC:47181	ENSG00000252929
HGNC:47182	ENSG00000201598
HGNC:47183	ENSG00000212221
HGNC:47184	ENSG00000238493
HGNC:47185	ENSG00000199308
HGNC:47186	ENSG00000199700
HGNC:47187	ENSG00000206782
HGNC:47188	ENSG00000207343
HGNC:47189	ENSG00000200648
HGNC:4719	ENSG00000184357
HGNC:47190	ENSG00000199735
HGNC:47191	ENSG00000199570
HGNC:47192	ENSG00000252423
HGNC:47193	ENSG00000199327
HGNC:47194	ENSG00000252931
HGNC:47195	ENSG00000252953
HGNC:47196	ENSG00000222777
HGNC:47197	ENSG00000202099
HGNC:47198	ENSG00000199514
HGNC:47199	ENSG00000200756
HGNC:4720	ENSG00000187475
HGNC:47200	ENSG00000251794
HGNC:47201	ENSG00000200183
HGNC:47202	ENSG00000212292
HGNC:47203	ENSG00000251907
HGNC:47204	ENSG00000212450
HGNC:47205	ENSG00000207087
HGNC:47206	ENSG00000212442
HGNC:47207	ENSG00000212330
HGNC:47208	ENSG00000206747
HGNC:47209	ENSG00000207433
HGNC:47210	ENSG00000199506
HGNC:47211	ENSG00000222652
HGNC:47212	ENSG00000199886
HGNC:47213	ENSG00000252767
HGNC:47214	ENSG00000200105
HGNC:47215	ENSG00000200102
HGNC:47216	ENSG00000207461
HGNC:47217	ENSG00000200247
HGNC:47218	ENSG00000252766
HGNC:47219	ENSG00000252556
HGNC:4722	ENSG00000184897
HGNC:47220	ENSG00000222170
HGNC:47221	ENSG00000212186
HGNC:47222	ENSG00000206726
HGNC:47223	ENSG00000206819
HGNC:47224	ENSG00000238697
HGNC:47225	ENSG00000222249
HGNC:47226	ENSG00000200681
HGNC:47227	ENSG00000252943
HGNC:47229	ENSG00000201095
HGNC:47230	ENSG00000252523
HGNC:47231	ENSG00000201044
HGNC:47232	ENSG00000212379
HGNC:47233	ENSG00000201001
HGNC:47234	ENSG00000200728
HGNC:47235	ENSG00000222960
HGNC:47236	ENSG00000252746
HGNC:47237	ENSG00000239075
HGNC:47238	ENSG00000201780
HGNC:47239	ENSG00000251923
HGNC:4724	ENSG00000277075
HGNC:47240	ENSG00000252081
HGNC:47241	ENSG00000212247
HGNC:47242	ENSG00000212599
HGNC:47243	ENSG00000201015
HGNC:47244	ENSG00000206939
HGNC:47245	ENSG00000202227
HGNC:47246	ENSG00000201658
HGNC:47247	ENSG00000223037
HGNC:47248	ENSG00000222488
HGNC:47249	ENSG00000207476
HGNC:4725	ENSG00000196747
HGNC:47250	ENSG00000252039
HGNC:47251	ENSG00000200560
HGNC:47252	ENSG00000200963
HGNC:47253	ENSG00000202082
HGNC:47254	ENSG00000207451
HGNC:47256	ENSG00000223191
HGNC:47257	ENSG00000201869
HGNC:47258	ENSG00000252710
HGNC:47259	ENSG00000207338
HGNC:4726	ENSG00000275221
HGNC:47260	ENSG00000207366
HGNC:47261	ENSG00000212190
HGNC:47262	ENSG00000253032
HGNC:47263	ENSG00000238616
HGNC:47264	ENSG00000207004
HGNC:47265	ENSG00000202119
HGNC:47266	ENSG00000252900
HGNC:47267	ENSG00000201725
HGNC:47269	ENSG00000207347
HGNC:4727	ENSG00000276368
HGNC:47270	ENSG00000252552
HGNC:47271	ENSG00000212259
HGNC:47272	ENSG00000201443
HGNC:47273	ENSG00000207385
HGNC:47274	ENSG00000252033
HGNC:47275	ENSG00000201499
HGNC:47276	ENSG00000252126
HGNC:47277	ENSG00000252383
HGNC:47278	ENSG00000199536
HGNC:47279	ENSG00000212329
HGNC:4728	ENSG00000234816
HGNC:47280	ENSG00000206758
HGNC:47281	ENSG00000207010
HGNC:47282	ENSG00000251834
HGNC:47283	ENSG00000252320
HGNC:47284	ENSG00000222844
HGNC:47285	ENSG00000251819
HGNC:47286	ENSG00000253739
HGNC:47287	ENSG00000200827
HGNC:47288	ENSG00000223064
HGNC:47289	ENSG00000202350
HGNC:4729	ENSG00000196866
HGNC:47290	ENSG00000252079
HGNC:47291	ENSG00000212189
HGNC:47292	ENSG00000238882
HGNC:47293	ENSG00000199885
HGNC:47294	ENSG00000207455
HGNC:47295	ENSG00000212495
HGNC:47296	ENSG00000238669
HGNC:47297	ENSG00000252881
HGNC:47298	ENSG00000201433
HGNC:47299	ENSG00000201761
HGNC:473	ENSG00000145020
HGNC:4730	ENSG00000276903
HGNC:47300	ENSG00000212545
HGNC:47301	ENSG00000206615
HGNC:47302	ENSG00000207037
HGNC:47303	ENSG00000200875
HGNC:47304	ENSG00000252782
HGNC:47305	ENSG00000207251
HGNC:47306	ENSG00000201579
HGNC:47307	ENSG00000252444
HGNC:47308	ENSG00000252810
HGNC:47309	ENSG00000252097
HGNC:47310	ENSG00000252467
HGNC:47311	ENSG00000207114
HGNC:47312	ENSG00000199272
HGNC:47314	ENSG00000251906
HGNC:47315	ENSG00000252717
HGNC:47316	ENSG00000201136
HGNC:47317	ENSG00000206589
HGNC:47318	ENSG00000222359
HGNC:47319	ENSG00000206867
HGNC:4732	ENSG00000218690
HGNC:47321	ENSG00000252373
HGNC:47322	ENSG00000202336
HGNC:47323	ENSG00000212246
HGNC:47324	ENSG00000201324
HGNC:47325	ENSG00000252545
HGNC:47326	ENSG00000199765
HGNC:47327	ENSG00000207115
HGNC:47328	ENSG00000252922
HGNC:47329	ENSG00000201097
HGNC:4733	ENSG00000180573
HGNC:47330	ENSG00000252980
HGNC:47331	ENSG00000278551
HGNC:47332	ENSG00000199385
HGNC:47333	ENSG00000222940
HGNC:47334	ENSG00000201153
HGNC:47336	ENSG00000223179
HGNC:47337	ENSG00000201016
HGNC:47338	ENSG00000252859
HGNC:47339	ENSG00000207462
HGNC:4734	ENSG00000278463
HGNC:47340	ENSG00000251774
HGNC:47341	ENSG00000207052
HGNC:47342	ENSG00000200683
HGNC:47343	ENSG00000222139
HGNC:47344	ENSG00000212561
HGNC:47345	ENSG00000202051
HGNC:47346	ENSG00000222796
HGNC:47347	ENSG00000201770
HGNC:47349	ENSG00000199520
HGNC:4735	ENSG00000278677
HGNC:47350	ENSG00000223263
HGNC:47351	ENSG00000252821
HGNC:47352	ENSG00000252857
HGNC:47353	ENSG00000252068
HGNC:47354	ENSG00000202050
HGNC:47355	ENSG00000201796
HGNC:47356	ENSG00000207204
HGNC:47357	ENSG00000222667
HGNC:47358	ENSG00000202532
HGNC:47359	ENSG00000202239
HGNC:4736	ENSG00000288825
HGNC:47360	ENSG00000252035
HGNC:47361	ENSG00000206870
HGNC:47362	ENSG00000202034
HGNC:47363	ENSG00000212475
HGNC:47364	ENSG00000212374
HGNC:47365	ENSG00000222610
HGNC:47366	ENSG00000200033
HGNC:47368	ENSG00000252446
HGNC:47369	ENSG00000252279
HGNC:4737	ENSG00000196787
HGNC:47370	ENSG00000202150
HGNC:47371	ENSG00000251719
HGNC:47372	ENSG00000206841
HGNC:47373	ENSG00000252815
HGNC:47374	ENSG00000207180
HGNC:47375	ENSG00000252243
HGNC:47376	ENSG00000206842
HGNC:47377	ENSG00000200575
HGNC:47378	ENSG00000252061
HGNC:47379	ENSG00000252074
HGNC:4738	ENSG00000184260
HGNC:47380	ENSG00000207443
HGNC:47381	ENSG00000206762
HGNC:47382	ENSG00000252839
HGNC:47383	ENSG00000239001
HGNC:47384	ENSG00000201341
HGNC:47385	ENSG00000207362
HGNC:47387	ENSG00000207095
HGNC:47388	ENSG00000206604
HGNC:47389	ENSG00000252273
HGNC:4739	ENSG00000188486
HGNC:47391	ENSG00000199812
HGNC:47392	ENSG00000207312
HGNC:47393	ENSG00000252887
HGNC:47394	ENSG00000206601
HGNC:47395	ENSG00000206923
HGNC:47396	ENSG00000200086
HGNC:47397	ENSG00000207104
HGNC:47398	ENSG00000206766
HGNC:47399	ENSG00000251980
HGNC:474	ENSG00000237763
HGNC:4740	ENSG00000113648
HGNC:47400	ENSG00000238420
HGNC:47401	ENSG00000202431
HGNC:47402	ENSG00000206915
HGNC:47403	ENSG00000212184
HGNC:47404	ENSG00000207275
HGNC:47405	ENSG00000206695
HGNC:47407	ENSG00000206715
HGNC:47408	ENSG00000252758
HGNC:47409	ENSG00000199697
HGNC:4741	ENSG00000164032
HGNC:47410	ENSG00000222225
HGNC:47411	ENSG00000252861
HGNC:47412	ENSG00000206641
HGNC:47413	ENSG00000201524
HGNC:47414	ENSG00000199791
HGNC:47415	ENSG00000207135
HGNC:47416	ENSG00000252628
HGNC:47417	ENSG00000201162
HGNC:47418	ENSG00000207412
HGNC:47419	ENSG00000207222
HGNC:4742	ENSG00000213440
HGNC:47420	ENSG00000200869
HGNC:47421	ENSG00000206906
HGNC:47423	ENSG00000212460
HGNC:47424	ENSG00000201065
HGNC:47425	ENSG00000199529
HGNC:47426	ENSG00000207068
HGNC:47427	ENSG00000253026
HGNC:47428	ENSG00000207149
HGNC:47429	ENSG00000212526
HGNC:47430	ENSG00000276577
HGNC:47431	ENSG00000206730
HGNC:47432	ENSG00000252062
HGNC:47433	ENSG00000251763
HGNC:47434	ENSG00000206671
HGNC:47435	ENSG00000207026
HGNC:47436	ENSG00000251973
HGNC:47437	ENSG00000206970
HGNC:47438	ENSG00000251882
HGNC:47439	ENSG00000207457
HGNC:47440	ENSG00000206614
HGNC:47441	ENSG00000200774
HGNC:47442	ENSG00000252157
HGNC:47443	ENSG00000207060
HGNC:47444	ENSG00000206921
HGNC:47445	ENSG00000212370
HGNC:47446	ENSG00000206815
HGNC:47447	ENSG00000206743
HGNC:47448	ENSG00000200345
HGNC:47449	ENSG00000199986
HGNC:47450	ENSG00000202300
HGNC:47451	ENSG00000251727
HGNC:47452	ENSG00000277341
HGNC:47453	ENSG00000199855
HGNC:47454	ENSG00000251908
HGNC:47455	ENSG00000199905
HGNC:47456	ENSG00000212623
HGNC:47457	ENSG00000253063
HGNC:47458	ENSG00000199865
HGNC:47459	ENSG00000251954
HGNC:4746	ENSG00000273802
HGNC:47460	ENSG00000202186
HGNC:47461	ENSG00000238478
HGNC:47462	ENSG00000202485
HGNC:47463	ENSG00000199219
HGNC:47464	ENSG00000200942
HGNC:47465	ENSG00000199289
HGNC:47466	ENSG00000252338
HGNC:47467	ENSG00000252377
HGNC:47468	ENSG00000207156
HGNC:47469	ENSG00000252362
HGNC:4747	ENSG00000158373
HGNC:47470	ENSG00000251854
HGNC:47471	ENSG00000200101
HGNC:47472	ENSG00000200389
HGNC:47473	ENSG00000212541
HGNC:47474	ENSG00000200366
HGNC:47475	ENSG00000201308
HGNC:47476	ENSG00000251913
HGNC:47477	ENSG00000206935
HGNC:47479	ENSG00000223313
HGNC:4748	ENSG00000185130
HGNC:47480	ENSG00000207090
HGNC:47481	ENSG00000251865
HGNC:47482	ENSG00000222522
HGNC:47483	ENSG00000207448
HGNC:47484	ENSG00000252472
HGNC:47485	ENSG00000201367
HGNC:47486	ENSG00000252113
HGNC:47487	ENSG00000206997
HGNC:47488	ENSG00000200555
HGNC:47489	ENSG00000201815
HGNC:4749	ENSG00000233822
HGNC:47490	ENSG00000200295
HGNC:47491	ENSG00000252735
HGNC:47492	ENSG00000200253
HGNC:47493	ENSG00000212482
HGNC:47494	ENSG00000252503
HGNC:47495	ENSG00000207045
HGNC:47496	ENSG00000206871
HGNC:47497	ENSG00000201747
HGNC:47498	ENSG00000207453
HGNC:47499	ENSG00000200254
HGNC:475	ENSG00000174876
HGNC:4750	ENSG00000273703
HGNC:47500	ENSG00000253086
HGNC:47501	ENSG00000275030
HGNC:47502	ENSG00000252474
HGNC:47503	ENSG00000207352
HGNC:47504	ENSG00000207440
HGNC:47505	ENSG00000252214
HGNC:47506	ENSG00000199446
HGNC:47507	ENSG00000200146
HGNC:47508	ENSG00000199551
HGNC:47509	ENSG00000206718
HGNC:4751	ENSG00000276410
HGNC:47510	ENSG00000252082
HGNC:47511	ENSG00000252892
HGNC:47512	ENSG00000207162
HGNC:47513	ENSG00000212359
HGNC:47514	ENSG00000252470
HGNC:47515	ENSG00000199739
HGNC:47516	ENSG00000200917
HGNC:47517	ENSG00000222398
HGNC:47518	ENSG00000207515
HGNC:47519	ENSG00000199468
HGNC:4752	ENSG00000277224
HGNC:47520	ENSG00000252651
HGNC:47521	ENSG00000201382
HGNC:47522	ENSG00000251960
HGNC:47523	ENSG00000200877
HGNC:47524	ENSG00000252031
HGNC:47525	ENSG00000199601
HGNC:47526	ENSG00000201742
HGNC:47527	ENSG00000222915
HGNC:47528	ENSG00000222869
HGNC:47529	ENSG00000252599
HGNC:4753	ENSG00000274290
HGNC:47530	ENSG00000252555
HGNC:47533	ENSG00000252860
HGNC:47534	ENSG00000206855
HGNC:47535	ENSG00000252533
HGNC:47536	ENSG00000206665
HGNC:47537	ENSG00000206992
HGNC:47538	ENSG00000223258
HGNC:47539	ENSG00000212156
HGNC:4754	ENSG00000217646
HGNC:47540	ENSG00000252756
HGNC:47541	ENSG00000212282
HGNC:47542	ENSG00000252688
HGNC:47543	ENSG00000202029
HGNC:47544	ENSG00000252023
HGNC:47545	ENSG00000199859
HGNC:47546	ENSG00000251821
HGNC:47547	ENSG00000222282
HGNC:47549	ENSG00000253074
HGNC:4755	ENSG00000275713
HGNC:47550	ENSG00000212584
HGNC:47551	ENSG00000222213
HGNC:47552	ENSG00000252294
HGNC:47553	ENSG00000201909
HGNC:47554	ENSG00000207122
HGNC:47555	ENSG00000223265
HGNC:47556	ENSG00000201586
HGNC:47558	ENSG00000200814
HGNC:47559	ENSG00000202265
HGNC:4756	ENSG00000278588
HGNC:47560	ENSG00000202490
HGNC:47561	ENSG00000200887
HGNC:47562	ENSG00000238529
HGNC:47563	ENSG00000199394
HGNC:47564	ENSG00000207270
HGNC:47565	ENSG00000223087
HGNC:47566	ENSG00000223335
HGNC:47567	ENSG00000212219
HGNC:47568	ENSG00000199963
HGNC:47569	ENSG00000207452
HGNC:4757	ENSG00000180596
HGNC:47570	ENSG00000223215
HGNC:47571	ENSG00000206654
HGNC:47572	ENSG00000202329
HGNC:47573	ENSG00000206991
HGNC:47574	ENSG00000207003
HGNC:47575	ENSG00000252718
HGNC:47576	ENSG00000222344
HGNC:47577	ENSG00000207097
HGNC:47578	ENSG00000251874
HGNC:47579	ENSG00000207081
HGNC:4758	ENSG00000274641
HGNC:47580	ENSG00000251956
HGNC:47581	ENSG00000200388
HGNC:47582	ENSG00000202016
HGNC:47583	ENSG00000206744
HGNC:47584	ENSG00000201622
HGNC:47585	ENSG00000206999
HGNC:47586	ENSG00000200013
HGNC:47587	ENSG00000200281
HGNC:47588	ENSG00000238658
HGNC:47589	ENSG00000200224
HGNC:47590	ENSG00000200902
HGNC:47591	ENSG00000222607
HGNC:47592	ENSG00000206788
HGNC:47593	ENSG00000212560
HGNC:47594	ENSG00000200790
HGNC:47595	ENSG00000251711
HGNC:47596	ENSG00000199482
HGNC:47597	ENSG00000239189
HGNC:47598	ENSG00000252460
HGNC:47599	ENSG00000207328
HGNC:476	ENSG00000187733
HGNC:4760	ENSG00000184678
HGNC:47600	ENSG00000206777
HGNC:47601	ENSG00000252391
HGNC:47602	ENSG00000206801
HGNC:47603	ENSG00000200563
HGNC:47604	ENSG00000206733
HGNC:47605	ENSG00000200029
HGNC:47606	ENSG00000206745
HGNC:47607	ENSG00000212457
HGNC:47608	ENSG00000201519
HGNC:47609	ENSG00000201441
HGNC:4761	ENSG00000124635
HGNC:47610	ENSG00000201113
HGNC:47611	ENSG00000222122
HGNC:47612	ENSG00000207192
HGNC:47613	ENSG00000202528
HGNC:47614	ENSG00000222972
HGNC:47615	ENSG00000202358
HGNC:47616	ENSG00000199944
HGNC:47617	ENSG00000201243
HGNC:47618	ENSG00000199728
HGNC:47619	ENSG00000252594
HGNC:4762	ENSG00000234289
HGNC:47620	ENSG00000206631
HGNC:47621	ENSG00000207336
HGNC:47622	ENSG00000252263
HGNC:47623	ENSG00000201436
HGNC:47624	ENSG00000199279
HGNC:47625	ENSG00000206980
HGNC:47626	ENSG00000212407
HGNC:47627	ENSG00000199251
HGNC:47628	ENSG00000207369
HGNC:47629	ENSG00000200369
HGNC:47630	ENSG00000252995
HGNC:47631	ENSG00000201050
HGNC:47632	ENSG00000202445
HGNC:47633	ENSG00000201182
HGNC:47635	ENSG00000206638
HGNC:47636	ENSG00000201954
HGNC:47637	ENSG00000200701
HGNC:47638	ENSG00000206963
HGNC:4764	ENSG00000163041
HGNC:47640	ENSG00000252723
HGNC:47641	ENSG00000252641
HGNC:47642	ENSG00000212305
HGNC:47643	ENSG00000207333
HGNC:47644	ENSG00000200882
HGNC:47645	ENSG00000200713
HGNC:47647	ENSG00000222761
HGNC:47648	ENSG00000252897
HGNC:47649	ENSG00000201709
HGNC:4765	ENSG00000132475
HGNC:47650	ENSG00000252252
HGNC:47652	ENSG00000206924
HGNC:47653	ENSG00000202112
HGNC:47655	ENSG00000207225
HGNC:47656	ENSG00000251943
HGNC:47657	ENSG00000200941
HGNC:47658	ENSG00000212459
HGNC:47659	ENSG00000212136
HGNC:4766	ENSG00000275714
HGNC:47660	ENSG00000200218
HGNC:47661	ENSG00000200393
HGNC:47662	ENSG00000252890
HGNC:47663	ENSG00000212345
HGNC:47664	ENSG00000206786
HGNC:47665	ENSG00000201852
HGNC:47666	ENSG00000252755
HGNC:47667	ENSG00000201032
HGNC:47668	ENSG00000222533
HGNC:47669	ENSG00000253038
HGNC:4767	ENSG00000197409
HGNC:47670	ENSG00000201517
HGNC:47671	ENSG00000206944
HGNC:47672	ENSG00000253066
HGNC:47673	ENSG00000222356
HGNC:47674	ENSG00000253064
HGNC:47675	ENSG00000222490
HGNC:47676	ENSG00000207492
HGNC:47677	ENSG00000252772
HGNC:47678	ENSG00000202074
HGNC:47679	ENSG00000202491
HGNC:4768	ENSG00000287080
HGNC:47680	ENSG00000239190
HGNC:47681	ENSG00000251975
HGNC:47682	ENSG00000252480
HGNC:47683	ENSG00000252172
HGNC:47684	ENSG00000222087
HGNC:47685	ENSG00000223309
HGNC:47686	ENSG00000206700
HGNC:47687	ENSG00000212260
HGNC:47688	ENSG00000252371
HGNC:47689	ENSG00000201550
HGNC:4769	ENSG00000274750
HGNC:47690	ENSG00000200462
HGNC:47691	ENSG00000202245
HGNC:47692	ENSG00000207128
HGNC:47693	ENSG00000206681
HGNC:47694	ENSG00000253022
HGNC:47695	ENSG00000251842
HGNC:47696	ENSG00000222691
HGNC:47698	ENSG00000222544
HGNC:477	ENSG00000243480
HGNC:4770	ENSG00000224447
HGNC:47700	ENSG00000202240
HGNC:47701	ENSG00000207261
HGNC:47702	ENSG00000212340
HGNC:47703	ENSG00000201604
HGNC:47704	ENSG00000206616
HGNC:47705	ENSG00000202159
HGNC:47706	ENSG00000201021
HGNC:47707	ENSG00000202427
HGNC:47708	ENSG00000200216
HGNC:47709	ENSG00000206839
HGNC:4771	ENSG00000275379
HGNC:47710	ENSG00000212230
HGNC:47711	ENSG00000207378
HGNC:47712	ENSG00000238489
HGNC:47713	ENSG00000212248
HGNC:47714	ENSG00000252191
HGNC:47715	ENSG00000252185
HGNC:47716	ENSG00000200796
HGNC:47717	ENSG00000212468
HGNC:47718	ENSG00000201270
HGNC:47719	ENSG00000206724
HGNC:4772	ENSG00000273983
HGNC:47720	ENSG00000222266
HGNC:47721	ENSG00000252101
HGNC:47722	ENSG00000252549
HGNC:47723	ENSG00000251887
HGNC:47724	ENSG00000206875
HGNC:47725	ENSG00000252916
HGNC:47726	ENSG00000212167
HGNC:47727	ENSG00000252205
HGNC:47728	ENSG00000252725
HGNC:47729	ENSG00000199348
HGNC:4773	ENSG00000277775
HGNC:47730	ENSG00000206859
HGNC:47731	ENSG00000207414
HGNC:47732	ENSG00000207136
HGNC:47733	ENSG00000200799
HGNC:47734	ENSG00000207511
HGNC:47735	ENSG00000251851
HGNC:47737	ENSG00000200108
HGNC:47738	ENSG00000238619
HGNC:47739	ENSG00000201273
HGNC:4774	ENSG00000197153
HGNC:47740	ENSG00000201135
HGNC:47741	ENSG00000200139
HGNC:47743	ENSG00000212332
HGNC:47744	ENSG00000252186
HGNC:47745	ENSG00000252661
HGNC:47746	ENSG00000252519
HGNC:47747	ENSG00000207058
HGNC:47748	ENSG00000223256
HGNC:47749	ENSG00000252658
HGNC:4775	ENSG00000278828
HGNC:47750	ENSG00000206759
HGNC:47751	ENSG00000212269
HGNC:47752	ENSG00000252914
HGNC:47753	ENSG00000207208
HGNC:47754	ENSG00000222399
HGNC:47755	ENSG00000200360
HGNC:47756	ENSG00000206960
HGNC:47757	ENSG00000253070
HGNC:47758	ENSG00000252132
HGNC:47759	ENSG00000212388
HGNC:4776	ENSG00000286522
HGNC:47760	ENSG00000199971
HGNC:47761	ENSG00000252721
HGNC:47762	ENSG00000200437
HGNC:47763	ENSG00000207202
HGNC:47764	ENSG00000200957
HGNC:47766	ENSG00000251843
HGNC:47767	ENSG00000207013
HGNC:47768	ENSG00000202513
HGNC:47769	ENSG00000202017
HGNC:47770	ENSG00000252614
HGNC:47771	ENSG00000212535
HGNC:47772	ENSG00000207190
HGNC:47773	ENSG00000200871
HGNC:47774	ENSG00000206796
HGNC:47775	ENSG00000200048
HGNC:47776	ENSG00000207422
HGNC:47778	ENSG00000206807
HGNC:47779	ENSG00000212216
HGNC:4778	ENSG00000168148
HGNC:47780	ENSG00000212385
HGNC:47781	ENSG00000201707
HGNC:47782	ENSG00000200986
HGNC:47783	ENSG00000207000
HGNC:47784	ENSG00000212297
HGNC:47785	ENSG00000199577
HGNC:47786	ENSG00000212344
HGNC:47787	ENSG00000200594
HGNC:47789	ENSG00000252636
HGNC:47790	ENSG00000202423
HGNC:47791	ENSG00000201746
HGNC:47792	ENSG00000200570
HGNC:47793	ENSG00000252162
HGNC:47794	ENSG00000207278
HGNC:47795	ENSG00000200189
HGNC:47796	ENSG00000200356
HGNC:47797	ENSG00000199237
HGNC:47798	ENSG00000252783
HGNC:47799	ENSG00000199790
HGNC:478	ENSG00000240038
HGNC:47800	ENSG00000212358
HGNC:47801	ENSG00000200269
HGNC:47802	ENSG00000200217
HGNC:47803	ENSG00000253084
HGNC:47804	ENSG00000206599
HGNC:47805	ENSG00000206996
HGNC:47806	ENSG00000207183
HGNC:47807	ENSG00000252984
HGNC:47808	ENSG00000199448
HGNC:4781	ENSG00000278637
HGNC:47810	ENSG00000223047
HGNC:47811	ENSG00000251757
HGNC:47812	ENSG00000206818
HGNC:47813	ENSG00000252743
HGNC:47814	ENSG00000207295
HGNC:47816	ENSG00000201176
HGNC:47817	ENSG00000200906
HGNC:47818	ENSG00000222327
HGNC:47819	ENSG00000252768
HGNC:4782	ENSG00000277157
HGNC:47820	ENSG00000251702
HGNC:47821	ENSG00000199306
HGNC:47822	ENSG00000199598
HGNC:47823	ENSG00000222792
HGNC:47824	ENSG00000252554
HGNC:47825	ENSG00000199674
HGNC:47826	ENSG00000251798
HGNC:47827	ENSG00000252065
HGNC:47828	ENSG00000201642
HGNC:47829	ENSG00000274607
HGNC:4783	ENSG00000274618
HGNC:47830	ENSG00000201826
HGNC:47832	ENSG00000207138
HGNC:47834	ENSG00000251931
HGNC:47836	ENSG00000200703
HGNC:47837	ENSG00000199260
HGNC:47838	ENSG00000252297
HGNC:47839	ENSG00000212597
HGNC:4784	ENSG00000273542
HGNC:47840	ENSG00000206595
HGNC:47841	ENSG00000207308
HGNC:47842	ENSG00000201198
HGNC:47843	ENSG00000207256
HGNC:47844	ENSG00000252622
HGNC:47845	ENSG00000212327
HGNC:47846	ENSG00000207327
HGNC:47847	ENSG00000200759
HGNC:47848	ENSG00000252416
HGNC:47849	ENSG00000207046
HGNC:4785	ENSG00000197238
HGNC:47850	ENSG00000222592
HGNC:47851	ENSG00000199880
HGNC:47852	ENSG00000252998
HGNC:47853	ENSG00000206848
HGNC:47854	ENSG00000207007
HGNC:47855	ENSG00000222267
HGNC:47856	ENSG00000238444
HGNC:47857	ENSG00000252903
HGNC:47858	ENSG00000206852
HGNC:47859	ENSG00000199246
HGNC:4786	ENSG00000217862
HGNC:47860	ENSG00000252944
HGNC:47861	ENSG00000202497
HGNC:47862	ENSG00000200817
HGNC:47863	ENSG00000207227
HGNC:47864	ENSG00000207323
HGNC:47865	ENSG00000253021
HGNC:47866	ENSG00000212572
HGNC:47867	ENSG00000252015
HGNC:47868	ENSG00000207163
HGNC:47869	ENSG00000207431
HGNC:4787	ENSG00000197061
HGNC:47870	ENSG00000212226
HGNC:47871	ENSG00000222092
HGNC:47872	ENSG00000252867
HGNC:47873	ENSG00000212146
HGNC:47874	ENSG00000252332
HGNC:47875	ENSG00000200670
HGNC:47876	ENSG00000212215
HGNC:47877	ENSG00000252558
HGNC:47878	ENSG00000201813
HGNC:47879	ENSG00000251897
HGNC:4788	ENSG00000158406
HGNC:47880	ENSG00000252103
HGNC:47881	ENSG00000212521
HGNC:47882	ENSG00000252540
HGNC:47883	ENSG00000222858
HGNC:47884	ENSG00000207089
HGNC:47885	ENSG00000252562
HGNC:47886	ENSG00000201623
HGNC:47887	ENSG00000199796
HGNC:47888	ENSG00000207359
HGNC:47889	ENSG00000206802
HGNC:4789	ENSG00000278705
HGNC:47890	ENSG00000252008
HGNC:47891	ENSG00000252685
HGNC:47892	ENSG00000207158
HGNC:47893	ENSG00000212240
HGNC:47894	ENSG00000200720
HGNC:47895	ENSG00000212410
HGNC:47896	ENSG00000207153
HGNC:47897	ENSG00000202024
HGNC:47898	ENSG00000222303
HGNC:47899	ENSG00000206732
HGNC:479	ENSG00000227408
HGNC:4790	ENSG00000276966
HGNC:47900	ENSG00000207053
HGNC:47901	ENSG00000223217
HGNC:47902	ENSG00000207364
HGNC:47903	ENSG00000200303
HGNC:47904	ENSG00000252155
HGNC:47905	ENSG00000199872
HGNC:47906	ENSG00000252769
HGNC:47907	ENSG00000200893
HGNC:47908	ENSG00000206674
HGNC:47909	ENSG00000206605
HGNC:4791	ENSG00000275126
HGNC:47910	ENSG00000252073
HGNC:47911	ENSG00000252183
HGNC:47912	ENSG00000206767
HGNC:47913	ENSG00000207381
HGNC:47914	ENSG00000199603
HGNC:47915	ENSG00000212466
HGNC:47916	ENSG00000238941
HGNC:47917	ENSG00000223287
HGNC:47918	ENSG00000222429
HGNC:47919	ENSG00000239030
HGNC:4792	ENSG00000275663
HGNC:47920	ENSG00000200522
HGNC:47921	ENSG00000252804
HGNC:47922	ENSG00000207402
HGNC:47923	ENSG00000200926
HGNC:47924	ENSG00000200763
HGNC:47927	ENSG00000252333
HGNC:47928	ENSG00000252530
HGNC:47929	ENSG00000252288
HGNC:4793	ENSG00000276180
HGNC:47930	ENSG00000201894
HGNC:47931	ENSG00000206803
HGNC:47932	ENSG00000206627
HGNC:47933	ENSG00000252121
HGNC:47934	ENSG00000252729
HGNC:47935	ENSG00000212510
HGNC:47936	ENSG00000201560
HGNC:47937	ENSG00000206826
HGNC:47938	ENSG00000207023
HGNC:47939	ENSG00000251895
HGNC:4794	ENSG00000270882
HGNC:47940	ENSG00000252220
HGNC:47941	ENSG00000201241
HGNC:47942	ENSG00000206623
HGNC:47943	ENSG00000252734
HGNC:47945	ENSG00000252025
HGNC:47946	ENSG00000251813
HGNC:47947	ENSG00000200106
HGNC:47948	ENSG00000222114
HGNC:47949	ENSG00000200003
HGNC:4795	ENSG00000049239
HGNC:47950	ENSG00000207490
HGNC:47951	ENSG00000253437
HGNC:47952	ENSG00000199626
HGNC:47953	ENSG00000201255
HGNC:47954	ENSG00000251977
HGNC:47955	ENSG00000200213
HGNC:47956	ENSG00000252962
HGNC:47957	ENSG00000222439
HGNC:47958	ENSG00000212546
HGNC:47959	ENSG00000202308
HGNC:4796	ENSG00000162882
HGNC:47960	ENSG00000207456
HGNC:47961	ENSG00000251703
HGNC:47962	ENSG00000251754
HGNC:47963	ENSG00000212368
HGNC:47964	ENSG00000223197
HGNC:47966	ENSG00000252908
HGNC:47967	ENSG00000252393
HGNC:47968	ENSG00000207248
HGNC:47969	ENSG00000252807
HGNC:47970	ENSG00000252395
HGNC:47971	ENSG00000206887
HGNC:47972	ENSG00000212298
HGNC:47973	ENSG00000199627
HGNC:47974	ENSG00000207399
HGNC:47975	ENSG00000252415
HGNC:47976	ENSG00000206907
HGNC:47977	ENSG00000238456
HGNC:47978	ENSG00000252930
HGNC:47979	ENSG00000252498
HGNC:4798	ENSG00000148702
HGNC:47980	ENSG00000200483
HGNC:47981	ENSG00000252386
HGNC:47982	ENSG00000201294
HGNC:47983	ENSG00000200554
HGNC:47984	ENSG00000200132
HGNC:47985	ENSG00000201919
HGNC:47986	ENSG00000251946
HGNC:47987	ENSG00000206926
HGNC:47988	ENSG00000222561
HGNC:47989	ENSG00000207194
HGNC:4799	ENSG00000138796
HGNC:47990	ENSG00000206725
HGNC:47991	ENSG00000252973
HGNC:47992	ENSG00000206836
HGNC:47994	ENSG00000207504
HGNC:47995	ENSG00000206827
HGNC:47997	ENSG00000202205
HGNC:47998	ENSG00000207206
HGNC:47999	ENSG00000206686
HGNC:48	ENSG00000131269
HGNC:4800	ENSG00000072506
HGNC:48000	ENSG00000238680
HGNC:48001	ENSG00000252325
HGNC:48002	ENSG00000206658
HGNC:48003	ENSG00000206701
HGNC:48004	ENSG00000252063
HGNC:48005	ENSG00000206931
HGNC:48006	ENSG00000222287
HGNC:48007	ENSG00000207486
HGNC:48008	ENSG00000252130
HGNC:48009	ENSG00000252347
HGNC:4801	ENSG00000084754
HGNC:48010	ENSG00000201288
HGNC:48011	ENSG00000200924
HGNC:48012	ENSG00000252223
HGNC:48013	ENSG00000222320
HGNC:48014	ENSG00000202341
HGNC:48015	ENSG00000223330
HGNC:48016	ENSG00000251739
HGNC:48017	ENSG00000223225
HGNC:48018	ENSG00000212387
HGNC:48019	ENSG00000206723
HGNC:4802	ENSG00000251596
HGNC:48020	ENSG00000252971
HGNC:48022	ENSG00000200622
HGNC:48023	ENSG00000207394
HGNC:48024	ENSG00000252339
HGNC:48025	ENSG00000206635
HGNC:48027	ENSG00000222558
HGNC:48028	ENSG00000207242
HGNC:48029	ENSG00000200443
HGNC:4803	ENSG00000138029
HGNC:48030	ENSG00000207483
HGNC:48031	ENSG00000222890
HGNC:48032	ENSG00000252421
HGNC:48034	ENSG00000201789
HGNC:48035	ENSG00000207434
HGNC:48036	ENSG00000252991
HGNC:48037	ENSG00000206722
HGNC:48038	ENSG00000201260
HGNC:48039	ENSG00000222329
HGNC:48040	ENSG00000222438
HGNC:48041	ENSG00000201392
HGNC:48042	ENSG00000199731
HGNC:48043	ENSG00000206709
HGNC:48044	ENSG00000207267
HGNC:48045	ENSG00000201444
HGNC:48046	ENSG00000206749
HGNC:48047	ENSG00000199368
HGNC:48048	ENSG00000200446
HGNC:48049	ENSG00000222862
HGNC:4805	ENSG00000063854
HGNC:48050	ENSG00000252411
HGNC:48051	ENSG00000252659
HGNC:48052	ENSG00000252282
HGNC:48053	ENSG00000200935
HGNC:48054	ENSG00000200815
HGNC:48055	ENSG00000252764
HGNC:48056	ENSG00000212496
HGNC:48057	ENSG00000199286
HGNC:48058	ENSG00000251957
HGNC:48059	ENSG00000252898
HGNC:4806	ENSG00000084110
HGNC:48060	ENSG00000200456
HGNC:48061	ENSG00000252581
HGNC:48062	ENSG00000200403
HGNC:48063	ENSG00000222623
HGNC:48064	ENSG00000252053
HGNC:48065	ENSG00000251958
HGNC:48066	ENSG00000206877
HGNC:48067	ENSG00000207454
HGNC:48068	ENSG00000207505
HGNC:48069	ENSG00000212147
HGNC:4807	ENSG00000113196
HGNC:48070	ENSG00000201687
HGNC:48071	ENSG00000252117
HGNC:48072	ENSG00000212489
HGNC:48073	ENSG00000252271
HGNC:48074	ENSG00000212420
HGNC:48075	ENSG00000200455
HGNC:48076	ENSG00000207076
HGNC:48077	ENSG00000251831
HGNC:48078	ENSG00000199360
HGNC:48079	ENSG00000253078
HGNC:4808	ENSG00000164107
HGNC:48080	ENSG00000207255
HGNC:48081	ENSG00000222314
HGNC:48082	ENSG00000207077
HGNC:48083	ENSG00000199858
HGNC:48084	ENSG00000252611
HGNC:48085	ENSG00000207178
HGNC:48086	ENSG00000199217
HGNC:48087	ENSG00000206896
HGNC:48088	ENSG00000200471
HGNC:48089	ENSG00000206729
HGNC:4809	ENSG00000101323
HGNC:48090	ENSG00000207310
HGNC:48091	ENSG00000199695
HGNC:48092	ENSG00000251773
HGNC:48093	ENSG00000202304
HGNC:48094	ENSG00000201825
HGNC:48095	ENSG00000239108
HGNC:48096	ENSG00000222895
HGNC:48097	ENSG00000202026
HGNC:48098	ENSG00000223015
HGNC:48099	ENSG00000252643
HGNC:4810	ENSG00000116882
HGNC:48100	ENSG00000252882
HGNC:48101	ENSG00000202229
HGNC:48102	ENSG00000223119
HGNC:48103	ENSG00000222449
HGNC:48104	ENSG00000201390
HGNC:48106	ENSG00000251934
HGNC:48107	ENSG00000206974
HGNC:48108	ENSG00000206973
HGNC:48109	ENSG00000252091
HGNC:48110	ENSG00000200250
HGNC:48111	ENSG00000222924
HGNC:48112	ENSG00000252619
HGNC:48113	ENSG00000252606
HGNC:48114	ENSG00000207415
HGNC:48115	ENSG00000207306
HGNC:48116	ENSG00000252569
HGNC:48117	ENSG00000212303
HGNC:48118	ENSG00000200424
HGNC:48119	ENSG00000222297
HGNC:4812	ENSG00000173805
HGNC:48120	ENSG00000207185
HGNC:48121	ENSG00000212469
HGNC:48122	ENSG00000199803
HGNC:48123	ENSG00000207276
HGNC:48124	ENSG00000251985
HGNC:48125	ENSG00000207172
HGNC:48126	ENSG00000201386
HGNC:48127	ENSG00000201298
HGNC:48128	ENSG00000222051
HGNC:48130	ENSG00000200097
HGNC:48131	ENSG00000212133
HGNC:48132	ENSG00000200407
HGNC:48133	ENSG00000251783
HGNC:48134	ENSG00000252515
HGNC:48135	ENSG00000202095
HGNC:48137	ENSG00000253087
HGNC:48138	ENSG00000202070
HGNC:48139	ENSG00000212257
HGNC:4814	ENSG00000160145
HGNC:48140	ENSG00000212360
HGNC:48141	ENSG00000252483
HGNC:48142	ENSG00000207397
HGNC:48143	ENSG00000201805
HGNC:48144	ENSG00000206918
HGNC:48146	ENSG00000252863
HGNC:48147	ENSG00000207318
HGNC:48149	ENSG00000222361
HGNC:48150	ENSG00000201641
HGNC:48151	ENSG00000200665
HGNC:48152	ENSG00000206685
HGNC:48153	ENSG00000222743
HGNC:48154	ENSG00000252608
HGNC:48155	ENSG00000277029
HGNC:48156	ENSG00000238551
HGNC:48157	ENSG00000252017
HGNC:48158	ENSG00000207198
HGNC:48159	ENSG00000252030
HGNC:4816	ENSG00000170445
HGNC:48160	ENSG00000212485
HGNC:48161	ENSG00000252713
HGNC:48162	ENSG00000223181
HGNC:48163	ENSG00000206889
HGNC:48164	ENSG00000206954
HGNC:48166	ENSG00000222635
HGNC:48167	ENSG00000200818
HGNC:48168	ENSG00000200495
HGNC:48169	ENSG00000252148
HGNC:4817	ENSG00000112855
HGNC:48170	ENSG00000207071
HGNC:48171	ENSG00000238482
HGNC:48172	ENSG00000200525
HGNC:48173	ENSG00000200645
HGNC:48174	ENSG00000238382
HGNC:48175	ENSG00000252832
HGNC:48176	ENSG00000252884
HGNC:48177	ENSG00000200520
HGNC:48178	ENSG00000207170
HGNC:48179	ENSG00000199460
HGNC:4818	ENSG00000105509
HGNC:48180	ENSG00000223208
HGNC:48181	ENSG00000239175
HGNC:48182	ENSG00000251952
HGNC:48183	ENSG00000252935
HGNC:48185	ENSG00000207345
HGNC:48186	ENSG00000252933
HGNC:48187	ENSG00000252593
HGNC:48188	ENSG00000252145
HGNC:48189	ENSG00000207044
HGNC:4819	ENSG00000170961
HGNC:48190	ENSG00000206708
HGNC:48191	ENSG00000212316
HGNC:48192	ENSG00000201165
HGNC:48193	ENSG00000207121
HGNC:48194	ENSG00000252994
HGNC:48195	ENSG00000252108
HGNC:48196	ENSG00000199792
HGNC:48197	ENSG00000252686
HGNC:48198	ENSG00000207289
HGNC:48199	ENSG00000252889
HGNC:4820	ENSG00000103044
HGNC:48200	ENSG00000207508
HGNC:48201	ENSG00000253024
HGNC:48202	ENSG00000212612
HGNC:48203	ENSG00000202025
HGNC:48204	ENSG00000207266
HGNC:48205	ENSG00000212354
HGNC:48206	ENSG00000200898
HGNC:48207	ENSG00000200484
HGNC:48208	ENSG00000223062
HGNC:48209	ENSG00000212366
HGNC:4821	ENSG00000128708
HGNC:48210	ENSG00000252431
HGNC:48211	ENSG00000212398
HGNC:48212	ENSG00000200107
HGNC:48213	ENSG00000212520
HGNC:48214	ENSG00000201372
HGNC:48215	ENSG00000199924
HGNC:48217	ENSG00000212568
HGNC:48218	ENSG00000200304
HGNC:48219	ENSG00000252348
HGNC:48220	ENSG00000207355
HGNC:48221	ENSG00000252720
HGNC:48223	ENSG00000199814
HGNC:48224	ENSG00000253003
HGNC:48225	ENSG00000252026
HGNC:48226	ENSG00000207331
HGNC:48227	ENSG00000206618
HGNC:48228	ENSG00000252151
HGNC:48229	ENSG00000199664
HGNC:4823	ENSG00000206172
HGNC:48230	ENSG00000222679
HGNC:48231	ENSG00000212516
HGNC:48232	ENSG00000212441
HGNC:48233	ENSG00000252937
HGNC:48234	ENSG00000252858
HGNC:48235	ENSG00000199646
HGNC:48236	ENSG00000199903
HGNC:48237	ENSG00000207287
HGNC:48238	ENSG00000212389
HGNC:48239	ENSG00000202242
HGNC:4824	ENSG00000188536
HGNC:48240	ENSG00000201431
HGNC:48241	ENSG00000251939
HGNC:48242	ENSG00000206644
HGNC:48243	ENSG00000202081
HGNC:48244	ENSG00000252032
HGNC:48245	ENSG00000252544
HGNC:48246	ENSG00000202184
HGNC:48247	ENSG00000200571
HGNC:48248	ENSG00000200350
HGNC:48249	ENSG00000206598
HGNC:4825	ENSG00000225323
HGNC:48250	ENSG00000199784
HGNC:48251	ENSG00000251859
HGNC:48252	ENSG00000207160
HGNC:48253	ENSG00000199827
HGNC:48254	ENSG00000252400
HGNC:48255	ENSG00000206583
HGNC:48256	ENSG00000206804
HGNC:48257	ENSG00000251804
HGNC:48259	ENSG00000206606
HGNC:4826	ENSG00000206177
HGNC:48260	ENSG00000207144
HGNC:48261	ENSG00000199326
HGNC:48262	ENSG00000252125
HGNC:48263	ENSG00000212348
HGNC:48264	ENSG00000199594
HGNC:48266	ENSG00000201711
HGNC:48267	ENSG00000223306
HGNC:48268	ENSG00000201223
HGNC:48269	ENSG00000202089
HGNC:4827	ENSG00000244734
HGNC:48270	ENSG00000212314
HGNC:48271	ENSG00000252626
HGNC:48272	ENSG00000200175
HGNC:48273	ENSG00000206880
HGNC:48274	ENSG00000207459
HGNC:48275	ENSG00000199295
HGNC:48276	ENSG00000199492
HGNC:48277	ENSG00000252948
HGNC:48278	ENSG00000252996
HGNC:48279	ENSG00000206969
HGNC:4828	ENSG00000229988
HGNC:48280	ENSG00000201452
HGNC:48281	ENSG00000202259
HGNC:48282	ENSG00000212157
HGNC:48283	ENSG00000212140
HGNC:48284	ENSG00000212207
HGNC:48285	ENSG00000201179
HGNC:48286	ENSG00000206752
HGNC:48287	ENSG00000206949
HGNC:48288	ENSG00000201775
HGNC:48289	ENSG00000212564
HGNC:4829	ENSG00000223609
HGNC:48290	ENSG00000202172
HGNC:48291	ENSG00000222870
HGNC:48292	ENSG00000202534
HGNC:48293	ENSG00000199645
HGNC:48294	ENSG00000200528
HGNC:48295	ENSG00000252475
HGNC:48296	ENSG00000251971
HGNC:48297	ENSG00000251841
HGNC:48298	ENSG00000202296
HGNC:48299	ENSG00000206613
HGNC:483	ENSG00000214274
HGNC:4830	ENSG00000213931
HGNC:48300	ENSG00000252334
HGNC:48301	ENSG00000252137
HGNC:48302	ENSG00000200444
HGNC:48303	ENSG00000207167
HGNC:48304	ENSG00000277234
HGNC:48305	ENSG00000277344
HGNC:48306	ENSG00000200975
HGNC:48307	ENSG00000207056
HGNC:48308	ENSG00000238825
HGNC:4831	ENSG00000213934
HGNC:48312	ENSG00000277610
HGNC:48314	ENSG00000201558
HGNC:48319	ENSG00000207501
HGNC:4832	ENSG00000196565
HGNC:48320	ENSG00000207205
HGNC:48322	ENSG00000207349
HGNC:48324	ENSG00000275538
HGNC:48326	ENSG00000269897
HGNC:48327	ENSG00000230031
HGNC:48329	ENSG00000267795
HGNC:4833	ENSG00000086506
HGNC:48330	ENSG00000267465
HGNC:48331	ENSG00000267757
HGNC:48332	ENSG00000224186
HGNC:48334	ENSG00000173678
HGNC:48335	ENSG00000215029
HGNC:48336	ENSG00000232991
HGNC:48337	ENSG00000280927
HGNC:48338	ENSG00000270136
HGNC:48339	ENSG00000258984
HGNC:4834	ENSG00000112339
HGNC:48340	ENSG00000230169
HGNC:48341	ENSG00000231586
HGNC:48342	ENSG00000224203
HGNC:48343	ENSG00000258388
HGNC:48344	ENSG00000248568
HGNC:48345	ENSG00000271602
HGNC:48346	ENSG00000260799
HGNC:48348	ENSG00000269891
HGNC:48349	ENSG00000257529
HGNC:4835	ENSG00000130656
HGNC:48350	ENSG00000258644
HGNC:48351	ENSG00000274810
HGNC:48352	ENSG00000268975
HGNC:48353	ENSG00000260280
HGNC:48354	ENSG00000288602
HGNC:48357	ENSG00000255819
HGNC:4836	ENSG00000206178
HGNC:48361	ENSG00000276710
HGNC:48362	ENSG00000259295
HGNC:48363	ENSG00000259726
HGNC:48364	ENSG00000215846
HGNC:48365	ENSG00000263142
HGNC:48367	ENSG00000239253
HGNC:48368	ENSG00000213297
HGNC:48369	ENSG00000268235
HGNC:4837	ENSG00000004961
HGNC:48370	ENSG00000251525
HGNC:48371	ENSG00000271739
HGNC:48372	ENSG00000272020
HGNC:48373	ENSG00000200745
HGNC:48374	ENSG00000200807
HGNC:48375	ENSG00000201119
HGNC:48376	ENSG00000201291
HGNC:48377	ENSG00000199652
HGNC:48378	ENSG00000202000
HGNC:4838	ENSG00000099937
HGNC:48380	ENSG00000199687
HGNC:48381	ENSG00000206624
HGNC:48382	ENSG00000252625
HGNC:48383	ENSG00000251970
HGNC:48384	ENSG00000200903
HGNC:48385	ENSG00000201922
HGNC:48386	ENSG00000207182
HGNC:48387	ENSG00000253000
HGNC:48388	ENSG00000207154
HGNC:48389	ENSG00000199836
HGNC:4839	ENSG00000172534
HGNC:48390	ENSG00000252209
HGNC:48391	ENSG00000200338
HGNC:48393	ENSG00000202215
HGNC:48394	ENSG00000206917
HGNC:48396	ENSG00000252990
HGNC:48397	ENSG00000202380
HGNC:48398	ENSG00000212605
HGNC:48399	ENSG00000207220
HGNC:484	ENSG00000154188
HGNC:4840	ENSG00000101336
HGNC:48400	ENSG00000199283
HGNC:48401	ENSG00000201699
HGNC:48403	ENSG00000251916
HGNC:48404	ENSG00000199469
HGNC:48405	ENSG00000206629
HGNC:48406	ENSG00000202313
HGNC:48407	ENSG00000200789
HGNC:48409	ENSG00000207175
HGNC:48410	ENSG00000275229
HGNC:48412	ENSG00000199488
HGNC:48414	ENSG00000199846
HGNC:48415	ENSG00000206698
HGNC:48416	ENSG00000206835
HGNC:48417	ENSG00000194297
HGNC:48418	ENSG00000199773
HGNC:48419	ENSG00000212170
HGNC:48420	ENSG00000212550
HGNC:48421	ENSG00000265223
HGNC:48422	ENSG00000238898
HGNC:48424	ENSG00000212153
HGNC:48425	ENSG00000200296
HGNC:48426	ENSG00000202317
HGNC:48427	ENSG00000200997
HGNC:48428	ENSG00000251917
HGNC:48429	ENSG00000200597
HGNC:48430	ENSG00000238554
HGNC:48431	ENSG00000207322
HGNC:48433	ENSG00000201616
HGNC:48434	ENSG00000252826
HGNC:48435	ENSG00000201574
HGNC:48436	ENSG00000199497
HGNC:48437	ENSG00000252166
HGNC:48438	ENSG00000201033
HGNC:48439	ENSG00000252681
HGNC:4844	ENSG00000180353
HGNC:48440	ENSG00000239023
HGNC:48442	ENSG00000202125
HGNC:48443	ENSG00000212473
HGNC:48445	ENSG00000252311
HGNC:48446	ENSG00000253089
HGNC:48447	ENSG00000200340
HGNC:48448	ENSG00000207110
HGNC:48449	ENSG00000252426
HGNC:4845	ENSG00000164588
HGNC:48450	ENSG00000199426
HGNC:48451	ENSG00000206687
HGNC:48454	ENSG00000201271
HGNC:48456	ENSG00000202167
HGNC:48457	ENSG00000202199
HGNC:48458	ENSG00000264259
HGNC:48459	ENSG00000252850
HGNC:4846	ENSG00000099822
HGNC:48461	ENSG00000212424
HGNC:48462	ENSG00000199879
HGNC:48464	ENSG00000202408
HGNC:48465	ENSG00000239194
HGNC:48466	ENSG00000200731
HGNC:48467	ENSG00000252561
HGNC:4847	ENSG00000161610
HGNC:48470	ENSG00000252513
HGNC:48471	ENSG00000206791
HGNC:48472	ENSG00000200800
HGNC:48473	ENSG00000238833
HGNC:48474	ENSG00000201170
HGNC:48475	ENSG00000201737
HGNC:48476	ENSG00000199805
HGNC:48478	ENSG00000206908
HGNC:4848	ENSG00000121764
HGNC:48480	ENSG00000206820
HGNC:48481	ENSG00000212609
HGNC:48482	ENSG00000201910
HGNC:48483	ENSG00000201493
HGNC:48484	ENSG00000252491
HGNC:48485	ENSG00000252105
HGNC:48488	ENSG00000200885
HGNC:4849	ENSG00000137252
HGNC:48490	ENSG00000207201
HGNC:48491	ENSG00000212172
HGNC:48492	ENSG00000199361
HGNC:48494	ENSG00000258013
HGNC:48495	ENSG00000213300
HGNC:48496	ENSG00000253119
HGNC:48497	ENSG00000239699
HGNC:48498	ENSG00000248323
HGNC:48499	ENSG00000259890
HGNC:485	ENSG00000091879
HGNC:48500	ENSG00000235370
HGNC:48501	ENSG00000222659
HGNC:48502	ENSG00000222126
HGNC:48503	ENSG00000252184
HGNC:48504	ENSG00000239122
HGNC:48505	ENSG00000253025
HGNC:48506	ENSG00000251718
HGNC:48507	ENSG00000222985
HGNC:48508	ENSG00000222624
HGNC:48509	ENSG00000222644
HGNC:4851	ENSG00000197386
HGNC:48510	ENSG00000222222
HGNC:48511	ENSG00000223156
HGNC:48512	ENSG00000253097
HGNC:48513	ENSG00000222357
HGNC:48514	ENSG00000222300
HGNC:48515	ENSG00000223198
HGNC:48516	ENSG00000222477
HGNC:48517	ENSG00000252639
HGNC:48518	ENSG00000222973
HGNC:48519	ENSG00000222440
HGNC:4852	ENSG00000116478
HGNC:48520	ENSG00000251994
HGNC:48521	ENSG00000222389
HGNC:48522	ENSG00000222355
HGNC:48523	ENSG00000252018
HGNC:48524	ENSG00000252763
HGNC:48525	ENSG00000223125
HGNC:48526	ENSG00000222276
HGNC:48527	ENSG00000252343
HGNC:48528	ENSG00000252255
HGNC:48529	ENSG00000222293
HGNC:4853	ENSG00000196591
HGNC:48530	ENSG00000222627
HGNC:48531	ENSG00000222788
HGNC:48532	ENSG00000222536
HGNC:48533	ENSG00000222765
HGNC:48534	ENSG00000222923
HGNC:48535	ENSG00000222629
HGNC:48536	ENSG00000222238
HGNC:48537	ENSG00000252604
HGNC:48538	ENSG00000251877
HGNC:48539	ENSG00000252847
HGNC:4854	ENSG00000171720
HGNC:48540	ENSG00000222581
HGNC:48541	ENSG00000222626
HGNC:48542	ENSG00000222598
HGNC:48543	ENSG00000222426
HGNC:48544	ENSG00000222640
HGNC:48545	ENSG00000222612
HGNC:48546	ENSG00000252066
HGNC:48547	ENSG00000222231
HGNC:48548	ENSG00000223078
HGNC:48549	ENSG00000252635
HGNC:4855	ENSG00000140287
HGNC:48550	ENSG00000252468
HGNC:48551	ENSG00000252212
HGNC:48552	ENSG00000222414
HGNC:48553	ENSG00000253099
HGNC:48554	ENSG00000223001
HGNC:48555	ENSG00000222800
HGNC:48556	ENSG00000222724
HGNC:48557	ENSG00000223247
HGNC:48558	ENSG00000222094
HGNC:48559	ENSG00000222582
HGNC:4856	ENSG00000143321
HGNC:48561	ENSG00000222810
HGNC:48562	ENSG00000251870
HGNC:48563	ENSG00000222650
HGNC:48564	ENSG00000223327
HGNC:48565	ENSG00000223107
HGNC:48566	ENSG00000239589
HGNC:48567	ENSG00000241135
HGNC:48568	ENSG00000242759
HGNC:48569	ENSG00000243701
HGNC:4857	ENSG00000115677
HGNC:48570	ENSG00000233058
HGNC:48571	ENSG00000224652
HGNC:48572	ENSG00000240875
HGNC:48573	ENSG00000256628
HGNC:48574	ENSG00000214145
HGNC:48575	ENSG00000240024
HGNC:48576	ENSG00000260802
HGNC:48577	ENSG00000281852
HGNC:48578	ENSG00000233093
HGNC:48579	ENSG00000235703
HGNC:48580	ENSG00000281548
HGNC:48581	ENSG00000205634
HGNC:48583	ENSG00000231711
HGNC:48585	ENSG00000223891
HGNC:48586	ENSG00000257097
HGNC:48587	ENSG00000258725
HGNC:48588	ENSG00000248008
HGNC:48589	ENSG00000213904
HGNC:48590	ENSG00000267609
HGNC:48592	ENSG00000267690
HGNC:48594	ENSG00000267432
HGNC:48596	ENSG00000259107
HGNC:48597	ENSG00000281406
HGNC:48598	ENSG00000269235
HGNC:48599	ENSG00000279141
HGNC:48600	ENSG00000196756
HGNC:48601	ENSG00000280711
HGNC:48602	ENSG00000279220
HGNC:48603	ENSG00000281131
HGNC:48605	ENSG00000214353
HGNC:48607	ENSG00000168367
HGNC:48608	ENSG00000249231
HGNC:48609	ENSG00000214725
HGNC:4861	ENSG00000119969
HGNC:48610	ENSG00000260268
HGNC:48611	ENSG00000246898
HGNC:48612	ENSG00000260880
HGNC:48613	ENSG00000189419
HGNC:48614	ENSG00000247240
HGNC:48615	ENSG00000259150
HGNC:48616	ENSG00000179523
HGNC:48617	ENSG00000260125
HGNC:48618	ENSG00000259234
HGNC:48619	ENSG00000248508
HGNC:4862	ENSG00000123338
HGNC:48620	ENSG00000258647
HGNC:48621	ENSG00000245849
HGNC:48622	ENSG00000237187
HGNC:48625	ENSG00000259728
HGNC:48626	ENSG00000272888
HGNC:48627	ENSG00000259282
HGNC:48628	ENSG00000257987
HGNC:48629	ENSG00000226091
HGNC:48630	ENSG00000273015
HGNC:48631	ENSG00000249267
HGNC:48632	ENSG00000250208
HGNC:48633	ENSG00000255737
HGNC:48634	ENSG00000235049
HGNC:48635	ENSG00000235884
HGNC:48636	ENSG00000249628
HGNC:48637	ENSG00000246695
HGNC:48639	ENSG00000189238
HGNC:48640	ENSG00000256128
HGNC:48643	ENSG00000232539
HGNC:48645	ENSG00000280832
HGNC:48646	ENSG00000247271
HGNC:48649	ENSG00000227877
HGNC:48652	ENSG00000226831
HGNC:48653	ENSG00000224679
HGNC:48654	ENSG00000236595
HGNC:48655	ENSG00000257162
HGNC:48656	ENSG00000234381
HGNC:48657	ENSG00000248796
HGNC:48658	ENSG00000204949
HGNC:48659	ENSG00000229989
HGNC:4866	ENSG00000089472
HGNC:48661	ENSG00000226124
HGNC:48662	ENSG00000226070
HGNC:48663	ENSG00000225791
HGNC:48664	ENSG00000177133
HGNC:48665	ENSG00000280719
HGNC:48666	ENSG00000246763
HGNC:48667	ENSG00000226674
HGNC:48668	ENSG00000228784
HGNC:48669	ENSG00000228775
HGNC:4867	ENSG00000103657
HGNC:48670	ENSG00000244926
HGNC:48671	ENSG00000251381
HGNC:48672	ENSG00000246067
HGNC:48673	ENSG00000245248
HGNC:48674	ENSG00000246174
HGNC:48675	ENSG00000227487
HGNC:48677	ENSG00000237489
HGNC:48678	ENSG00000227128
HGNC:4868	ENSG00000128731
HGNC:48680	ENSG00000226009
HGNC:48682	ENSG00000203876
HGNC:48685	ENSG00000239959
HGNC:48686	ENSG00000248618
HGNC:48687	ENSG00000241278
HGNC:48688	ENSG00000256589
HGNC:4869	ENSG00000261401
HGNC:48690	ENSG00000273819
HGNC:48691	ENSG00000255319
HGNC:48692	ENSG00000250476
HGNC:48693	ENSG00000249767
HGNC:48694	ENSG00000250942
HGNC:48696	ENSG00000261580
HGNC:48697	ENSG00000254527
HGNC:48698	ENSG00000255549
HGNC:48699	ENSG00000249188
HGNC:487	ENSG00000101280
HGNC:4870	ENSG00000276550
HGNC:48700	ENSG00000241622
HGNC:48701	ENSG00000213543
HGNC:48702	ENSG00000231913
HGNC:48703	ENSG00000250053
HGNC:48704	ENSG00000260967
HGNC:48705	ENSG00000261010
HGNC:48707	ENSG00000259996
HGNC:48708	ENSG00000261486
HGNC:48709	ENSG00000260812
HGNC:4871	ENSG00000180229
HGNC:48710	ENSG00000242516
HGNC:48711	ENSG00000232850
HGNC:48712	ENSG00000237159
HGNC:48713	ENSG00000225626
HGNC:48715	ENSG00000268996
HGNC:48716	ENSG00000204054
HGNC:48717	ENSG00000225361
HGNC:48718	ENSG00000268364
HGNC:48719	ENSG00000204706
HGNC:4872	ENSG00000230267
HGNC:48721	ENSG00000254109
HGNC:48723	ENSG00000254377
HGNC:48724	ENSG00000235531
HGNC:48725	ENSG00000253138
HGNC:48727	ENSG00000246430
HGNC:48728	ENSG00000270673
HGNC:4873	ENSG00000260644
HGNC:48730	ENSG00000203601
HGNC:48731	ENSG00000271389
HGNC:48732	ENSG00000254677
HGNC:48733	ENSG00000255070
HGNC:48734	ENSG00000256420
HGNC:48735	ENSG00000256285
HGNC:48737	ENSG00000242641
HGNC:48738	ENSG00000271433
HGNC:48739	ENSG00000270560
HGNC:4874	ENSG00000261418
HGNC:48740	ENSG00000240902
HGNC:48741	ENSG00000255700
HGNC:48742	ENSG00000248122
HGNC:48743	ENSG00000260240
HGNC:48744	ENSG00000255734
HGNC:48745	ENSG00000259335
HGNC:48746	ENSG00000269576
HGNC:48747	ENSG00000259917
HGNC:48748	ENSG00000233503
HGNC:48749	ENSG00000217811
HGNC:4875	ENSG00000281909
HGNC:48750	ENSG00000230247
HGNC:48751	ENSG00000220305
HGNC:48752	ENSG00000226307
HGNC:48753	ENSG00000234890
HGNC:48754	ENSG00000236185
HGNC:48755	ENSG00000270903
HGNC:48756	ENSG00000257851
HGNC:48757	ENSG00000260689
HGNC:48758	ENSG00000219102
HGNC:48759	ENSG00000250826
HGNC:4876	ENSG00000138641
HGNC:48760	ENSG00000224494
HGNC:48761	ENSG00000225636
HGNC:48762	ENSG00000267233
HGNC:48763	ENSG00000213049
HGNC:48764	ENSG00000225695
HGNC:48765	ENSG00000231942
HGNC:48766	ENSG00000218574
HGNC:48767	ENSG00000253605
HGNC:48768	ENSG00000237804
HGNC:48769	ENSG00000212961
HGNC:4877	ENSG00000163666
HGNC:48770	ENSG00000220937
HGNC:48771	ENSG00000233615
HGNC:48772	ENSG00000214204
HGNC:48773	ENSG00000281128
HGNC:48774	ENSG00000249271
HGNC:48775	ENSG00000259411
HGNC:48776	ENSG00000228020
HGNC:48777	ENSG00000236695
HGNC:48778	ENSG00000224578
HGNC:48779	ENSG00000233231
HGNC:4878	ENSG00000213614
HGNC:48780	ENSG00000257195
HGNC:48781	ENSG00000234491
HGNC:48782	ENSG00000269119
HGNC:48783	ENSG00000229534
HGNC:48784	ENSG00000236539
HGNC:48785	ENSG00000249920
HGNC:48786	ENSG00000248640
HGNC:48787	ENSG00000237442
HGNC:48788	ENSG00000219582
HGNC:48789	ENSG00000230280
HGNC:4879	ENSG00000049860
HGNC:48790	ENSG00000233497
HGNC:48791	ENSG00000187999
HGNC:48792	ENSG00000259228
HGNC:48793	ENSG00000227453
HGNC:48794	ENSG00000213559
HGNC:48795	ENSG00000248444
HGNC:48796	ENSG00000229221
HGNC:48797	ENSG00000270665
HGNC:48798	ENSG00000230946
HGNC:48799	ENSG00000257332
HGNC:4880	ENSG00000164683
HGNC:48800	ENSG00000236946
HGNC:48801	ENSG00000259686
HGNC:48802	ENSG00000254713
HGNC:48803	ENSG00000236569
HGNC:48804	ENSG00000259550
HGNC:48806	ENSG00000255141
HGNC:48808	ENSG00000270837
HGNC:4881	ENSG00000135547
HGNC:48810	ENSG00000213924
HGNC:48811	ENSG00000248854
HGNC:48812	ENSG00000227538
HGNC:48813	ENSG00000275774
HGNC:48814	ENSG00000204253
HGNC:48815	ENSG00000259419
HGNC:48816	ENSG00000263179
HGNC:48817	ENSG00000213305
HGNC:48818	ENSG00000228653
HGNC:48819	ENSG00000254748
HGNC:4882	ENSG00000163909
HGNC:48820	ENSG00000232048
HGNC:48821	ENSG00000215054
HGNC:48823	ENSG00000278175
HGNC:48824	ENSG00000231806
HGNC:48826	ENSG00000225128
HGNC:48827	ENSG00000227233
HGNC:48829	ENSG00000282059
HGNC:4883	ENSG00000000971
HGNC:48830	ENSG00000235955
HGNC:48831	ENSG00000271466
HGNC:48832	ENSG00000277253
HGNC:48833	ENSG00000270921
HGNC:48834	ENSG00000233003
HGNC:48835	ENSG00000233750
HGNC:48836	ENSG00000278455
HGNC:48837	ENSG00000277349
HGNC:48838	ENSG00000226220
HGNC:48839	ENSG00000260942
HGNC:48840	ENSG00000266010
HGNC:48841	ENSG00000242159
HGNC:48842	ENSG00000228769
HGNC:48845	ENSG00000234853
HGNC:48846	ENSG00000233659
HGNC:48847	ENSG00000242365
HGNC:48848	ENSG00000256310
HGNC:48849	ENSG00000234039
HGNC:48850	ENSG00000236987
HGNC:48851	ENSG00000220831
HGNC:48852	ENSG00000224927
HGNC:48853	ENSG00000259918
HGNC:48854	ENSG00000248531
HGNC:48855	ENSG00000253454
HGNC:48856	ENSG00000248880
HGNC:48857	ENSG00000242705
HGNC:48859	ENSG00000244681
HGNC:4886	ENSG00000010704
HGNC:48860	ENSG00000217169
HGNC:48862	ENSG00000251253
HGNC:48863	ENSG00000213530
HGNC:48864	ENSG00000249266
HGNC:48865	ENSG00000181260
HGNC:48866	ENSG00000231112
HGNC:48867	ENSG00000250562
HGNC:48868	ENSG00000240476
HGNC:48869	ENSG00000260105
HGNC:4887	ENSG00000168509
HGNC:48870	ENSG00000236473
HGNC:48871	ENSG00000281691
HGNC:48872	ENSG00000237125
HGNC:48873	ENSG00000248807
HGNC:48874	ENSG00000257649
HGNC:48875	ENSG00000258036
HGNC:48877	ENSG00000247708
HGNC:48878	ENSG00000237170
HGNC:4888	ENSG00000244414
HGNC:48882	ENSG00000258120
HGNC:48883	ENSG00000223657
HGNC:48884	ENSG00000215867
HGNC:48885	ENSG00000254831
HGNC:48886	ENSG00000187686
HGNC:48887	ENSG00000215208
HGNC:48888	ENSG00000267083
HGNC:48889	ENSG00000233471
HGNC:48890	ENSG00000235413
HGNC:48891	ENSG00000213211
HGNC:48892	ENSG00000215807
HGNC:48893	ENSG00000235626
HGNC:48894	ENSG00000233425
HGNC:48895	ENSG00000213100
HGNC:48896	ENSG00000242294
HGNC:48897	ENSG00000235333
HGNC:48898	ENSG00000272752
HGNC:489	ENSG00000116194
HGNC:4890	ENSG00000080910
HGNC:48906	ENSG00000249395
HGNC:48908	ENSG00000248309
HGNC:48910	ENSG00000255850
HGNC:48911	ENSG00000237248
HGNC:48915	ENSG00000261373
HGNC:48917	ENSG00000280543
HGNC:48918	ENSG00000250334
HGNC:48919	ENSG00000256852
HGNC:4892	ENSG00000113924
HGNC:48920	ENSG00000270429
HGNC:48921	ENSG00000224344
HGNC:48922	ENSG00000232422
HGNC:48923	ENSG00000250563
HGNC:48924	ENSG00000228004
HGNC:48925	ENSG00000248329
HGNC:48927	ENSG00000277043
HGNC:48928	ENSG00000260765
HGNC:48929	ENSG00000254954
HGNC:4893	ENSG00000019991
HGNC:48930	ENSG00000205184
HGNC:48931	ENSG00000242280
HGNC:48932	ENSG00000232457
HGNC:48933	ENSG00000241361
HGNC:48934	ENSG00000238118
HGNC:48935	ENSG00000267781
HGNC:48936	ENSG00000257016
HGNC:48939	ENSG00000249375
HGNC:4894	ENSG00000109758
HGNC:48940	ENSG00000245149
HGNC:48942	ENSG00000282961
HGNC:48943	ENSG00000248663
HGNC:48944	ENSG00000244153
HGNC:48945	ENSG00000265881
HGNC:48946	ENSG00000264172
HGNC:48947	ENSG00000249274
HGNC:48948	ENSG00000235687
HGNC:48949	ENSG00000189196
HGNC:48951	ENSG00000196295
HGNC:48952	ENSG00000281332
HGNC:48953	ENSG00000214194
HGNC:48954	ENSG00000243479
HGNC:48955	ENSG00000219545
HGNC:48956	ENSG00000220575
HGNC:48957	ENSG00000261455
HGNC:48958	ENSG00000214106
HGNC:48959	ENSG00000260231
HGNC:48961	ENSG00000228393
HGNC:48962	ENSG00000229688
HGNC:48963	ENSG00000228564
HGNC:4897	ENSG00000185359
HGNC:48971	ENSG00000182648
HGNC:48973	ENSG00000233123
HGNC:48974	ENSG00000281103
HGNC:48977	ENSG00000280623
HGNC:48978	ENSG00000236700
HGNC:48980	ENSG00000229315
HGNC:48982	ENSG00000269293
HGNC:48984	ENSG00000270362
HGNC:48985	ENSG00000225793
HGNC:48986	ENSG00000281706
HGNC:48987	ENSG00000228495
HGNC:48988	ENSG00000224582
HGNC:48990	ENSG00000235652
HGNC:48991	ENSG00000249346
HGNC:48993	ENSG00000250903
HGNC:48994	ENSG00000223701
HGNC:48995	ENSG00000250337
HGNC:48996	ENSG00000177738
HGNC:48997	ENSG00000247572
HGNC:48998	ENSG00000232715
HGNC:48999	ENSG00000253618
HGNC:49	ENSG00000197150
HGNC:490	ENSG00000136859
HGNC:49001	ENSG00000258952
HGNC:49002	ENSG00000281264
HGNC:49003	ENSG00000280515
HGNC:49004	ENSG00000272523
HGNC:49005	ENSG00000248092
HGNC:49006	ENSG00000248275
HGNC:49007	ENSG00000250786
HGNC:49008	ENSG00000247516
HGNC:49009	ENSG00000245146
HGNC:4901	ENSG00000152804
HGNC:49014	ENSG00000267603
HGNC:49015	ENSG00000265843
HGNC:49016	ENSG00000253799
HGNC:49017	ENSG00000232077
HGNC:49019	ENSG00000249069
HGNC:49020	ENSG00000251597
HGNC:49021	ENSG00000224933
HGNC:49022	ENSG00000226486
HGNC:49023	ENSG00000271036
HGNC:49024	ENSG00000230426
HGNC:49026	ENSG00000229011
HGNC:49027	ENSG00000234168
HGNC:49028	ENSG00000226037
HGNC:49029	ENSG00000270809
HGNC:49031	ENSG00000260343
HGNC:49032	ENSG00000223626
HGNC:49033	ENSG00000260629
HGNC:49035	ENSG00000233830
HGNC:49036	ENSG00000237977
HGNC:4904	ENSG00000132297
HGNC:49040	ENSG00000233405
HGNC:49041	ENSG00000232225
HGNC:49042	ENSG00000230390
HGNC:49043	ENSG00000234384
HGNC:49044	ENSG00000271216
HGNC:49045	ENSG00000225579
HGNC:49046	ENSG00000234767
HGNC:49047	ENSG00000238169
HGNC:49048	ENSG00000229723
HGNC:49049	ENSG00000235366
HGNC:4905	ENSG00000114455
HGNC:49050	ENSG00000237119
HGNC:49052	ENSG00000232857
HGNC:49053	ENSG00000235422
HGNC:49054	ENSG00000249270
HGNC:49055	ENSG00000271108
HGNC:49056	ENSG00000228283
HGNC:49057	ENSG00000224081
HGNC:49058	ENSG00000241305
HGNC:49059	ENSG00000277000
HGNC:4906	ENSG00000197568
HGNC:49060	ENSG00000271270
HGNC:49061	ENSG00000225039
HGNC:49062	ENSG00000270415
HGNC:49063	ENSG00000226226
HGNC:49064	ENSG00000271242
HGNC:49065	ENSG00000264907
HGNC:49066	ENSG00000251163
HGNC:49067	ENSG00000251656
HGNC:49068	ENSG00000249516
HGNC:49069	ENSG00000250711
HGNC:4907	ENSG00000106049
HGNC:49070	ENSG00000270741
HGNC:49072	ENSG00000236105
HGNC:49073	ENSG00000231108
HGNC:49075	ENSG00000260455
HGNC:49076	ENSG00000224944
HGNC:49077	ENSG00000258897
HGNC:4908	ENSG00000198130
HGNC:49081	ENSG00000249378
HGNC:49082	ENSG00000247624
HGNC:49083	ENSG00000248049
HGNC:49089	ENSG00000225613
HGNC:4909	ENSG00000177374
HGNC:49091	ENSG00000281358
HGNC:49092	ENSG00000232065
HGNC:49093	ENSG00000224614
HGNC:49094	ENSG00000244040
HGNC:49095	ENSG00000250433
HGNC:49096	ENSG00000232352
HGNC:49097	ENSG00000271140
HGNC:49098	ENSG00000270444
HGNC:49099	ENSG00000271465
HGNC:491	ENSG00000132855
HGNC:4910	ENSG00000100644
HGNC:49100	ENSG00000271429
HGNC:49101	ENSG00000270496
HGNC:49102	ENSG00000271492
HGNC:49103	ENSG00000237092
HGNC:49104	ENSG00000230403
HGNC:49105	ENSG00000236053
HGNC:49106	ENSG00000227676
HGNC:49107	ENSG00000271386
HGNC:49109	ENSG00000236133
HGNC:49110	ENSG00000260102
HGNC:49111	ENSG00000237361
HGNC:49112	ENSG00000236076
HGNC:49113	ENSG00000271287
HGNC:49116	ENSG00000271337
HGNC:49117	ENSG00000227611
HGNC:49118	ENSG00000230142
HGNC:49119	ENSG00000225105
HGNC:4912	ENSG00000169567
HGNC:49120	ENSG00000233456
HGNC:49121	ENSG00000223880
HGNC:49122	ENSG00000229609
HGNC:49123	ENSG00000281721
HGNC:49124	ENSG00000268754
HGNC:49125	ENSG00000269186
HGNC:49128	ENSG00000270814
HGNC:49129	ENSG00000257151
HGNC:4913	ENSG00000127946
HGNC:49130	ENSG00000260232
HGNC:49135	ENSG00000251317
HGNC:49138	ENSG00000278301
HGNC:49139	ENSG00000274369
HGNC:4914	ENSG00000078140
HGNC:49140	ENSG00000259089
HGNC:49141	ENSG00000258848
HGNC:49142	ENSG00000266242
HGNC:49143	ENSG00000270930
HGNC:49144	ENSG00000224559
HGNC:49146	ENSG00000270938
HGNC:49147	ENSG00000253696
HGNC:49148	ENSG00000249307
HGNC:49149	ENSG00000251018
HGNC:4915	ENSG00000110422
HGNC:49150	ENSG00000282977
HGNC:49151	ENSG00000085231
HGNC:49152	ENSG00000260518
HGNC:49153	ENSG00000272779
HGNC:49154	ENSG00000237238
HGNC:49155	ENSG00000198312
HGNC:49156	ENSG00000225883
HGNC:49157	ENSG00000224599
HGNC:49158	ENSG00000231701
HGNC:49159	ENSG00000276500
HGNC:4916	ENSG00000100084
HGNC:49160	ENSG00000258780
HGNC:49161	ENSG00000258684
HGNC:49162	ENSG00000228294
HGNC:49163	ENSG00000231099
HGNC:49164	ENSG00000225719
HGNC:49165	ENSG00000238077
HGNC:49166	ENSG00000248745
HGNC:49167	ENSG00000259573
HGNC:49168	ENSG00000244479
HGNC:49169	ENSG00000105694
HGNC:4917	ENSG00000149929
HGNC:49170	ENSG00000267418
HGNC:49171	ENSG00000223746
HGNC:49172	ENSG00000256021
HGNC:49173	ENSG00000257465
HGNC:49174	ENSG00000271278
HGNC:49175	ENSG00000270535
HGNC:49176	ENSG00000271595
HGNC:49177	ENSG00000270106
HGNC:49178	ENSG00000280267
HGNC:49179	ENSG00000229571
HGNC:49180	ENSG00000271723
HGNC:49181	ENSG00000270800
HGNC:49182	ENSG00000277957
HGNC:49183	ENSG00000270316
HGNC:49184	ENSG00000270757
HGNC:49185	ENSG00000258555
HGNC:49186	ENSG00000262481
HGNC:49187	ENSG00000265818
HGNC:49188	ENSG00000270617
HGNC:49189	ENSG00000234857
HGNC:49190	ENSG00000273331
HGNC:49191	ENSG00000257950
HGNC:49192	ENSG00000259074
HGNC:49193	ENSG00000237700
HGNC:49195	ENSG00000260139
HGNC:49196	ENSG00000229442
HGNC:49197	ENSG00000273003
HGNC:49198	ENSG00000273294
HGNC:49199	ENSG00000274049
HGNC:492	ENSG00000029534
HGNC:4920	ENSG00000095951
HGNC:49200	ENSG00000135747
HGNC:49201	ENSG00000231689
HGNC:49202	ENSG00000237906
HGNC:49203	ENSG00000250293
HGNC:49204	ENSG00000235661
HGNC:49205	ENSG00000223519
HGNC:49206	ENSG00000260776
HGNC:49207	ENSG00000260631
HGNC:49208	ENSG00000261284
HGNC:49209	ENSG00000223750
HGNC:4921	ENSG00000010818
HGNC:49210	ENSG00000214198
HGNC:49211	ENSG00000265369
HGNC:49212	ENSG00000230927
HGNC:49213	ENSG00000262497
HGNC:49214	ENSG00000216938
HGNC:49215	ENSG00000225918
HGNC:49216	ENSG00000214142
HGNC:49217	ENSG00000230282
HGNC:49218	ENSG00000249173
HGNC:49219	ENSG00000251442
HGNC:4922	ENSG00000156515
HGNC:49220	ENSG00000248809
HGNC:49222	ENSG00000251504
HGNC:49223	ENSG00000180385
HGNC:49224	ENSG00000242107
HGNC:49225	ENSG00000234781
HGNC:49226	ENSG00000232084
HGNC:49227	ENSG00000225108
HGNC:49228	ENSG00000226065
HGNC:49229	ENSG00000225493
HGNC:4923	ENSG00000159399
HGNC:49230	ENSG00000270499
HGNC:49233	ENSG00000284873
HGNC:49234	ENSG00000226673
HGNC:49235	ENSG00000271167
HGNC:49237	ENSG00000254300
HGNC:49239	ENSG00000267064
HGNC:4924	ENSG00000228612
HGNC:49240	ENSG00000238037
HGNC:49241	ENSG00000263749
HGNC:49243	ENSG00000270929
HGNC:49245	ENSG00000234177
HGNC:4925	ENSG00000160883
HGNC:49257	ENSG00000235665
HGNC:49258	ENSG00000237667
HGNC:49259	ENSG00000163364
HGNC:4926	ENSG00000204220
HGNC:49260	ENSG00000224577
HGNC:49261	ENSG00000222005
HGNC:49262	ENSG00000239332
HGNC:49265	ENSG00000223631
HGNC:49266	ENSG00000205054
HGNC:49267	ENSG00000233723
HGNC:49269	ENSG00000204588
HGNC:4927	ENSG00000112473
HGNC:49270	ENSG00000222033
HGNC:49271	ENSG00000189223
HGNC:49272	ENSG00000228486
HGNC:49273	ENSG00000230651
HGNC:49274	ENSG00000225619
HGNC:49275	ENSG00000279873
HGNC:49278	ENSG00000225449
HGNC:49279	ENSG00000178162
HGNC:4928	ENSG00000181666
HGNC:49280	ENSG00000231240
HGNC:49281	ENSG00000230646
HGNC:49282	ENSG00000223349
HGNC:49283	ENSG00000236516
HGNC:49284	ENSG00000180178
HGNC:49285	ENSG00000240253
HGNC:49286	ENSG00000231431
HGNC:49288	ENSG00000218739
HGNC:49289	ENSG00000234171
HGNC:4929	ENSG00000182318
HGNC:49292	ENSG00000281162
HGNC:49294	ENSG00000228111
HGNC:49295	ENSG00000241899
HGNC:49296	ENSG00000214108
HGNC:49297	ENSG00000214460
HGNC:49298	ENSG00000217027
HGNC:49299	ENSG00000234782
HGNC:493	ENSG00000145362
HGNC:4930	ENSG00000204859
HGNC:49300	ENSG00000231328
HGNC:49301	ENSG00000180221
HGNC:49302	ENSG00000239995
HGNC:49303	ENSG00000256817
HGNC:49304	ENSG00000213498
HGNC:49305	ENSG00000235929
HGNC:4931	ENSG00000206503
HGNC:49317	ENSG00000260282
HGNC:49318	ENSG00000220505
HGNC:49319	ENSG00000255120
HGNC:4932	ENSG00000234745
HGNC:49321	ENSG00000234899
HGNC:49322	ENSG00000259746
HGNC:49323	ENSG00000258153
HGNC:49324	ENSG00000261395
HGNC:49325	ENSG00000232917
HGNC:49326	ENSG00000217897
HGNC:49327	ENSG00000270945
HGNC:49328	ENSG00000232690
HGNC:49329	ENSG00000249768
HGNC:4933	ENSG00000204525
HGNC:49330	ENSG00000187762
HGNC:49331	ENSG00000235930
HGNC:49332	ENSG00000225900
HGNC:49333	ENSG00000271612
HGNC:49334	ENSG00000237140
HGNC:49337	ENSG00000255163
HGNC:49338	ENSG00000271024
HGNC:49339	ENSG00000257021
HGNC:4934	ENSG00000204257
HGNC:49340	ENSG00000238059
HGNC:49341	ENSG00000237306
HGNC:49342	ENSG00000250356
HGNC:49343	ENSG00000225158
HGNC:49344	ENSG00000232015
HGNC:49345	ENSG00000220867
HGNC:49346	ENSG00000235112
HGNC:49347	ENSG00000230081
HGNC:49348	ENSG00000235424
HGNC:4935	ENSG00000242574
HGNC:49350	ENSG00000218893
HGNC:49351	ENSG00000218359
HGNC:49352	ENSG00000271096
HGNC:49353	ENSG00000271236
HGNC:49354	ENSG00000253579
HGNC:49355	ENSG00000253721
HGNC:49356	ENSG00000253639
HGNC:49357	ENSG00000253328
HGNC:49358	ENSG00000248278
HGNC:49359	ENSG00000268681
HGNC:4936	ENSG00000204252
HGNC:49360	ENSG00000253231
HGNC:49362	ENSG00000238008
HGNC:49363	ENSG00000258668
HGNC:49364	ENSG00000234463
HGNC:49365	ENSG00000234144
HGNC:49366	ENSG00000239576
HGNC:49367	ENSG00000270313
HGNC:49368	ENSG00000228092
HGNC:49369	ENSG00000235141
HGNC:4937	ENSG00000241106
HGNC:49370	ENSG00000236041
HGNC:49371	ENSG00000224543
HGNC:49372	ENSG00000271063
HGNC:49373	ENSG00000255287
HGNC:49374	ENSG00000257979
HGNC:49375	ENSG00000270526
HGNC:49376	ENSG00000271496
HGNC:49377	ENSG00000228794
HGNC:49379	ENSG00000250902
HGNC:4938	ENSG00000231389
HGNC:49380	ENSG00000278530
HGNC:49381	ENSG00000250582
HGNC:49382	ENSG00000248464
HGNC:49383	ENSG00000269959
HGNC:49384	ENSG00000238184
HGNC:49385	ENSG00000230589
HGNC:49386	ENSG00000239722
HGNC:49388	ENSG00000271092
HGNC:49389	ENSG00000187066
HGNC:4939	ENSG00000231461
HGNC:49392	ENSG00000166329
HGNC:49394	ENSG00000260286
HGNC:49396	ENSG00000255378
HGNC:49398	ENSG00000255920
HGNC:494	ENSG00000151150
HGNC:4940	ENSG00000223865
HGNC:49401	ENSG00000267444
HGNC:49402	ENSG00000166917
HGNC:49403	ENSG00000224677
HGNC:49404	ENSG00000280303
HGNC:49407	ENSG00000274376
HGNC:49409	ENSG00000261143
HGNC:4941	ENSG00000224557
HGNC:49410	ENSG00000218052
HGNC:49412	ENSG00000275695
HGNC:49414	ENSG00000277741
HGNC:49418	ENSG00000184774
HGNC:49419	ENSG00000234761
HGNC:4942	ENSG00000196735
HGNC:49420	ENSG00000255251
HGNC:49422	ENSG00000236719
HGNC:49425	ENSG00000281189
HGNC:49426	ENSG00000260492
HGNC:49429	ENSG00000266162
HGNC:4943	ENSG00000237541
HGNC:49430	ENSG00000263976
HGNC:49437	ENSG00000276715
HGNC:49439	ENSG00000234645
HGNC:4944	ENSG00000179344
HGNC:49440	ENSG00000250205
HGNC:49442	ENSG00000232727
HGNC:49443	ENSG00000226759
HGNC:49444	ENSG00000227630
HGNC:49445	ENSG00000226419
HGNC:49446	ENSG00000227811
HGNC:49447	ENSG00000224259
HGNC:49449	ENSG00000236423
HGNC:4945	ENSG00000232629
HGNC:49450	ENSG00000234807
HGNC:49451	ENSG00000272145
HGNC:49452	ENSG00000233791
HGNC:49453	ENSG00000233621
HGNC:49454	ENSG00000274020
HGNC:49455	ENSG00000236963
HGNC:49456	ENSG00000224286
HGNC:49457	ENSG00000227953
HGNC:49458	ENSG00000237751
HGNC:49459	ENSG00000224897
HGNC:4946	ENSG00000226030
HGNC:49460	ENSG00000281912
HGNC:49461	ENSG00000225951
HGNC:49462	ENSG00000272419
HGNC:49463	ENSG00000257859
HGNC:49464	ENSG00000281756
HGNC:49465	ENSG00000223816
HGNC:49466	ENSG00000225380
HGNC:49467	ENSG00000258867
HGNC:49468	ENSG00000258826
HGNC:49469	ENSG00000229671
HGNC:4947	ENSG00000204287
HGNC:49471	ENSG00000253819
HGNC:49473	ENSG00000204780
HGNC:49476	ENSG00000254166
HGNC:49477	ENSG00000229876
HGNC:49478	ENSG00000228485
HGNC:49479	ENSG00000234569
HGNC:4948	ENSG00000196126
HGNC:49480	ENSG00000233473
HGNC:49481	ENSG00000232823
HGNC:49482	ENSG00000225167
HGNC:49483	ENSG00000234388
HGNC:49484	ENSG00000262519
HGNC:49485	ENSG00000228236
HGNC:49486	ENSG00000234036
HGNC:49487	ENSG00000217268
HGNC:49488	ENSG00000270300
HGNC:49489	ENSG00000180230
HGNC:49490	ENSG00000257210
HGNC:49492	ENSG00000249488
HGNC:49493	ENSG00000248403
HGNC:49494	ENSG00000218965
HGNC:49495	ENSG00000227143
HGNC:49496	ENSG00000226864
HGNC:49497	ENSG00000176584
HGNC:49498	ENSG00000213438
HGNC:49499	ENSG00000233334
HGNC:495	ENSG00000165887
HGNC:4950	ENSG00000227442
HGNC:49500	ENSG00000237675
HGNC:49501	ENSG00000236991
HGNC:49502	ENSG00000234016
HGNC:49503	ENSG00000280634
HGNC:49504	ENSG00000257477
HGNC:49505	ENSG00000229005
HGNC:4951	ENSG00000196101
HGNC:49510	ENSG00000232593
HGNC:49511	ENSG00000280890
HGNC:49513	ENSG00000233639
HGNC:49514	ENSG00000229743
HGNC:49516	ENSG00000225151
HGNC:49517	ENSG00000244130
HGNC:49518	ENSG00000233915
HGNC:4952	ENSG00000227357
HGNC:49521	ENSG00000259633
HGNC:49522	ENSG00000259538
HGNC:49523	ENSG00000197627
HGNC:49525	ENSG00000231346
HGNC:49528	ENSG00000232790
HGNC:49529	ENSG00000270778
HGNC:4953	ENSG00000198502
HGNC:49530	ENSG00000280953
HGNC:49531	ENSG00000233319
HGNC:49532	ENSG00000230098
HGNC:49534	ENSG00000229081
HGNC:49535	ENSG00000232903
HGNC:49536	ENSG00000224758
HGNC:49537	ENSG00000240707
HGNC:49539	ENSG00000226754
HGNC:4954	ENSG00000229391
HGNC:49541	ENSG00000259471
HGNC:49542	ENSG00000253807
HGNC:49543	ENSG00000256925
HGNC:49544	ENSG00000257057
HGNC:49545	ENSG00000280744
HGNC:49548	ENSG00000281404
HGNC:49549	ENSG00000261397
HGNC:4955	ENSG00000227099
HGNC:49550	ENSG00000261075
HGNC:49554	ENSG00000225536
HGNC:49555	ENSG00000270069
HGNC:49556	ENSG00000249500
HGNC:49557	ENSG00000248327
HGNC:49558	ENSG00000266979
HGNC:49559	ENSG00000267384
HGNC:4956	ENSG00000233697
HGNC:49561	ENSG00000235015
HGNC:49562	ENSG00000235339
HGNC:49564	ENSG00000250634
HGNC:49565	ENSG00000245937
HGNC:49566	ENSG00000230561
HGNC:49567	ENSG00000251032
HGNC:49568	ENSG00000260589
HGNC:4957	ENSG00000196301
HGNC:49570	ENSG00000257935
HGNC:49571	ENSG00000273136
HGNC:49572	ENSG00000228414
HGNC:49573	ENSG00000236751
HGNC:49574	ENSG00000260260
HGNC:49575	ENSG00000249601
HGNC:49576	ENSG00000203499
HGNC:49577	ENSG00000265666
HGNC:49585	ENSG00000287276
HGNC:49588	ENSG00000278213
HGNC:49589	ENSG00000276386
HGNC:49591	ENSG00000273509
HGNC:49592	ENSG00000232827
HGNC:49593	ENSG00000267107
HGNC:49594	ENSG00000265142
HGNC:49595	ENSG00000234199
HGNC:49597	ENSG00000248441
HGNC:49598	ENSG00000231817
HGNC:496	ENSG00000183421
HGNC:49600	ENSG00000224045
HGNC:49601	ENSG00000280411
HGNC:49602	ENSG00000211974
HGNC:49603	ENSG00000282639
HGNC:49605	ENSG00000225398
HGNC:49607	ENSG00000257495
HGNC:49611	ENSG00000270706
HGNC:49614	ENSG00000229875
HGNC:49615	ENSG00000235549
HGNC:49616	ENSG00000231684
HGNC:49617	ENSG00000262154
HGNC:49618	ENSG00000266563
HGNC:49619	ENSG00000267938
HGNC:4962	ENSG00000204592
HGNC:49620	ENSG00000213772
HGNC:49621	ENSG00000236404
HGNC:49622	ENSG00000236496
HGNC:49623	ENSG00000230951
HGNC:49624	ENSG00000229184
HGNC:49625	ENSG00000213954
HGNC:49626	ENSG00000234925
HGNC:49627	ENSG00000213468
HGNC:49628	ENSG00000228089
HGNC:49629	ENSG00000241418
HGNC:4963	ENSG00000204642
HGNC:49631	ENSG00000270920
HGNC:49632	ENSG00000228659
HGNC:49633	ENSG00000280776
HGNC:49634	ENSG00000226985
HGNC:49635	ENSG00000229563
HGNC:49636	ENSG00000228980
HGNC:49637	ENSG00000242512
HGNC:49638	ENSG00000248771
HGNC:49639	ENSG00000223715
HGNC:4964	ENSG00000204632
HGNC:49640	ENSG00000228308
HGNC:49641	ENSG00000249833
HGNC:49642	ENSG00000239513
HGNC:49643	ENSG00000241316
HGNC:49644	ENSG00000240405
HGNC:49645	ENSG00000239213
HGNC:49646	ENSG00000214283
HGNC:49648	ENSG00000244541
HGNC:4965	ENSG00000206341
HGNC:49650	ENSG00000243550
HGNC:49651	ENSG00000271856
HGNC:49653	ENSG00000232987
HGNC:49654	ENSG00000235282
HGNC:49655	ENSG00000257231
HGNC:49656	ENSG00000242151
HGNC:49657	ENSG00000248820
HGNC:49658	ENSG00000230614
HGNC:49661	ENSG00000226359
HGNC:49664	ENSG00000259687
HGNC:49665	ENSG00000119660
HGNC:49667	ENSG00000281376
HGNC:49668	ENSG00000235257
HGNC:49669	ENSG00000261559
HGNC:4967	ENSG00000204622
HGNC:49670	ENSG00000281880
HGNC:49671	ENSG00000235492
HGNC:49672	ENSG00000233410
HGNC:49673	ENSG00000268992
HGNC:49675	ENSG00000269431
HGNC:49676	ENSG00000269416
HGNC:49677	ENSG00000260386
HGNC:49679	ENSG00000249082
HGNC:49680	ENSG00000260737
HGNC:49681	ENSG00000261082
HGNC:49682	ENSG00000260876
HGNC:49683	ENSG00000226200
HGNC:49684	ENSG00000232563
HGNC:49685	ENSG00000264031
HGNC:49686	ENSG00000281769
HGNC:49687	ENSG00000269837
HGNC:49688	ENSG00000236511
HGNC:49689	ENSG00000270325
HGNC:4969	ENSG00000230795
HGNC:49690	ENSG00000270270
HGNC:49693	ENSG00000269154
HGNC:49694	ENSG00000274612
HGNC:49695	ENSG00000270716
HGNC:49696	ENSG00000267641
HGNC:49697	ENSG00000271524
HGNC:49698	ENSG00000269055
HGNC:49699	ENSG00000271638
HGNC:497	ENSG00000104321
HGNC:4970	ENSG00000243753
HGNC:49700	ENSG00000271704
HGNC:49702	ENSG00000268174
HGNC:49703	ENSG00000268335
HGNC:49704	ENSG00000269040
HGNC:49705	ENSG00000268322
HGNC:49706	ENSG00000268705
HGNC:49707	ENSG00000268438
HGNC:49708	ENSG00000271095
HGNC:49709	ENSG00000269742
HGNC:49710	ENSG00000268079
HGNC:49711	ENSG00000270191
HGNC:49712	ENSG00000268830
HGNC:49713	ENSG00000268717
HGNC:49714	ENSG00000269509
HGNC:49715	ENSG00000271655
HGNC:49716	ENSG00000271661
HGNC:49717	ENSG00000270479
HGNC:49718	ENSG00000268469
HGNC:49719	ENSG00000269662
HGNC:49720	ENSG00000268058
HGNC:49721	ENSG00000248302
HGNC:49722	ENSG00000223974
HGNC:49724	ENSG00000271550
HGNC:49735	ENSG00000273061
HGNC:49736	ENSG00000270639
HGNC:49737	ENSG00000249995
HGNC:49738	ENSG00000233186
HGNC:49739	ENSG00000234534
HGNC:49740	ENSG00000182347
HGNC:49741	ENSG00000224637
HGNC:49742	ENSG00000236567
HGNC:49743	ENSG00000214190
HGNC:49744	ENSG00000237274
HGNC:49745	ENSG00000258966
HGNC:49748	ENSG00000225816
HGNC:49749	ENSG00000229982
HGNC:4975	ENSG00000153029
HGNC:49750	ENSG00000229057
HGNC:49751	ENSG00000230581
HGNC:49752	ENSG00000178654
HGNC:49753	ENSG00000225706
HGNC:49754	ENSG00000226717
HGNC:49755	ENSG00000280734
HGNC:49756	ENSG00000269364
HGNC:49757	ENSG00000249550
HGNC:49758	ENSG00000234146
HGNC:49759	ENSG00000231491
HGNC:4976	ENSG00000159267
HGNC:49760	ENSG00000101898
HGNC:49761	ENSG00000235448
HGNC:49763	ENSG00000271588
HGNC:49764	ENSG00000261939
HGNC:49765	ENSG00000265698
HGNC:49766	ENSG00000244024
HGNC:49769	ENSG00000270547
HGNC:4977	ENSG00000108924
HGNC:49770	ENSG00000229029
HGNC:49771	ENSG00000224466
HGNC:49772	ENSG00000226289
HGNC:49773	ENSG00000234219
HGNC:49775	ENSG00000232000
HGNC:49776	ENSG00000233551
HGNC:49777	ENSG00000271679
HGNC:49778	ENSG00000224488
HGNC:4978	ENSG00000136630
HGNC:49780	ENSG00000236857
HGNC:49781	ENSG00000214405
HGNC:49782	ENSG00000219703
HGNC:49783	ENSG00000231909
HGNC:49784	ENSG00000232158
HGNC:49786	ENSG00000226191
HGNC:49788	ENSG00000216657
HGNC:49789	ENSG00000227071
HGNC:4979	ENSG00000130675
HGNC:49790	ENSG00000223458
HGNC:49792	ENSG00000264801
HGNC:49793	ENSG00000233806
HGNC:49795	ENSG00000237940
HGNC:49796	ENSG00000234840
HGNC:49797	ENSG00000236739
HGNC:49798	ENSG00000269546
HGNC:49799	ENSG00000237931
HGNC:49800	ENSG00000226626
HGNC:49801	ENSG00000257956
HGNC:49803	ENSG00000224825
HGNC:49804	ENSG00000236306
HGNC:49805	ENSG00000270683
HGNC:49806	ENSG00000234676
HGNC:49807	ENSG00000224955
HGNC:49809	ENSG00000230097
HGNC:49810	ENSG00000280683
HGNC:49811	ENSG00000232060
HGNC:49812	ENSG00000236401
HGNC:49813	ENSG00000239792
HGNC:49814	ENSG00000260720
HGNC:49815	ENSG00000232303
HGNC:49816	ENSG00000238001
HGNC:49817	ENSG00000251235
HGNC:49818	ENSG00000244668
HGNC:49819	ENSG00000264186
HGNC:4982	ENSG00000256269
HGNC:49820	ENSG00000255522
HGNC:49821	ENSG00000254683
HGNC:49823	ENSG00000250580
HGNC:49824	ENSG00000231812
HGNC:49825	ENSG00000243794
HGNC:49826	ENSG00000241346
HGNC:49828	ENSG00000249799
HGNC:49829	ENSG00000254805
HGNC:4983	ENSG00000189403
HGNC:49830	ENSG00000230106
HGNC:49831	ENSG00000250342
HGNC:49832	ENSG00000254311
HGNC:49833	ENSG00000259464
HGNC:49834	ENSG00000234999
HGNC:49835	ENSG00000267182
HGNC:49838	ENSG00000236172
HGNC:4984	ENSG00000205581
HGNC:49841	ENSG00000227007
HGNC:49842	ENSG00000224128
HGNC:49843	ENSG00000231532
HGNC:49844	ENSG00000234423
HGNC:49846	ENSG00000281491
HGNC:49847	ENSG00000256537
HGNC:49848	ENSG00000256902
HGNC:4985	ENSG00000229046
HGNC:49850	ENSG00000274727
HGNC:49852	ENSG00000270863
HGNC:49854	ENSG00000271215
HGNC:49855	ENSG00000270296
HGNC:49856	ENSG00000256283
HGNC:49857	ENSG00000256134
HGNC:49859	ENSG00000205534
HGNC:4986	ENSG00000198830
HGNC:49860	ENSG00000180747
HGNC:49861	ENSG00000185710
HGNC:49862	ENSG00000183604
HGNC:49863	ENSG00000254634
HGNC:49864	ENSG00000261556
HGNC:49865	ENSG00000256756
HGNC:49866	ENSG00000255892
HGNC:49867	ENSG00000256138
HGNC:49869	ENSG00000266127
HGNC:4987	ENSG00000180150
HGNC:49870	ENSG00000260913
HGNC:49871	ENSG00000267252
HGNC:49872	ENSG00000275325
HGNC:49873	ENSG00000261377
HGNC:49876	ENSG00000267333
HGNC:4988	ENSG00000231261
HGNC:49882	ENSG00000261581
HGNC:49883	ENSG00000256844
HGNC:49885	ENSG00000255909
HGNC:49886	ENSG00000251107
HGNC:49887	ENSG00000256371
HGNC:49888	ENSG00000250464
HGNC:49889	ENSG00000255075
HGNC:4989	ENSG00000182952
HGNC:49890	ENSG00000258546
HGNC:49891	ENSG00000255725
HGNC:49892	ENSG00000245311
HGNC:49893	ENSG00000257037
HGNC:49894	ENSG00000249038
HGNC:49895	ENSG00000251398
HGNC:49896	ENSG00000266786
HGNC:49897	ENSG00000205918
HGNC:49898	ENSG00000249534
HGNC:49899	ENSG00000249667
HGNC:4990	ENSG00000232605
HGNC:49900	ENSG00000283440
HGNC:49901	ENSG00000244558
HGNC:49902	ENSG00000243236
HGNC:49903	ENSG00000220377
HGNC:49904	ENSG00000230845
HGNC:49905	ENSG00000230375
HGNC:49906	ENSG00000217228
HGNC:49909	ENSG00000225693
HGNC:49910	ENSG00000233554
HGNC:49911	ENSG00000235481
HGNC:49912	ENSG00000187988
HGNC:49913	ENSG00000214264
HGNC:49914	ENSG00000248216
HGNC:49915	ENSG00000229211
HGNC:49916	ENSG00000213839
HGNC:49917	ENSG00000204072
HGNC:49918	ENSG00000225254
HGNC:49919	ENSG00000259479
HGNC:49920	ENSG00000259236
HGNC:49921	ENSG00000269332
HGNC:49922	ENSG00000214433
HGNC:49923	ENSG00000258722
HGNC:49924	ENSG00000237743
HGNC:4993	ENSG00000124097
HGNC:4994	ENSG00000213707
HGNC:49943	ENSG00000276147
HGNC:4995	ENSG00000250011
HGNC:49953	ENSG00000275667
HGNC:4996	ENSG00000214821
HGNC:4997	ENSG00000132967
HGNC:4998	ENSG00000259781
HGNC:5	ENSG00000121410
HGNC:50	ENSG00000150967
HGNC:500	ENSG00000166825
HGNC:5000	ENSG00000164104
HGNC:5001	ENSG00000140382
HGNC:5002	ENSG00000064961
HGNC:50025	ENSG00000278596
HGNC:50026	ENSG00000277888
HGNC:5003	ENSG00000100281
HGNC:5004	ENSG00000029993
HGNC:5005	ENSG00000117305
HGNC:5006	ENSG00000113161
HGNC:5007	ENSG00000112972
HGNC:50079	ENSG00000276641
HGNC:5008	ENSG00000134240
HGNC:50089	ENSG00000283880
HGNC:5009	ENSG00000149948
HGNC:50095	ENSG00000284289
HGNC:5010	ENSG00000137309
HGNC:50108	ENSG00000284064
HGNC:50110	ENSG00000284160
HGNC:50116	ENSG00000273555
HGNC:5012	ENSG00000072571
HGNC:50123	ENSG00000277889
HGNC:5013	ENSG00000100292
HGNC:5014	ENSG00000103415
HGNC:50162	ENSG00000276270
HGNC:5017	ENSG00000215612
HGNC:5018	ENSG00000188816
HGNC:5019	ENSG00000188620
HGNC:50196	ENSG00000277912
HGNC:50203	ENSG00000278349
HGNC:5021	ENSG00000129514
HGNC:5022	ENSG00000125798
HGNC:5023	ENSG00000170608
HGNC:50235	ENSG00000284005
HGNC:5024	ENSG00000101076
HGNC:5026	ENSG00000164749
HGNC:50261	ENSG00000275836
HGNC:50275	ENSG00000250739
HGNC:50276	ENSG00000242111
HGNC:50277	ENSG00000261105
HGNC:5028	ENSG00000150540
HGNC:50280	ENSG00000256304
HGNC:50281	ENSG00000254275
HGNC:50282	ENSG00000229630
HGNC:50284	ENSG00000250988
HGNC:50285	ENSG00000267322
HGNC:50286	ENSG00000254567
HGNC:50287	ENSG00000255385
HGNC:50288	ENSG00000233007
HGNC:50289	ENSG00000277865
HGNC:50293	ENSG00000229511
HGNC:50294	ENSG00000237557
HGNC:50295	ENSG00000256464
HGNC:50296	ENSG00000249740
HGNC:50298	ENSG00000233647
HGNC:50299	ENSG00000258288
HGNC:5030	ENSG00000177733
HGNC:50300	ENSG00000248462
HGNC:50301	ENSG00000242908
HGNC:50302	ENSG00000228350
HGNC:50305	ENSG00000240602
HGNC:50307	ENSG00000251011
HGNC:50309	ENSG00000224957
HGNC:5031	ENSG00000135486
HGNC:50310	ENSG00000238075
HGNC:50311	ENSG00000230398
HGNC:50312	ENSG00000271642
HGNC:50314	ENSG00000243022
HGNC:50318	ENSG00000244065
HGNC:5032	ENSG00000229887
HGNC:50320	ENSG00000251576
HGNC:50323	ENSG00000227502
HGNC:50325	ENSG00000258689
HGNC:50327	ENSG00000233077
HGNC:50328	ENSG00000224397
HGNC:50329	ENSG00000231742
HGNC:5033	ENSG00000122566
HGNC:50331	ENSG00000237595
HGNC:50332	ENSG00000234753
HGNC:50333	ENSG00000226917
HGNC:50334	ENSG00000229017
HGNC:50336	ENSG00000224391
HGNC:50337	ENSG00000235304
HGNC:50338	ENSG00000236747
HGNC:50339	ENSG00000234191
HGNC:5034	ENSG00000197451
HGNC:50340	ENSG00000228610
HGNC:50341	ENSG00000255058
HGNC:50342	ENSG00000230317
HGNC:50343	ENSG00000271826
HGNC:50344	ENSG00000203650
HGNC:50345	ENSG00000226725
HGNC:50346	ENSG00000280870
HGNC:50347	ENSG00000235447
HGNC:50349	ENSG00000253977
HGNC:5035	ENSG00000092199
HGNC:50350	ENSG00000253556
HGNC:50351	ENSG00000234722
HGNC:50352	ENSG00000233489
HGNC:50353	ENSG00000254344
HGNC:50354	ENSG00000253734
HGNC:50355	ENSG00000267280
HGNC:50356	ENSG00000260468
HGNC:50357	ENSG00000261040
HGNC:50358	ENSG00000204792
HGNC:5036	ENSG00000138668
HGNC:50360	ENSG00000230079
HGNC:50361	ENSG00000267570
HGNC:50363	ENSG00000266117
HGNC:50365	ENSG00000259424
HGNC:50366	ENSG00000226625
HGNC:50367	ENSG00000273999
HGNC:50368	ENSG00000237207
HGNC:50369	ENSG00000259585
HGNC:5037	ENSG00000152795
HGNC:50370	ENSG00000229707
HGNC:50371	ENSG00000269692
HGNC:50375	ENSG00000268234
HGNC:50376	ENSG00000235256
HGNC:50377	ENSG00000276457
HGNC:50378	ENSG00000273994
HGNC:50379	ENSG00000228014
HGNC:5038	ENSG00000232794
HGNC:50380	ENSG00000226108
HGNC:50381	ENSG00000236825
HGNC:50382	ENSG00000227353
HGNC:50386	ENSG00000227160
HGNC:5039	ENSG00000169813
HGNC:5041	ENSG00000169045
HGNC:50418	ENSG00000230804
HGNC:5042	ENSG00000126945
HGNC:50422	ENSG00000232433
HGNC:50423	ENSG00000275026
HGNC:50424	ENSG00000276591
HGNC:50425	ENSG00000235310
HGNC:5043	ENSG00000096746
HGNC:5044	ENSG00000165119
HGNC:50442	ENSG00000251179
HGNC:50443	ENSG00000274827
HGNC:50444	ENSG00000253773
HGNC:50445	ENSG00000269153
HGNC:50446	ENSG00000236604
HGNC:50449	ENSG00000230335
HGNC:5045	ENSG00000104824
HGNC:50450	ENSG00000233526
HGNC:50451	ENSG00000231373
HGNC:50452	ENSG00000228248
HGNC:50453	ENSG00000234790
HGNC:50454	ENSG00000215227
HGNC:50455	ENSG00000259710
HGNC:50457	ENSG00000270654
HGNC:50458	ENSG00000229324
HGNC:5046	ENSG00000099783
HGNC:50460	ENSG00000253595
HGNC:50461	ENSG00000247081
HGNC:50463	ENSG00000271005
HGNC:50464	ENSG00000251396
HGNC:50465	ENSG00000246145
HGNC:50466	ENSG00000253738
HGNC:50467	ENSG00000253267
HGNC:50469	ENSG00000260439
HGNC:5047	ENSG00000125944
HGNC:50470	ENSG00000250548
HGNC:50472	ENSG00000237401
HGNC:50474	ENSG00000251563
HGNC:50477	ENSG00000271232
HGNC:50478	ENSG00000253756
HGNC:50479	ENSG00000266975
HGNC:5048	ENSG00000153187
HGNC:50480	ENSG00000262135
HGNC:50481	ENSG00000253789
HGNC:50482	ENSG00000225802
HGNC:50483	ENSG00000224999
HGNC:50484	ENSG00000253401
HGNC:50488	ENSG00000267799
HGNC:50490	ENSG00000279897
HGNC:50491	ENSG00000270793
HGNC:50492	ENSG00000235514
HGNC:50493	ENSG00000239335
HGNC:50494	ENSG00000231671
HGNC:50497	ENSG00000234551
HGNC:50499	ENSG00000241990
HGNC:50501	ENSG00000205632
HGNC:50502	ENSG00000226328
HGNC:50503	ENSG00000260924
HGNC:50504	ENSG00000231993
HGNC:50505	ENSG00000263072
HGNC:50506	ENSG00000227954
HGNC:50507	ENSG00000259417
HGNC:50509	ENSG00000234025
HGNC:50511	ENSG00000182057
HGNC:50513	ENSG00000229891
HGNC:50515	ENSG00000232526
HGNC:50516	ENSG00000265962
HGNC:50518	ENSG00000224829
HGNC:50519	ENSG00000255987
HGNC:50520	ENSG00000263935
HGNC:50522	ENSG00000230311
HGNC:50524	ENSG00000237790
HGNC:50526	ENSG00000228262
HGNC:50528	ENSG00000244128
HGNC:50529	ENSG00000241636
HGNC:50530	ENSG00000241767
HGNC:50532	ENSG00000244321
HGNC:50533	ENSG00000241669
HGNC:50536	ENSG00000244227
HGNC:50537	ENSG00000226702
HGNC:50538	ENSG00000248673
HGNC:50539	ENSG00000249343
HGNC:50540	ENSG00000250446
HGNC:50542	ENSG00000248942
HGNC:50544	ENSG00000245556
HGNC:50545	ENSG00000250888
HGNC:50546	ENSG00000251221
HGNC:50549	ENSG00000248555
HGNC:50550	ENSG00000250331
HGNC:50551	ENSG00000223823
HGNC:50552	ENSG00000273129
HGNC:50553	ENSG00000237290
HGNC:50554	ENSG00000228918
HGNC:50555	ENSG00000232096
HGNC:50556	ENSG00000271557
HGNC:50557	ENSG00000258251
HGNC:5056	ENSG00000107807
HGNC:50560	ENSG00000228063
HGNC:50561	ENSG00000226693
HGNC:50563	ENSG00000233304
HGNC:50564	ENSG00000226374
HGNC:50566	ENSG00000214837
HGNC:50567	ENSG00000280587
HGNC:50568	ENSG00000230402
HGNC:5057	ENSG00000115297
HGNC:50573	ENSG00000224616
HGNC:50575	ENSG00000228309
HGNC:50576	ENSG00000235527
HGNC:50577	ENSG00000237457
HGNC:50578	ENSG00000238078
HGNC:50580	ENSG00000231507
HGNC:50581	ENSG00000231768
HGNC:50582	ENSG00000236810
HGNC:50584	ENSG00000261326
HGNC:50587	ENSG00000215866
HGNC:50588	ENSG00000224167
HGNC:50589	ENSG00000237352
HGNC:50591	ENSG00000226891
HGNC:50592	ENSG00000234264
HGNC:50593	ENSG00000233973
HGNC:50595	ENSG00000236268
HGNC:50596	ENSG00000230817
HGNC:50597	ENSG00000237505
HGNC:50598	ENSG00000231605
HGNC:50599	ENSG00000227290
HGNC:50600	ENSG00000247775
HGNC:50601	ENSG00000196951
HGNC:50602	ENSG00000250846
HGNC:50603	ENSG00000250772
HGNC:50604	ENSG00000248692
HGNC:50605	ENSG00000271264
HGNC:50606	ENSG00000271404
HGNC:50608	ENSG00000237767
HGNC:50609	ENSG00000272975
HGNC:50611	ENSG00000256091
HGNC:50612	ENSG00000224110
HGNC:50614	ENSG00000232824
HGNC:50615	ENSG00000254884
HGNC:50616	ENSG00000271412
HGNC:50617	ENSG00000264971
HGNC:50618	ENSG00000187534
HGNC:50620	ENSG00000271202
HGNC:50625	ENSG00000261868
HGNC:50626	ENSG00000250827
HGNC:50627	ENSG00000260887
HGNC:50628	ENSG00000232480
HGNC:50629	ENSG00000281453
HGNC:50631	ENSG00000280560
HGNC:50632	ENSG00000226159
HGNC:50634	ENSG00000254879
HGNC:50636	ENSG00000233143
HGNC:50637	ENSG00000236204
HGNC:50638	ENSG00000236651
HGNC:50641	ENSG00000250716
HGNC:50642	ENSG00000249808
HGNC:50643	ENSG00000258704
HGNC:50644	ENSG00000232586
HGNC:50645	ENSG00000236922
HGNC:50646	ENSG00000226363
HGNC:50647	ENSG00000232780
HGNC:50648	ENSG00000226196
HGNC:50649	ENSG00000249840
HGNC:50650	ENSG00000280916
HGNC:50653	ENSG00000230452
HGNC:50656	ENSG00000237396
HGNC:50657	ENSG00000251604
HGNC:50658	ENSG00000247993
HGNC:50659	ENSG00000251324
HGNC:50660	ENSG00000231808
HGNC:50661	ENSG00000225762
HGNC:50662	ENSG00000261730
HGNC:50663	ENSG00000257126
HGNC:50665	ENSG00000260944
HGNC:50666	ENSG00000244578
HGNC:50668	ENSG00000233607
HGNC:50669	ENSG00000225535
HGNC:50670	ENSG00000281809
HGNC:50672	ENSG00000229108
HGNC:50673	ENSG00000235601
HGNC:50674	ENSG00000281097
HGNC:50675	ENSG00000273396
HGNC:50676	ENSG00000234474
HGNC:50677	ENSG00000258673
HGNC:50678	ENSG00000224863
HGNC:50679	ENSG00000232022
HGNC:50680	ENSG00000233080
HGNC:50681	ENSG00000232920
HGNC:50682	ENSG00000281649
HGNC:50684	ENSG00000236024
HGNC:50686	ENSG00000230500
HGNC:50687	ENSG00000228956
HGNC:50688	ENSG00000185847
HGNC:50689	ENSG00000258240
HGNC:50690	ENSG00000254880
HGNC:50691	ENSG00000266984
HGNC:50694	ENSG00000188693
HGNC:50696	ENSG00000225973
HGNC:50697	ENSG00000288905
HGNC:50698	ENSG00000251003
HGNC:507	ENSG00000213673
HGNC:50700	ENSG00000254560
HGNC:50701	ENSG00000237491
HGNC:50702	ENSG00000238113
HGNC:50703	ENSG00000249306
HGNC:50704	ENSG00000232606
HGNC:50705	ENSG00000260172
HGNC:50706	ENSG00000205790
HGNC:50707	ENSG00000253554
HGNC:50709	ENSG00000267325
HGNC:50711	ENSG00000259692
HGNC:50712	ENSG00000253898
HGNC:50713	ENSG00000204272
HGNC:50717	ENSG00000229327
HGNC:50718	ENSG00000229586
HGNC:50719	ENSG00000226145
HGNC:50720	ENSG00000264892
HGNC:50722	ENSG00000205312
HGNC:50723	ENSG00000205266
HGNC:50724	ENSG00000231645
HGNC:50725	ENSG00000205215
HGNC:50726	ENSG00000256937
HGNC:50727	ENSG00000234281
HGNC:50728	ENSG00000223704
HGNC:50729	ENSG00000227117
HGNC:50731	ENSG00000244625
HGNC:50732	ENSG00000231231
HGNC:50733	ENSG00000233997
HGNC:50734	ENSG00000234380
HGNC:50736	ENSG00000230753
HGNC:50737	ENSG00000225321
HGNC:50738	ENSG00000228888
HGNC:50741	ENSG00000227964
HGNC:50743	ENSG00000285230
HGNC:50744	ENSG00000232645
HGNC:50745	ENSG00000234435
HGNC:50746	ENSG00000230176
HGNC:50747	ENSG00000229560
HGNC:50748	ENSG00000253292
HGNC:50749	ENSG00000270395
HGNC:50750	ENSG00000221817
HGNC:50752	ENSG00000226046
HGNC:50753	ENSG00000229981
HGNC:50754	ENSG00000231106
HGNC:50757	ENSG00000249519
HGNC:50758	ENSG00000230061
HGNC:50762	ENSG00000235166
HGNC:50763	ENSG00000224008
HGNC:50764	ENSG00000227510
HGNC:50767	ENSG00000214897
HGNC:50768	ENSG00000266554
HGNC:50769	ENSG00000264301
HGNC:50770	ENSG00000224223
HGNC:50771	ENSG00000231427
HGNC:50772	ENSG00000235454
HGNC:50773	ENSG00000205628
HGNC:50774	ENSG00000271306
HGNC:50775	ENSG00000271194
HGNC:50776	ENSG00000270615
HGNC:50777	ENSG00000234304
HGNC:50779	ENSG00000223893
HGNC:50780	ENSG00000248295
HGNC:50781	ENSG00000270763
HGNC:50782	ENSG00000230196
HGNC:50783	ENSG00000236078
HGNC:50784	ENSG00000224547
HGNC:50785	ENSG00000232950
HGNC:50786	ENSG00000258799
HGNC:50787	ENSG00000258585
HGNC:50788	ENSG00000249025
HGNC:50790	ENSG00000238284
HGNC:50791	ENSG00000224017
HGNC:50792	ENSG00000232458
HGNC:50793	ENSG00000248711
HGNC:50794	ENSG00000257786
HGNC:50796	ENSG00000251482
HGNC:50797	ENSG00000228125
HGNC:50800	ENSG00000260596
HGNC:50801	ENSG00000276164
HGNC:50802	ENSG00000275610
HGNC:50803	ENSG00000277274
HGNC:50804	ENSG00000276964
HGNC:50805	ENSG00000274599
HGNC:50806	ENSG00000280337
HGNC:50807	ENSG00000236138
HGNC:50808	ENSG00000258794
HGNC:50809	ENSG00000259922
HGNC:50823	ENSG00000246115
HGNC:50824	ENSG00000231264
HGNC:50826	ENSG00000266053
HGNC:50827	ENSG00000270332
HGNC:50838	ENSG00000277014
HGNC:50839	ENSG00000216191
HGNC:50846	ENSG00000225882
HGNC:50847	ENSG00000236289
HGNC:50850	ENSG00000214998
HGNC:50851	ENSG00000249616
HGNC:50852	ENSG00000265836
HGNC:50853	ENSG00000258112
HGNC:50854	ENSG00000251433
HGNC:50855	ENSG00000248283
HGNC:50856	ENSG00000250013
HGNC:50857	ENSG00000226066
HGNC:50858	ENSG00000205334
HGNC:50860	ENSG00000262904
HGNC:50861	ENSG00000241570
HGNC:50862	ENSG00000235244
HGNC:50863	ENSG00000229335
HGNC:50864	ENSG00000249599
HGNC:50865	ENSG00000255420
HGNC:50866	ENSG00000236548
HGNC:50867	ENSG00000229828
HGNC:50873	ENSG00000200138
HGNC:50874	ENSG00000200629
HGNC:50875	ENSG00000201121
HGNC:50876	ENSG00000201900
HGNC:50877	ENSG00000207155
HGNC:50878	ENSG00000222351
HGNC:50879	ENSG00000199933
HGNC:50882	ENSG00000201649
HGNC:50884	ENSG00000212418
HGNC:50885	ENSG00000252034
HGNC:50887	ENSG00000201023
HGNC:50888	ENSG00000202297
HGNC:50889	ENSG00000202412
HGNC:50890	ENSG00000252106
HGNC:50891	ENSG00000252147
HGNC:50893	ENSG00000207036
HGNC:50896	ENSG00000277661
HGNC:50911	ENSG00000258977
HGNC:50913	ENSG00000231131
HGNC:5099	ENSG00000105991
HGNC:51	ENSG00000103222
HGNC:5100	ENSG00000253293
HGNC:5101	ENSG00000005073
HGNC:5102	ENSG00000106031
HGNC:5103	ENSG00000105996
HGNC:5104	ENSG00000105997
HGNC:5105	ENSG00000197576
HGNC:5106	ENSG00000106004
HGNC:5107	ENSG00000106006
HGNC:5108	ENSG00000122592
HGNC:5109	ENSG00000078399
HGNC:511	ENSG00000226421
HGNC:51103	ENSG00000235092
HGNC:51104	ENSG00000261738
HGNC:51105	ENSG00000249484
HGNC:51106	ENSG00000239921
HGNC:51107	ENSG00000240562
HGNC:51108	ENSG00000244300
HGNC:51109	ENSG00000237877
HGNC:5111	ENSG00000120094
HGNC:51110	ENSG00000248445
HGNC:51111	ENSG00000236849
HGNC:51112	ENSG00000263627
HGNC:51113	ENSG00000257582
HGNC:51114	ENSG00000261656
HGNC:51115	ENSG00000266729
HGNC:51116	ENSG00000265888
HGNC:51117	ENSG00000265313
HGNC:51118	ENSG00000239322
HGNC:51119	ENSG00000261715
HGNC:5112	ENSG00000159184
HGNC:51120	ENSG00000248332
HGNC:51121	ENSG00000267337
HGNC:51122	ENSG00000277899
HGNC:51123	ENSG00000255772
HGNC:51124	ENSG00000270164
HGNC:51125	ENSG00000267097
HGNC:51126	ENSG00000257815
HGNC:51128	ENSG00000267659
HGNC:51129	ENSG00000232504
HGNC:5113	ENSG00000173917
HGNC:51130	ENSG00000227517
HGNC:51131	ENSG00000270269
HGNC:51132	ENSG00000258159
HGNC:51134	ENSG00000271098
HGNC:51136	ENSG00000253686
HGNC:51137	ENSG00000256560
HGNC:51138	ENSG00000254211
HGNC:51139	ENSG00000241336
HGNC:5114	ENSG00000120093
HGNC:51140	ENSG00000256508
HGNC:51142	ENSG00000258285
HGNC:51143	ENSG00000256751
HGNC:51145	ENSG00000255727
HGNC:51146	ENSG00000257741
HGNC:51147	ENSG00000254508
HGNC:51148	ENSG00000259572
HGNC:51149	ENSG00000225564
HGNC:5115	ENSG00000182742
HGNC:51150	ENSG00000254562
HGNC:51151	ENSG00000254784
HGNC:51152	ENSG00000228135
HGNC:51153	ENSG00000228878
HGNC:5116	ENSG00000120075
HGNC:51160	ENSG00000269486
HGNC:51161	ENSG00000255323
HGNC:51162	ENSG00000234766
HGNC:51163	ENSG00000237560
HGNC:51164	ENSG00000247213
HGNC:51165	ENSG00000255171
HGNC:51166	ENSG00000258583
HGNC:5117	ENSG00000108511
HGNC:51174	ENSG00000255145
HGNC:51175	ENSG00000229105
HGNC:51176	ENSG00000275549
HGNC:51177	ENSG00000260448
HGNC:51178	ENSG00000260034
HGNC:51179	ENSG00000270876
HGNC:5118	ENSG00000260027
HGNC:51180	ENSG00000206113
HGNC:51181	ENSG00000263586
HGNC:51182	ENSG00000234665
HGNC:51183	ENSG00000237339
HGNC:51184	ENSG00000233901
HGNC:51185	ENSG00000225434
HGNC:51186	ENSG00000234323
HGNC:51187	ENSG00000234506
HGNC:51188	ENSG00000203321
HGNC:51189	ENSG00000230945
HGNC:5119	ENSG00000120068
HGNC:51190	ENSG00000231107
HGNC:51191	ENSG00000225376
HGNC:51192	ENSG00000237886
HGNC:51193	ENSG00000226825
HGNC:51194	ENSG00000277631
HGNC:51195	ENSG00000231943
HGNC:51196	ENSG00000231210
HGNC:51197	ENSG00000232104
HGNC:51198	ENSG00000234855
HGNC:51199	ENSG00000278090
HGNC:512	ENSG00000213332
HGNC:5120	ENSG00000170689
HGNC:51200	ENSG00000250584
HGNC:51203	ENSG00000254338
HGNC:51204	ENSG00000225484
HGNC:51205	ENSG00000234452
HGNC:51206	ENSG00000232913
HGNC:51207	ENSG00000237579
HGNC:51208	ENSG00000270973
HGNC:51209	ENSG00000237233
HGNC:51210	ENSG00000228065
HGNC:51211	ENSG00000231422
HGNC:51212	ENSG00000232624
HGNC:51213	ENSG00000236467
HGNC:51214	ENSG00000225497
HGNC:51215	ENSG00000225652
HGNC:51216	ENSG00000233515
HGNC:51217	ENSG00000237267
HGNC:51218	ENSG00000230962
HGNC:51219	ENSG00000224597
HGNC:5122	ENSG00000180818
HGNC:51220	ENSG00000235470
HGNC:51222	ENSG00000225377
HGNC:51223	ENSG00000232907
HGNC:51224	ENSG00000237423
HGNC:51225	ENSG00000229522
HGNC:51226	ENSG00000277449
HGNC:51227	ENSG00000259456
HGNC:51228	ENSG00000234948
HGNC:51229	ENSG00000237914
HGNC:5123	ENSG00000123388
HGNC:51230	ENSG00000278719
HGNC:51231	ENSG00000232712
HGNC:51232	ENSG00000227431
HGNC:51234	ENSG00000274764
HGNC:51235	ENSG00000277058
HGNC:51236	ENSG00000277288
HGNC:51237	ENSG00000288675
HGNC:51238	ENSG00000278615
HGNC:51239	ENSG00000179240
HGNC:5124	ENSG00000123407
HGNC:51240	ENSG00000278522
HGNC:51241	ENSG00000281991
HGNC:51242	ENSG00000268320
HGNC:51243	ENSG00000238200
HGNC:51244	ENSG00000233861
HGNC:51245	ENSG00000273513
HGNC:51246	ENSG00000274512
HGNC:51247	ENSG00000274658
HGNC:51248	ENSG00000275763
HGNC:51249	ENSG00000269855
HGNC:5125	ENSG00000123364
HGNC:51250	ENSG00000182329
HGNC:51251	ENSG00000286095
HGNC:51252	ENSG00000225940
HGNC:51253	ENSG00000239642
HGNC:51256	ENSG00000275356
HGNC:51257	ENSG00000281887
HGNC:51258	ENSG00000274443
HGNC:51259	ENSG00000234469
HGNC:5126	ENSG00000198353
HGNC:51260	ENSG00000273696
HGNC:51261	ENSG00000278085
HGNC:51262	ENSG00000270946
HGNC:51263	ENSG00000269586
HGNC:51264	ENSG00000235202
HGNC:51265	ENSG00000224995
HGNC:51266	ENSG00000224308
HGNC:51268	ENSG00000225872
HGNC:51269	ENSG00000225964
HGNC:5127	ENSG00000172789
HGNC:51270	ENSG00000205786
HGNC:51271	ENSG00000267858
HGNC:51272	ENSG00000267014
HGNC:51273	ENSG00000236144
HGNC:51274	ENSG00000267779
HGNC:51275	ENSG00000233527
HGNC:51277	ENSG00000213644
HGNC:51278	ENSG00000235368
HGNC:51279	ENSG00000232491
HGNC:5128	ENSG00000197757
HGNC:51280	ENSG00000234312
HGNC:51281	ENSG00000225975
HGNC:51282	ENSG00000226686
HGNC:51284	ENSG00000269352
HGNC:51285	ENSG00000268095
HGNC:5129	ENSG00000037965
HGNC:51290	ENSG00000282851
HGNC:51295	ENSG00000260762
HGNC:513	ENSG00000218180
HGNC:5130	ENSG00000180806
HGNC:51300	ENSG00000233026
HGNC:51301	ENSG00000227467
HGNC:51302	ENSG00000229948
HGNC:51303	ENSG00000266916
HGNC:51304	ENSG00000269793
HGNC:51305	ENSG00000269834
HGNC:51306	ENSG00000266952
HGNC:51307	ENSG00000267712
HGNC:51308	ENSG00000266835
HGNC:51309	ENSG00000260676
HGNC:51310	ENSG00000263862
HGNC:51311	ENSG00000264859
HGNC:51312	ENSG00000260440
HGNC:51313	ENSG00000261053
HGNC:51314	ENSG00000249229
HGNC:51315	ENSG00000218725
HGNC:51316	ENSG00000229946
HGNC:51317	ENSG00000251237
HGNC:51318	ENSG00000271328
HGNC:51319	ENSG00000248883
HGNC:5132	ENSG00000128645
HGNC:51320	ENSG00000264707
HGNC:51321	ENSG00000264745
HGNC:51323	ENSG00000261217
HGNC:51324	ENSG00000260047
HGNC:51325	ENSG00000258397
HGNC:51326	ENSG00000258771
HGNC:51327	ENSG00000248530
HGNC:51328	ENSG00000249238
HGNC:51329	ENSG00000248966
HGNC:5133	ENSG00000128710
HGNC:51330	ENSG00000219669
HGNC:51331	ENSG00000205716
HGNC:51333	ENSG00000179412
HGNC:51334	ENSG00000231789
HGNC:51335	ENSG00000203356
HGNC:51336	ENSG00000230162
HGNC:51337	ENSG00000198022
HGNC:51338	ENSG00000277486
HGNC:51339	ENSG00000224539
HGNC:5134	ENSG00000128713
HGNC:51340	ENSG00000233098
HGNC:51341	ENSG00000234494
HGNC:51342	ENSG00000215067
HGNC:51343	ENSG00000236819
HGNC:51344	ENSG00000267750
HGNC:51345	ENSG00000264672
HGNC:51346	ENSG00000267302
HGNC:51347	ENSG00000264630
HGNC:51348	ENSG00000248817
HGNC:51349	ENSG00000250768
HGNC:5135	ENSG00000170178
HGNC:51350	ENSG00000221844
HGNC:51351	ENSG00000282921
HGNC:51352	ENSG00000204555
HGNC:51353	ENSG00000262235
HGNC:51354	ENSG00000285972
HGNC:51355	ENSG00000226209
HGNC:51356	ENSG00000227188
HGNC:51357	ENSG00000271378
HGNC:5136	ENSG00000128714
HGNC:51361	ENSG00000235899
HGNC:51362	ENSG00000230320
HGNC:51363	ENSG00000241134
HGNC:51364	ENSG00000260291
HGNC:51365	ENSG00000282842
HGNC:51366	ENSG00000232783
HGNC:51367	ENSG00000224310
HGNC:51368	ENSG00000245888
HGNC:51369	ENSG00000260886
HGNC:5137	ENSG00000128652
HGNC:51370	ENSG00000260442
HGNC:51371	ENSG00000258779
HGNC:51372	ENSG00000261971
HGNC:51373	ENSG00000258915
HGNC:51374	ENSG00000224346
HGNC:51375	ENSG00000121933
HGNC:5138	ENSG00000170166
HGNC:51380	ENSG00000262468
HGNC:51381	ENSG00000262686
HGNC:51382	ENSG00000260338
HGNC:51383	ENSG00000260281
HGNC:51384	ENSG00000260057
HGNC:51385	ENSG00000261008
HGNC:51386	ENSG00000260083
HGNC:51387	ENSG00000273963
HGNC:51388	ENSG00000248859
HGNC:5139	ENSG00000175879
HGNC:51391	ENSG00000233492
HGNC:5140	ENSG00000128709
HGNC:51408	ENSG00000268001
HGNC:51409	ENSG00000237978
HGNC:5141	ENSG00000257017
HGNC:51410	ENSG00000245534
HGNC:51411	ENSG00000259482
HGNC:51413	ENSG00000214432
HGNC:51414	ENSG00000258785
HGNC:51415	ENSG00000259724
HGNC:51416	ENSG00000259611
HGNC:51417	ENSG00000259446
HGNC:51418	ENSG00000259883
HGNC:51419	ENSG00000246740
HGNC:51420	ENSG00000259964
HGNC:51422	ENSG00000260469
HGNC:51423	ENSG00000259281
HGNC:51424	ENSG00000259343
HGNC:51425	ENSG00000259518
HGNC:51426	ENSG00000260477
HGNC:51427	ENSG00000236982
HGNC:51428	ENSG00000234201
HGNC:51430	ENSG00000259459
HGNC:51431	ENSG00000259430
HGNC:51432	ENSG00000245479
HGNC:51433	ENSG00000259736
HGNC:51434	ENSG00000249487
HGNC:51435	ENSG00000263460
HGNC:51436	ENSG00000215368
HGNC:51437	ENSG00000266575
HGNC:51438	ENSG00000271161
HGNC:51439	ENSG00000220771
HGNC:5144	ENSG00000121905
HGNC:51440	ENSG00000255469
HGNC:51441	ENSG00000267332
HGNC:51442	ENSG00000213630
HGNC:51443	ENSG00000223807
HGNC:51444	ENSG00000251667
HGNC:51445	ENSG00000254736
HGNC:51446	ENSG00000249908
HGNC:51447	ENSG00000271209
HGNC:51448	ENSG00000259764
HGNC:51449	ENSG00000234764
HGNC:5145	ENSG00000115756
HGNC:51450	ENSG00000224688
HGNC:51451	ENSG00000226885
HGNC:51452	ENSG00000231513
HGNC:51453	ENSG00000213261
HGNC:51454	ENSG00000213055
HGNC:51455	ENSG00000230497
HGNC:51456	ENSG00000229280
HGNC:51457	ENSG00000263883
HGNC:51458	ENSG00000236607
HGNC:51459	ENSG00000236307
HGNC:51460	ENSG00000266181
HGNC:51461	ENSG00000244199
HGNC:51462	ENSG00000232968
HGNC:51463	ENSG00000214366
HGNC:51464	ENSG00000244157
HGNC:51465	ENSG00000215319
HGNC:51466	ENSG00000275800
HGNC:51467	ENSG00000260576
HGNC:51468	ENSG00000273640
HGNC:5147	ENSG00000158104
HGNC:51470	ENSG00000253826
HGNC:51471	ENSG00000267792
HGNC:51472	ENSG00000271530
HGNC:51473	ENSG00000277357
HGNC:51482	ENSG00000269136
HGNC:51483	ENSG00000263715
HGNC:51484	ENSG00000230596
HGNC:51487	ENSG00000277758
HGNC:51488	ENSG00000226926
HGNC:51489	ENSG00000237408
HGNC:51490	ENSG00000232724
HGNC:51491	ENSG00000172900
HGNC:51495	ENSG00000259904
HGNC:51496	ENSG00000260298
HGNC:51497	ENSG00000259315
HGNC:51498	ENSG00000218475
HGNC:51499	ENSG00000237999
HGNC:51500	ENSG00000241547
HGNC:51501	ENSG00000232672
HGNC:51502	ENSG00000271615
HGNC:51503	ENSG00000230362
HGNC:51504	ENSG00000282301
HGNC:51505	ENSG00000232517
HGNC:51506	ENSG00000274570
HGNC:51507	ENSG00000275976
HGNC:51508	ENSG00000184616
HGNC:51509	ENSG00000286038
HGNC:51510	ENSG00000286137
HGNC:51511	ENSG00000286014
HGNC:51512	ENSG00000185040
HGNC:51513	ENSG00000186645
HGNC:51514	ENSG00000205482
HGNC:51515	ENSG00000275328
HGNC:51516	ENSG00000277327
HGNC:51517	ENSG00000230358
HGNC:51518	ENSG00000266537
HGNC:51520	ENSG00000238120
HGNC:51523	ENSG00000284842
HGNC:51525	ENSG00000261390
HGNC:51526	ENSG00000215458
HGNC:51527	ENSG00000254025
HGNC:51528	ENSG00000215909
HGNC:51529	ENSG00000258290
HGNC:51530	ENSG00000232841
HGNC:51531	ENSG00000227541
HGNC:51532	ENSG00000223707
HGNC:51533	ENSG00000227597
HGNC:51534	ENSG00000266402
HGNC:51536	ENSG00000275048
HGNC:51537	ENSG00000274973
HGNC:51538	ENSG00000277508
HGNC:51539	ENSG00000229627
HGNC:5154	ENSG00000164120
HGNC:51540	ENSG00000257675
HGNC:51541	ENSG00000219433
HGNC:51542	ENSG00000229106
HGNC:51543	ENSG00000235334
HGNC:51544	ENSG00000248156
HGNC:51545	ENSG00000284688
HGNC:51547	ENSG00000225400
HGNC:51548	ENSG00000276894
HGNC:51549	ENSG00000227593
HGNC:5155	ENSG00000105707
HGNC:51550	ENSG00000254407
HGNC:51551	ENSG00000257885
HGNC:51552	ENSG00000257246
HGNC:51553	ENSG00000271072
HGNC:51554	ENSG00000260326
HGNC:51555	ENSG00000254349
HGNC:51556	ENSG00000232600
HGNC:51557	ENSG00000253658
HGNC:51558	ENSG00000253320
HGNC:51559	ENSG00000227968
HGNC:5156	ENSG00000261701
HGNC:51560	ENSG00000270689
HGNC:51561	ENSG00000253684
HGNC:51562	ENSG00000229661
HGNC:51567	ENSG00000249777
HGNC:51568	ENSG00000223873
HGNC:51569	ENSG00000230697
HGNC:5157	ENSG00000165704
HGNC:51571	ENSG00000265279
HGNC:51573	ENSG00000258278
HGNC:51574	ENSG00000282511
HGNC:51575	ENSG00000261914
HGNC:51576	ENSG00000224980
HGNC:51577	ENSG00000262959
HGNC:51578	ENSG00000232938
HGNC:51579	ENSG00000271153
HGNC:51580	ENSG00000234493
HGNC:51582	ENSG00000258545
HGNC:51583	ENSG00000231221
HGNC:51584	ENSG00000225328
HGNC:51585	ENSG00000269420
HGNC:51586	ENSG00000259108
HGNC:51587	ENSG00000269656
HGNC:51588	ENSG00000269806
HGNC:51589	ENSG00000273372
HGNC:51590	ENSG00000245685
HGNC:51591	ENSG00000250666
HGNC:51592	ENSG00000241933
HGNC:51593	ENSG00000272146
HGNC:51594	ENSG00000205611
HGNC:51595	ENSG00000261209
HGNC:51596	ENSG00000236877
HGNC:51597	ENSG00000231934
HGNC:51598	ENSG00000271284
HGNC:51599	ENSG00000278709
HGNC:5160	ENSG00000250587
HGNC:51603	ENSG00000232775
HGNC:51604	ENSG00000283101
HGNC:51605	ENSG00000279626
HGNC:51606	ENSG00000237635
HGNC:51607	ENSG00000177736
HGNC:51608	ENSG00000249286
HGNC:51609	ENSG00000215124
HGNC:5161	ENSG00000256752
HGNC:51610	ENSG00000260552
HGNC:51611	ENSG00000282850
HGNC:51612	ENSG00000282933
HGNC:51613	ENSG00000254965
HGNC:51614	ENSG00000257818
HGNC:51615	ENSG00000251435
HGNC:51616	ENSG00000253544
HGNC:51617	ENSG00000223658
HGNC:51618	ENSG00000213409
HGNC:51620	ENSG00000225100
HGNC:51621	ENSG00000229890
HGNC:51622	ENSG00000251644
HGNC:51623	ENSG00000227875
HGNC:51624	ENSG00000271415
HGNC:51625	ENSG00000260965
HGNC:51627	ENSG00000270723
HGNC:51628	ENSG00000232873
HGNC:51629	ENSG00000248439
HGNC:5163	ENSG00000107521
HGNC:51630	ENSG00000236848
HGNC:51631	ENSG00000250752
HGNC:51632	ENSG00000260615
HGNC:51634	ENSG00000205293
HGNC:51639	ENSG00000249073
HGNC:5164	ENSG00000173083
HGNC:51641	ENSG00000251303
HGNC:51642	ENSG00000267028
HGNC:51643	ENSG00000267402
HGNC:51645	ENSG00000260930
HGNC:51646	ENSG00000228118
HGNC:51647	ENSG00000228380
HGNC:51648	ENSG00000254387
HGNC:51649	ENSG00000260490
HGNC:51650	ENSG00000227765
HGNC:51652	ENSG00000253479
HGNC:51653	ENSG00000253716
HGNC:51654	ENSG00000253161
HGNC:51655	ENSG00000249898
HGNC:51656	ENSG00000253301
HGNC:51657	ENSG00000253549
HGNC:51658	ENSG00000250295
HGNC:51659	ENSG00000254266
HGNC:51660	ENSG00000272138
HGNC:51661	ENSG00000246263
HGNC:51662	ENSG00000253877
HGNC:51663	ENSG00000253103
HGNC:51665	ENSG00000275871
HGNC:51676	ENSG00000237643
HGNC:51677	ENSG00000226321
HGNC:51678	ENSG00000256614
HGNC:51679	ENSG00000257173
HGNC:51685	ENSG00000231523
HGNC:51686	ENSG00000244528
HGNC:51687	ENSG00000226008
HGNC:51688	ENSG00000251155
HGNC:51689	ENSG00000250765
HGNC:51690	ENSG00000217929
HGNC:51692	ENSG00000255464
HGNC:51694	ENSG00000259125
HGNC:51695	ENSG00000274572
HGNC:51696	ENSG00000255293
HGNC:51699	ENSG00000235748
HGNC:51700	ENSG00000224813
HGNC:51703	ENSG00000274886
HGNC:51707	ENSG00000281379
HGNC:51708	ENSG00000248792
HGNC:51709	ENSG00000228786
HGNC:5171	ENSG00000110169
HGNC:51710	ENSG00000231299
HGNC:51712	ENSG00000231512
HGNC:51714	ENSG00000233954
HGNC:51715	ENSG00000279968
HGNC:51716	ENSG00000233369
HGNC:51717	ENSG00000224316
HGNC:51718	ENSG00000266736
HGNC:51719	ENSG00000276318
HGNC:5172	ENSG00000168453
HGNC:51720	ENSG00000227038
HGNC:51721	ENSG00000251451
HGNC:51723	ENSG00000283050
HGNC:51724	ENSG00000255199
HGNC:51725	ENSG00000272556
HGNC:51726	ENSG00000226002
HGNC:5173	ENSG00000174775
HGNC:51732	ENSG00000272645
HGNC:51734	ENSG00000259095
HGNC:51735	ENSG00000230295
HGNC:51736	ENSG00000281347
HGNC:51737	ENSG00000277529
HGNC:51738	ENSG00000278184
HGNC:51739	ENSG00000258360
HGNC:5174	ENSG00000187682
HGNC:51740	ENSG00000260994
HGNC:51741	ENSG00000260680
HGNC:51742	ENSG00000260153
HGNC:51743	ENSG00000283123
HGNC:51744	ENSG00000259836
HGNC:51745	ENSG00000261752
HGNC:51746	ENSG00000260427
HGNC:51747	ENSG00000282968
HGNC:5175	ENSG00000173744
HGNC:51751	ENSG00000282949
HGNC:51754	ENSG00000283005
HGNC:5176	ENSG00000111615
HGNC:51762	ENSG00000282826
HGNC:51763	ENSG00000282870
HGNC:51764	ENSG00000282995
HGNC:51765	ENSG00000283047
HGNC:51766	ENSG00000283023
HGNC:51767	ENSG00000276291
HGNC:51768	ENSG00000215548
HGNC:51769	ENSG00000280286
HGNC:5177	ENSG00000106351
HGNC:51770	ENSG00000231411
HGNC:51771	ENSG00000283069
HGNC:51772	ENSG00000282935
HGNC:51773	ENSG00000282911
HGNC:51775	ENSG00000283020
HGNC:5178	ENSG00000130528
HGNC:51783	ENSG00000261440
HGNC:51784	ENSG00000259987
HGNC:51785	ENSG00000260207
HGNC:51788	ENSG00000232815
HGNC:51789	ENSG00000282894
HGNC:51790	ENSG00000283443
HGNC:51791	ENSG00000231776
HGNC:51793	ENSG00000283039
HGNC:51794	ENSG00000260846
HGNC:51795	ENSG00000260598
HGNC:51796	ENSG00000259897
HGNC:51797	ENSG00000261741
HGNC:51798	ENSG00000267704
HGNC:51799	ENSG00000275170
HGNC:51800	ENSG00000261046
HGNC:51801	ENSG00000260341
HGNC:51802	ENSG00000261299
HGNC:51803	ENSG00000260480
HGNC:51805	ENSG00000260809
HGNC:51806	ENSG00000278138
HGNC:51807	ENSG00000279800
HGNC:51808	ENSG00000260746
HGNC:51809	ENSG00000260134
HGNC:5181	ENSG00000113905
HGNC:51810	ENSG00000250482
HGNC:51811	ENSG00000258336
HGNC:51812	ENSG00000270222
HGNC:51815	ENSG00000283755
HGNC:51816	ENSG00000275034
HGNC:51817	ENSG00000278848
HGNC:51818	ENSG00000261274
HGNC:51819	ENSG00000269622
HGNC:5182	ENSG00000196639
HGNC:51820	ENSG00000229849
HGNC:51821	ENSG00000229647
HGNC:51822	ENSG00000264954
HGNC:51823	ENSG00000254672
HGNC:51824	ENSG00000228277
HGNC:51825	ENSG00000255364
HGNC:51826	ENSG00000214978
HGNC:5183	ENSG00000113749
HGNC:51831	ENSG00000269433
HGNC:51832	ENSG00000236785
HGNC:51833	ENSG00000277213
HGNC:51834	ENSG00000234276
HGNC:51835	ENSG00000273849
HGNC:51836	ENSG00000278122
HGNC:51837	ENSG00000250266
HGNC:51838	ENSG00000258099
HGNC:5184	ENSG00000101180
HGNC:51842	ENSG00000261432
HGNC:51844	ENSG00000236663
HGNC:51845	ENSG00000196634
HGNC:51847	ENSG00000230838
HGNC:51848	ENSG00000214581
HGNC:51849	ENSG00000228983
HGNC:5185	ENSG00000135116
HGNC:5186	ENSG00000160310
HGNC:5187	ENSG00000126457
HGNC:5188	ENSG00000111218
HGNC:51890	ENSG00000274178
HGNC:51891	ENSG00000234064
HGNC:51892	ENSG00000231103
HGNC:51893	ENSG00000250894
HGNC:51894	ENSG00000231219
HGNC:51895	ENSG00000277862
HGNC:51896	ENSG00000236179
HGNC:51897	ENSG00000229978
HGNC:51898	ENSG00000223485
HGNC:51899	ENSG00000234409
HGNC:51900	ENSG00000261340
HGNC:51903	ENSG00000257557
HGNC:51904	ENSG00000250290
HGNC:51905	ENSG00000259749
HGNC:51906	ENSG00000276940
HGNC:51907	ENSG00000255239
HGNC:51909	ENSG00000214646
HGNC:51910	ENSG00000214702
HGNC:51913	ENSG00000228526
HGNC:51914	ENSG00000223683
HGNC:51915	ENSG00000278589
HGNC:51916	ENSG00000266943
HGNC:51917	ENSG00000250261
HGNC:51918	ENSG00000266858
HGNC:51919	ENSG00000229568
HGNC:5192	ENSG00000114315
HGNC:51920	ENSG00000279990
HGNC:51921	ENSG00000224769
HGNC:51922	ENSG00000233487
HGNC:51923	ENSG00000250327
HGNC:51924	ENSG00000254256
HGNC:51925	ENSG00000219361
HGNC:51926	ENSG00000274319
HGNC:51927	ENSG00000224295
HGNC:51928	ENSG00000253621
HGNC:51929	ENSG00000270954
HGNC:5193	ENSG00000153936
HGNC:51930	ENSG00000235332
HGNC:51931	ENSG00000213262
HGNC:51932	ENSG00000234682
HGNC:51933	ENSG00000228217
HGNC:51934	ENSG00000237008
HGNC:51935	ENSG00000271266
HGNC:51936	ENSG00000172746
HGNC:51937	ENSG00000233940
HGNC:51938	ENSG00000255903
HGNC:51939	ENSG00000219222
HGNC:5194	ENSG00000002587
HGNC:51940	ENSG00000270865
HGNC:51941	ENSG00000230180
HGNC:51942	ENSG00000270916
HGNC:51943	ENSG00000232864
HGNC:51944	ENSG00000253522
HGNC:51945	ENSG00000262454
HGNC:51946	ENSG00000229719
HGNC:51947	ENSG00000258762
HGNC:51948	ENSG00000262322
HGNC:51949	ENSG00000270906
HGNC:5195	ENSG00000122254
HGNC:51951	ENSG00000259379
HGNC:51952	ENSG00000261904
HGNC:51953	ENSG00000260147
HGNC:51954	ENSG00000258923
HGNC:51959	ENSG00000259593
HGNC:5196	ENSG00000153976
HGNC:51960	ENSG00000238236
HGNC:51961	ENSG00000233285
HGNC:51962	ENSG00000224288
HGNC:51963	ENSG00000226313
HGNC:51964	ENSG00000227789
HGNC:51965	ENSG00000233550
HGNC:51966	ENSG00000229935
HGNC:51967	ENSG00000234671
HGNC:51968	ENSG00000232154
HGNC:51969	ENSG00000251385
HGNC:51970	ENSG00000249247
HGNC:51971	ENSG00000253504
HGNC:51972	ENSG00000253685
HGNC:51973	ENSG00000254118
HGNC:51974	ENSG00000230605
HGNC:51975	ENSG00000266529
HGNC:51976	ENSG00000244921
HGNC:51977	ENSG00000224747
HGNC:51978	ENSG00000270230
HGNC:51979	ENSG00000270232
HGNC:5198	ENSG00000125430
HGNC:51980	ENSG00000259671
HGNC:51982	ENSG00000232922
HGNC:51983	ENSG00000236232
HGNC:51984	ENSG00000255316
HGNC:51988	ENSG00000283311
HGNC:51993	ENSG00000259012
HGNC:51994	ENSG00000260161
HGNC:51995	ENSG00000224880
HGNC:51997	ENSG00000226579
HGNC:51999	ENSG00000267151
HGNC:52	ENSG00000124574
HGNC:5200	ENSG00000182601
HGNC:52000	ENSG00000245080
HGNC:52001	ENSG00000224184
HGNC:52002	ENSG00000251230
HGNC:52003	ENSG00000245832
HGNC:52004	ENSG00000257612
HGNC:52005	ENSG00000228590
HGNC:52006	ENSG00000224141
HGNC:52007	ENSG00000229401
HGNC:52008	ENSG00000240309
HGNC:52009	ENSG00000236211
HGNC:5201	ENSG00000136720
HGNC:52010	ENSG00000234700
HGNC:52011	ENSG00000251223
HGNC:52012	ENSG00000236692
HGNC:52013	ENSG00000224083
HGNC:52014	ENSG00000237973
HGNC:52016	ENSG00000232551
HGNC:52017	ENSG00000255350
HGNC:52019	ENSG00000223619
HGNC:52020	ENSG00000237910
HGNC:52021	ENSG00000237300
HGNC:52022	ENSG00000240951
HGNC:52023	ENSG00000230496
HGNC:52024	ENSG00000234234
HGNC:52025	ENSG00000249386
HGNC:52026	ENSG00000284291
HGNC:52027	ENSG00000235917
HGNC:52028	ENSG00000229344
HGNC:5203	ENSG00000230989
HGNC:52031	ENSG00000255417
HGNC:52032	ENSG00000234842
HGNC:52033	ENSG00000233888
HGNC:52034	ENSG00000234480
HGNC:52035	ENSG00000237628
HGNC:52037	ENSG00000249997
HGNC:52038	ENSG00000233385
HGNC:52039	ENSG00000249698
HGNC:52040	ENSG00000231537
HGNC:52041	ENSG00000237711
HGNC:52042	ENSG00000198744
HGNC:52043	ENSG00000264316
HGNC:52045	ENSG00000254895
HGNC:52046	ENSG00000227736
HGNC:52047	ENSG00000237542
HGNC:52048	ENSG00000227661
HGNC:52049	ENSG00000224471
HGNC:52050	ENSG00000225595
HGNC:52051	ENSG00000227508
HGNC:52052	ENSG00000238099
HGNC:52053	ENSG00000225683
HGNC:52055	ENSG00000272142
HGNC:52056	ENSG00000283626
HGNC:52057	ENSG00000228097
HGNC:52058	ENSG00000229842
HGNC:52059	ENSG00000233449
HGNC:52060	ENSG00000254931
HGNC:52061	ENSG00000224299
HGNC:52062	ENSG00000235433
HGNC:52063	ENSG00000227035
HGNC:52064	ENSG00000228316
HGNC:52069	ENSG00000253828
HGNC:52070	ENSG00000230130
HGNC:52072	ENSG00000259626
HGNC:52073	ENSG00000263196
HGNC:52075	ENSG00000283940
HGNC:52076	ENSG00000224590
HGNC:52077	ENSG00000233134
HGNC:52078	ENSG00000283865
HGNC:52079	ENSG00000228851
HGNC:5208	ENSG00000117594
HGNC:52081	ENSG00000271480
HGNC:52083	ENSG00000232752
HGNC:52084	ENSG00000236483
HGNC:52085	ENSG00000233764
HGNC:52086	ENSG00000226960
HGNC:52087	ENSG00000271207
HGNC:52088	ENSG00000235524
HGNC:52089	ENSG00000249448
HGNC:5209	ENSG00000176387
HGNC:52090	ENSG00000229031
HGNC:52092	ENSG00000232579
HGNC:52093	ENSG00000262118
HGNC:52094	ENSG00000240452
HGNC:52095	ENSG00000248729
HGNC:52096	ENSG00000251476
HGNC:5210	ENSG00000108786
HGNC:52100	ENSG00000250630
HGNC:52103	ENSG00000283174
HGNC:52104	ENSG00000224254
HGNC:52105	ENSG00000262902
HGNC:52107	ENSG00000230327
HGNC:52108	ENSG00000228898
HGNC:52109	ENSG00000227149
HGNC:5211	ENSG00000086696
HGNC:52110	ENSG00000232982
HGNC:52111	ENSG00000236007
HGNC:52112	ENSG00000254241
HGNC:52113	ENSG00000237055
HGNC:52114	ENSG00000253916
HGNC:52116	ENSG00000232981
HGNC:52117	ENSG00000229760
HGNC:52118	ENSG00000230916
HGNC:52119	ENSG00000233311
HGNC:5212	ENSG00000130948
HGNC:52120	ENSG00000241926
HGNC:52121	ENSG00000220340
HGNC:52122	ENSG00000225557
HGNC:52123	ENSG00000225476
HGNC:52124	ENSG00000231766
HGNC:52125	ENSG00000270388
HGNC:52126	ENSG00000259651
HGNC:52127	ENSG00000262158
HGNC:5213	ENSG00000133835
HGNC:52130	ENSG00000251430
HGNC:52131	ENSG00000248328
HGNC:52132	ENSG00000228069
HGNC:52133	ENSG00000229080
HGNC:52134	ENSG00000217044
HGNC:52138	ENSG00000242836
HGNC:52141	ENSG00000242456
HGNC:52142	ENSG00000268736
HGNC:52143	ENSG00000228046
HGNC:52144	ENSG00000237466
HGNC:52145	ENSG00000268391
HGNC:52146	ENSG00000227788
HGNC:52147	ENSG00000248654
HGNC:52148	ENSG00000232128
HGNC:52149	ENSG00000231576
HGNC:5215	ENSG00000132196
HGNC:52150	ENSG00000236689
HGNC:52151	ENSG00000270225
HGNC:52152	ENSG00000235803
HGNC:52153	ENSG00000249990
HGNC:52154	ENSG00000230654
HGNC:52156	ENSG00000230321
HGNC:52158	ENSG00000243257
HGNC:52159	ENSG00000250808
HGNC:5216	ENSG00000108785
HGNC:52160	ENSG00000217160
HGNC:52161	ENSG00000248951
HGNC:52162	ENSG00000217083
HGNC:52163	ENSG00000230872
HGNC:52164	ENSG00000242193
HGNC:52165	ENSG00000235761
HGNC:52166	ENSG00000220733
HGNC:52167	ENSG00000235794
HGNC:52168	ENSG00000248946
HGNC:52169	ENSG00000238288
HGNC:5217	ENSG00000203857
HGNC:52170	ENSG00000249045
HGNC:52171	ENSG00000248259
HGNC:52172	ENSG00000249192
HGNC:52173	ENSG00000227649
HGNC:52174	ENSG00000229794
HGNC:52175	ENSG00000262107
HGNC:52176	ENSG00000237948
HGNC:52177	ENSG00000226392
HGNC:52178	ENSG00000249580
HGNC:52179	ENSG00000230755
HGNC:5218	ENSG00000203859
HGNC:52180	ENSG00000262381
HGNC:52181	ENSG00000262095
HGNC:52182	ENSG00000236878
HGNC:52183	ENSG00000234003
HGNC:52185	ENSG00000226998
HGNC:52186	ENSG00000218776
HGNC:52187	ENSG00000232179
HGNC:5219	ENSG00000187481
HGNC:5220	ENSG00000203858
HGNC:52201	ENSG00000253051
HGNC:5221	ENSG00000249798
HGNC:52217	ENSG00000265733
HGNC:52218	ENSG00000288603
HGNC:5222	ENSG00000203855
HGNC:52228	ENSG00000207199
HGNC:5223	ENSG00000198857
HGNC:5224	ENSG00000185122
HGNC:5225	ENSG00000025156
HGNC:52256	ENSG00000228290
HGNC:52257	ENSG00000223765
HGNC:52258	ENSG00000224648
HGNC:52259	ENSG00000232688
HGNC:5226	ENSG00000160207
HGNC:52260	ENSG00000258602
HGNC:52261	ENSG00000226237
HGNC:52262	ENSG00000223745
HGNC:52263	ENSG00000269939
HGNC:52264	ENSG00000271710
HGNC:52265	ENSG00000217767
HGNC:52266	ENSG00000249074
HGNC:52267	ENSG00000251025
HGNC:52268	ENSG00000214628
HGNC:52269	ENSG00000271045
HGNC:5227	ENSG00000102878
HGNC:52270	ENSG00000236281
HGNC:52271	ENSG00000253994
HGNC:52272	ENSG00000260870
HGNC:52273	ENSG00000261624
HGNC:52274	ENSG00000241905
HGNC:52275	ENSG00000204791
HGNC:52276	ENSG00000259288
HGNC:52277	ENSG00000282815
HGNC:52278	ENSG00000282419
HGNC:52279	ENSG00000277200
HGNC:5228	ENSG00000135924
HGNC:52282	ENSG00000250103
HGNC:52284	ENSG00000261667
HGNC:52285	ENSG00000213225
HGNC:52286	ENSG00000217950
HGNC:52287	ENSG00000249035
HGNC:5229	ENSG00000086061
HGNC:52291	ENSG00000284505
HGNC:52292	ENSG00000284690
HGNC:52293	ENSG00000284395
HGNC:52294	ENSG00000259293
HGNC:52295	ENSG00000227115
HGNC:52296	ENSG00000227368
HGNC:52297	ENSG00000240045
HGNC:52298	ENSG00000269228
HGNC:52299	ENSG00000249851
HGNC:52300	ENSG00000234404
HGNC:52301	ENSG00000263241
HGNC:52302	ENSG00000237129
HGNC:52303	ENSG00000251340
HGNC:52304	ENSG00000216853
HGNC:52305	ENSG00000248765
HGNC:52306	ENSG00000226414
HGNC:52307	ENSG00000226341
HGNC:52308	ENSG00000248931
HGNC:52309	ENSG00000254650
HGNC:52310	ENSG00000228803
HGNC:52311	ENSG00000250624
HGNC:52312	ENSG00000248282
HGNC:52313	ENSG00000224338
HGNC:52314	ENSG00000283456
HGNC:52315	ENSG00000232975
HGNC:52316	ENSG00000232198
HGNC:52317	ENSG00000283131
HGNC:52318	ENSG00000283481
HGNC:5232	ENSG00000204389
HGNC:52321	ENSG00000283578
HGNC:52326	ENSG00000283879
HGNC:52329	ENSG00000277112
HGNC:5233	ENSG00000204388
HGNC:52330	ENSG00000237510
HGNC:52331	ENSG00000188383
HGNC:52332	ENSG00000171658
HGNC:52337	ENSG00000215589
HGNC:52339	ENSG00000235102
HGNC:5234	ENSG00000204390
HGNC:52340	ENSG00000250684
HGNC:52341	ENSG00000258369
HGNC:52342	ENSG00000238003
HGNC:52343	ENSG00000230076
HGNC:52344	ENSG00000254012
HGNC:52345	ENSG00000234040
HGNC:52346	ENSG00000258245
HGNC:52347	ENSG00000267119
HGNC:52348	ENSG00000225196
HGNC:52349	ENSG00000253995
HGNC:5235	ENSG00000126803
HGNC:52350	ENSG00000233609
HGNC:52351	ENSG00000219139
HGNC:52352	ENSG00000267190
HGNC:52353	ENSG00000269097
HGNC:52354	ENSG00000168129
HGNC:52355	ENSG00000216859
HGNC:52356	ENSG00000219095
HGNC:52357	ENSG00000270948
HGNC:52358	ENSG00000269615
HGNC:52359	ENSG00000268433
HGNC:52360	ENSG00000268535
HGNC:52361	ENSG00000269575
HGNC:52362	ENSG00000233717
HGNC:52363	ENSG00000268243
HGNC:52364	ENSG00000224279
HGNC:52365	ENSG00000276703
HGNC:52366	ENSG00000226470
HGNC:52368	ENSG00000271237
HGNC:52369	ENSG00000270986
HGNC:5237	ENSG00000170606
HGNC:52370	ENSG00000223928
HGNC:52371	ENSG00000226285
HGNC:52372	ENSG00000228291
HGNC:52373	ENSG00000231395
HGNC:52374	ENSG00000218996
HGNC:52375	ENSG00000270294
HGNC:52376	ENSG00000254843
HGNC:52377	ENSG00000180152
HGNC:52378	ENSG00000258536
HGNC:52379	ENSG00000269926
HGNC:5238	ENSG00000044574
HGNC:52381	ENSG00000274386
HGNC:52382	ENSG00000232113
HGNC:52383	ENSG00000264717
HGNC:52384	ENSG00000283071
HGNC:52385	ENSG00000263201
HGNC:52387	ENSG00000237524
HGNC:52388	ENSG00000235118
HGNC:5239	ENSG00000173110
HGNC:52390	ENSG00000283473
HGNC:52391	ENSG00000262179
HGNC:52392	ENSG00000272899
HGNC:52393	ENSG00000230601
HGNC:52395	ENSG00000283697
HGNC:52396	ENSG00000249514
HGNC:52397	ENSG00000270751
HGNC:52398	ENSG00000283463
HGNC:5240	ENSG00000225217
HGNC:52400	ENSG00000283607
HGNC:52401	ENSG00000256912
HGNC:52402	ENSG00000263503
HGNC:52403	ENSG00000249934
HGNC:52404	ENSG00000249245
HGNC:52405	ENSG00000249215
HGNC:52406	ENSG00000248208
HGNC:52407	ENSG00000257220
HGNC:52408	ENSG00000254213
HGNC:52409	ENSG00000253580
HGNC:5241	ENSG00000109971
HGNC:52410	ENSG00000275553
HGNC:52411	ENSG00000224584
HGNC:52412	ENSG00000228134
HGNC:52413	ENSG00000255855
HGNC:52414	ENSG00000217680
HGNC:52419	ENSG00000277199
HGNC:52420	ENSG00000260976
HGNC:52421	ENSG00000235295
HGNC:52422	ENSG00000228397
HGNC:52423	ENSG00000188280
HGNC:52424	ENSG00000237476
HGNC:52425	ENSG00000233521
HGNC:52426	ENSG00000236117
HGNC:52427	ENSG00000231253
HGNC:52428	ENSG00000234277
HGNC:52430	ENSG00000236052
HGNC:52431	ENSG00000218357
HGNC:52432	ENSG00000224968
HGNC:52433	ENSG00000232596
HGNC:52434	ENSG00000235643
HGNC:52435	ENSG00000233399
HGNC:52436	ENSG00000228127
HGNC:52437	ENSG00000230434
HGNC:52439	ENSG00000279920
HGNC:5244	ENSG00000113013
HGNC:52441	ENSG00000232100
HGNC:52442	ENSG00000261781
HGNC:52443	ENSG00000227925
HGNC:52444	ENSG00000232655
HGNC:52445	ENSG00000224718
HGNC:52446	ENSG00000178248
HGNC:52447	ENSG00000234928
HGNC:52448	ENSG00000274044
HGNC:52449	ENSG00000237460
HGNC:5245	ENSG00000234176
HGNC:52450	ENSG00000182824
HGNC:52451	ENSG00000276095
HGNC:52452	ENSG00000235478
HGNC:52453	ENSG00000235343
HGNC:52454	ENSG00000279579
HGNC:52455	ENSG00000280081
HGNC:52456	ENSG00000283051
HGNC:52458	ENSG00000279094
HGNC:52459	ENSG00000225431
HGNC:5246	ENSG00000106211
HGNC:52460	ENSG00000228750
HGNC:52461	ENSG00000234052
HGNC:52462	ENSG00000228159
HGNC:52463	ENSG00000234142
HGNC:52464	ENSG00000230768
HGNC:52465	ENSG00000233047
HGNC:52466	ENSG00000225331
HGNC:52467	ENSG00000233882
HGNC:52468	ENSG00000233985
HGNC:52469	ENSG00000237989
HGNC:5247	ENSG00000170276
HGNC:52470	ENSG00000227043
HGNC:52471	ENSG00000233480
HGNC:52472	ENSG00000237484
HGNC:52473	ENSG00000238063
HGNC:52474	ENSG00000233215
HGNC:52475	ENSG00000227181
HGNC:52476	ENSG00000224832
HGNC:52477	ENSG00000228961
HGNC:52478	ENSG00000227764
HGNC:52479	ENSG00000224857
HGNC:5248	ENSG00000169271
HGNC:52480	ENSG00000226983
HGNC:52481	ENSG00000233922
HGNC:52482	ENSG00000243485
HGNC:52483	ENSG00000236532
HGNC:52484	ENSG00000227940
HGNC:52485	ENSG00000232079
HGNC:52486	ENSG00000231648
HGNC:52487	ENSG00000179452
HGNC:52488	ENSG00000232837
HGNC:52489	ENSG00000232212
HGNC:5249	ENSG00000173641
HGNC:52490	ENSG00000235200
HGNC:52491	ENSG00000225518
HGNC:52492	ENSG00000231666
HGNC:52493	ENSG00000232679
HGNC:52494	ENSG00000224711
HGNC:52495	ENSG00000223883
HGNC:52496	ENSG00000224445
HGNC:52497	ENSG00000226715
HGNC:52498	ENSG00000225561
HGNC:52499	ENSG00000231364
HGNC:52500	ENSG00000228482
HGNC:52501	ENSG00000227634
HGNC:52502	ENSG00000229388
HGNC:52503	ENSG00000225657
HGNC:52504	ENSG00000232812
HGNC:52505	ENSG00000229606
HGNC:52506	ENSG00000233396
HGNC:52507	ENSG00000231175
HGNC:52508	ENSG00000230133
HGNC:52509	ENSG00000235407
HGNC:5251	ENSG00000236060
HGNC:52510	ENSG00000233048
HGNC:52511	ENSG00000234265
HGNC:52512	ENSG00000227421
HGNC:52513	ENSG00000233008
HGNC:52514	ENSG00000280350
HGNC:52515	ENSG00000279082
HGNC:52516	ENSG00000233277
HGNC:52517	ENSG00000225640
HGNC:52518	ENSG00000275491
HGNC:52519	ENSG00000234283
HGNC:5252	ENSG00000230216
HGNC:52520	ENSG00000237292
HGNC:52521	ENSG00000226203
HGNC:52522	ENSG00000230324
HGNC:52523	ENSG00000261453
HGNC:52524	ENSG00000228058
HGNC:52525	ENSG00000232964
HGNC:52526	ENSG00000227947
HGNC:52527	ENSG00000229537
HGNC:52528	ENSG00000228067
HGNC:52529	ENSG00000236720
HGNC:5253	ENSG00000080824
HGNC:52530	ENSG00000275852
HGNC:52531	ENSG00000242042
HGNC:52532	ENSG00000236497
HGNC:52533	ENSG00000225919
HGNC:52534	ENSG00000274469
HGNC:52535	ENSG00000226476
HGNC:52536	ENSG00000230400
HGNC:52537	ENSG00000272259
HGNC:52538	ENSG00000231437
HGNC:52539	ENSG00000261249
HGNC:5254	ENSG00000231434
HGNC:52540	ENSG00000224961
HGNC:52541	ENSG00000230250
HGNC:52542	ENSG00000224565
HGNC:52543	ENSG00000233079
HGNC:52545	ENSG00000230523
HGNC:52546	ENSG00000228105
HGNC:52547	ENSG00000229639
HGNC:52548	ENSG00000234546
HGNC:52549	ENSG00000228504
HGNC:5255	ENSG00000205100
HGNC:52550	ENSG00000225877
HGNC:52551	ENSG00000233907
HGNC:52552	ENSG00000233154
HGNC:52553	ENSG00000267308
HGNC:52554	ENSG00000225446
HGNC:52555	ENSG00000233730
HGNC:52556	ENSG00000224910
HGNC:52557	ENSG00000223956
HGNC:52558	ENSG00000228420
HGNC:52559	ENSG00000268621
HGNC:5256	ENSG00000224411
HGNC:52560	ENSG00000225285
HGNC:52561	ENSG00000225675
HGNC:52562	ENSG00000226029
HGNC:52564	ENSG00000236950
HGNC:52565	ENSG00000267201
HGNC:52566	ENSG00000226053
HGNC:52567	ENSG00000235054
HGNC:52568	ENSG00000223382
HGNC:52569	ENSG00000235933
HGNC:52570	ENSG00000232650
HGNC:52571	ENSG00000234184
HGNC:52572	ENSG00000267204
HGNC:52573	ENSG00000233421
HGNC:52574	ENSG00000228338
HGNC:52575	ENSG00000230415
HGNC:52576	ENSG00000231987
HGNC:52577	ENSG00000229051
HGNC:52578	ENSG00000229457
HGNC:52579	ENSG00000230173
HGNC:5258	ENSG00000096384
HGNC:52580	ENSG00000204380
HGNC:52581	ENSG00000267777
HGNC:52582	ENSG00000237166
HGNC:52583	ENSG00000222030
HGNC:52584	ENSG00000233128
HGNC:52585	ENSG00000225226
HGNC:52586	ENSG00000277527
HGNC:52587	ENSG00000237179
HGNC:52588	ENSG00000232046
HGNC:52589	ENSG00000230525
HGNC:5259	ENSG00000183199
HGNC:52590	ENSG00000234572
HGNC:52591	ENSG00000225064
HGNC:52592	ENSG00000267767
HGNC:52595	ENSG00000228909
HGNC:52596	ENSG00000231031
HGNC:52597	ENSG00000223863
HGNC:52599	ENSG00000227403
HGNC:5261	ENSG00000144381
HGNC:52610	ENSG00000232023
HGNC:52611	ENSG00000237992
HGNC:52612	ENSG00000232548
HGNC:52613	ENSG00000237266
HGNC:52615	ENSG00000226320
HGNC:52616	ENSG00000237013
HGNC:52617	ENSG00000229805
HGNC:52618	ENSG00000236008
HGNC:52619	ENSG00000235519
HGNC:52621	ENSG00000231327
HGNC:52622	ENSG00000231420
HGNC:52623	ENSG00000230645
HGNC:52624	ENSG00000231826
HGNC:52625	ENSG00000228100
HGNC:52626	ENSG00000225539
HGNC:52627	ENSG00000229621
HGNC:52628	ENSG00000224655
HGNC:52629	ENSG00000231610
HGNC:5263	ENSG00000254543
HGNC:52630	ENSG00000226488
HGNC:52631	ENSG00000223466
HGNC:52632	ENSG00000232740
HGNC:52633	ENSG00000234919
HGNC:52634	ENSG00000235885
HGNC:52635	ENSG00000236780
HGNC:52636	ENSG00000228999
HGNC:52637	ENSG00000225765
HGNC:52638	ENSG00000224231
HGNC:52639	ENSG00000234690
HGNC:5264	ENSG00000255128
HGNC:52640	ENSG00000268994
HGNC:52641	ENSG00000283594
HGNC:52642	ENSG00000225396
HGNC:52643	ENSG00000257671
HGNC:52644	ENSG00000259439
HGNC:52645	ENSG00000224468
HGNC:52646	ENSG00000279296
HGNC:52647	ENSG00000246582
HGNC:52648	ENSG00000261316
HGNC:52649	ENSG00000257698
HGNC:52650	ENSG00000282728
HGNC:52651	ENSG00000267453
HGNC:52652	ENSG00000267530
HGNC:52653	ENSG00000267489
HGNC:52654	ENSG00000269037
HGNC:52655	ENSG00000266913
HGNC:52656	ENSG00000267147
HGNC:52658	ENSG00000157306
HGNC:52659	ENSG00000251169
HGNC:5266	ENSG00000249193
HGNC:52660	ENSG00000236714
HGNC:52661	ENSG00000248901
HGNC:52662	ENSG00000253311
HGNC:52663	ENSG00000254106
HGNC:52664	ENSG00000259577
HGNC:52665	ENSG00000234988
HGNC:52666	ENSG00000227708
HGNC:52667	ENSG00000233605
HGNC:52668	ENSG00000236914
HGNC:52669	ENSG00000224028
HGNC:5267	ENSG00000230067
HGNC:52670	ENSG00000204460
HGNC:52672	ENSG00000237574
HGNC:52673	ENSG00000224137
HGNC:52674	ENSG00000196096
HGNC:52675	ENSG00000267517
HGNC:52676	ENSG00000261615
HGNC:52677	ENSG00000261558
HGNC:52678	ENSG00000214100
HGNC:5268	ENSG00000215005
HGNC:52680	ENSG00000251183
HGNC:52681	ENSG00000268480
HGNC:52682	ENSG00000253959
HGNC:52683	ENSG00000267522
HGNC:52684	ENSG00000233684
HGNC:52685	ENSG00000237670
HGNC:52686	ENSG00000231918
HGNC:52687	ENSG00000225444
HGNC:52688	ENSG00000234169
HGNC:52689	ENSG00000223826
HGNC:5269	ENSG00000115541
HGNC:52690	ENSG00000235576
HGNC:52691	ENSG00000268318
HGNC:52692	ENSG00000232164
HGNC:52693	ENSG00000223985
HGNC:52694	ENSG00000225942
HGNC:52695	ENSG00000226383
HGNC:52696	ENSG00000238217
HGNC:52697	ENSG00000234308
HGNC:52698	ENSG00000276397
HGNC:52699	ENSG00000232002
HGNC:5270	ENSG00000132002
HGNC:52700	ENSG00000220804
HGNC:52701	ENSG00000260302
HGNC:52702	ENSG00000235009
HGNC:52703	ENSG00000233587
HGNC:52704	ENSG00000237880
HGNC:52705	ENSG00000224568
HGNC:52706	ENSG00000266604
HGNC:52707	ENSG00000237576
HGNC:52708	ENSG00000235491
HGNC:52709	ENSG00000228329
HGNC:5271	ENSG00000110011
HGNC:52710	ENSG00000231682
HGNC:52711	ENSG00000265514
HGNC:52712	ENSG00000264260
HGNC:52713	ENSG00000264345
HGNC:52714	ENSG00000259256
HGNC:52715	ENSG00000263146
HGNC:52716	ENSG00000267209
HGNC:52717	ENSG00000261194
HGNC:52718	ENSG00000265352
HGNC:52719	ENSG00000265758
HGNC:52720	ENSG00000267413
HGNC:52721	ENSG00000283503
HGNC:52722	ENSG00000265555
HGNC:52723	ENSG00000259837
HGNC:52724	ENSG00000267057
HGNC:52725	ENSG00000265786
HGNC:52726	ENSG00000226125
HGNC:52727	ENSG00000265374
HGNC:52728	ENSG00000266258
HGNC:52729	ENSG00000266278
HGNC:5273	ENSG00000142798
HGNC:52730	ENSG00000231040
HGNC:52731	ENSG00000264699
HGNC:52732	ENSG00000214691
HGNC:52733	ENSG00000234362
HGNC:52734	ENSG00000265485
HGNC:52735	ENSG00000264232
HGNC:52736	ENSG00000260433
HGNC:52737	ENSG00000226508
HGNC:52738	ENSG00000236049
HGNC:52739	ENSG00000263438
HGNC:52740	ENSG00000223874
HGNC:52741	ENSG00000259779
HGNC:52742	ENSG00000236653
HGNC:52743	ENSG00000162947
HGNC:52745	ENSG00000264265
HGNC:52746	ENSG00000232301
HGNC:52747	ENSG00000249152
HGNC:52748	ENSG00000267593
HGNC:52749	ENSG00000266312
HGNC:5275	ENSG00000172977
HGNC:52750	ENSG00000267425
HGNC:52751	ENSG00000267013
HGNC:52752	ENSG00000249436
HGNC:52753	ENSG00000240032
HGNC:52754	ENSG00000249167
HGNC:52755	ENSG00000253315
HGNC:52756	ENSG00000254226
HGNC:52757	ENSG00000234663
HGNC:52758	ENSG00000224095
HGNC:52759	ENSG00000235997
HGNC:5276	ENSG00000102241
HGNC:52760	ENSG00000234279
HGNC:52761	ENSG00000254066
HGNC:52762	ENSG00000228799
HGNC:52763	ENSG00000227744
HGNC:52764	ENSG00000226813
HGNC:52765	ENSG00000249131
HGNC:52766	ENSG00000253428
HGNC:52767	ENSG00000280721
HGNC:52768	ENSG00000254299
HGNC:52769	ENSG00000236485
HGNC:52770	ENSG00000223647
HGNC:52771	ENSG00000254130
HGNC:52772	ENSG00000248727
HGNC:52773	ENSG00000251027
HGNC:52774	ENSG00000204754
HGNC:52775	ENSG00000234183
HGNC:52776	ENSG00000236193
HGNC:52777	ENSG00000258910
HGNC:52778	ENSG00000267165
HGNC:52779	ENSG00000271952
HGNC:52780	ENSG00000281477
HGNC:52781	ENSG00000271532
HGNC:52782	ENSG00000272902
HGNC:52783	ENSG00000251542
HGNC:52784	ENSG00000283436
HGNC:52785	ENSG00000260868
HGNC:52786	ENSG00000234148
HGNC:52787	ENSG00000248473
HGNC:52788	ENSG00000260101
HGNC:52789	ENSG00000260840
HGNC:52790	ENSG00000256637
HGNC:52792	ENSG00000268580
HGNC:52793	ENSG00000235493
HGNC:52794	ENSG00000237222
HGNC:52795	ENSG00000249406
HGNC:52796	ENSG00000265692
HGNC:52797	ENSG00000278200
HGNC:52798	ENSG00000230401
HGNC:52799	ENSG00000266970
HGNC:52800	ENSG00000204283
HGNC:52801	ENSG00000262031
HGNC:52802	ENSG00000263312
HGNC:52803	ENSG00000261514
HGNC:52804	ENSG00000262772
HGNC:52805	ENSG00000224039
HGNC:52806	ENSG00000262188
HGNC:52807	ENSG00000262585
HGNC:52808	ENSG00000225548
HGNC:52809	ENSG00000229243
HGNC:5281	ENSG00000170802
HGNC:52811	ENSG00000235836
HGNC:52812	ENSG00000263317
HGNC:52813	ENSG00000223783
HGNC:52815	ENSG00000265000
HGNC:52816	ENSG00000227260
HGNC:52817	ENSG00000223587
HGNC:52818	ENSG00000263718
HGNC:52819	ENSG00000267790
HGNC:52820	ENSG00000283036
HGNC:52821	ENSG00000261156
HGNC:52822	ENSG00000273125
HGNC:52823	ENSG00000224187
HGNC:52824	ENSG00000260019
HGNC:52826	ENSG00000204277
HGNC:52827	ENSG00000241098
HGNC:52828	ENSG00000244247
HGNC:52829	ENSG00000244564
HGNC:5283	ENSG00000126550
HGNC:52830	ENSG00000261863
HGNC:52831	ENSG00000241383
HGNC:52832	ENSG00000243321
HGNC:52833	ENSG00000266290
HGNC:52834	ENSG00000267772
HGNC:52835	ENSG00000243832
HGNC:52836	ENSG00000267321
HGNC:52837	ENSG00000263609
HGNC:52838	ENSG00000240006
HGNC:52839	ENSG00000242741
HGNC:5284	ENSG00000205649
HGNC:52841	ENSG00000242290
HGNC:52842	ENSG00000238755
HGNC:52844	ENSG00000239440
HGNC:52845	ENSG00000283646
HGNC:52846	ENSG00000242671
HGNC:52847	ENSG00000272989
HGNC:52848	ENSG00000228730
HGNC:52849	ENSG00000248243
HGNC:52850	ENSG00000231574
HGNC:52851	ENSG00000244215
HGNC:52852	ENSG00000243572
HGNC:52853	ENSG00000272690
HGNC:52854	ENSG00000273356
HGNC:52855	ENSG00000234548
HGNC:52856	ENSG00000249846
HGNC:52857	ENSG00000232746
HGNC:52858	ENSG00000239205
HGNC:52859	ENSG00000241213
HGNC:5286	ENSG00000178394
HGNC:52860	ENSG00000242339
HGNC:52861	ENSG00000214146
HGNC:52862	ENSG00000243694
HGNC:52863	ENSG00000241544
HGNC:52864	ENSG00000240708
HGNC:52865	ENSG00000238837
HGNC:52866	ENSG00000241131
HGNC:52867	ENSG00000279727
HGNC:52868	ENSG00000282975
HGNC:52869	ENSG00000263647
HGNC:5287	ENSG00000135312
HGNC:52870	ENSG00000266820
HGNC:52871	ENSG00000236530
HGNC:52872	ENSG00000228928
HGNC:52873	ENSG00000215769
HGNC:52874	ENSG00000223812
HGNC:52875	ENSG00000273033
HGNC:52876	ENSG00000225742
HGNC:52877	ENSG00000238097
HGNC:52878	ENSG00000229155
HGNC:52879	ENSG00000248107
HGNC:52880	ENSG00000243149
HGNC:52881	ENSG00000228952
HGNC:52882	ENSG00000240893
HGNC:52883	ENSG00000232233
HGNC:52884	ENSG00000243795
HGNC:52885	ENSG00000243347
HGNC:52886	ENSG00000242440
HGNC:52887	ENSG00000239454
HGNC:52888	ENSG00000228271
HGNC:52889	ENSG00000243593
HGNC:5289	ENSG00000179546
HGNC:52890	ENSG00000242781
HGNC:52891	ENSG00000226859
HGNC:52892	ENSG00000271249
HGNC:52893	ENSG00000241696
HGNC:52894	ENSG00000224153
HGNC:52895	ENSG00000254101
HGNC:52899	ENSG00000254333
HGNC:5290	ENSG00000275811
HGNC:52900	ENSG00000249279
HGNC:52901	ENSG00000248528
HGNC:52902	ENSG00000250544
HGNC:52904	ENSG00000250156
HGNC:52905	ENSG00000250072
HGNC:52906	ENSG00000250885
HGNC:52907	ENSG00000248489
HGNC:52908	ENSG00000250921
HGNC:52909	ENSG00000248391
HGNC:5291	ENSG00000168830
HGNC:52910	ENSG00000248846
HGNC:52911	ENSG00000241151
HGNC:52912	ENSG00000239774
HGNC:52913	ENSG00000240567
HGNC:52914	ENSG00000223387
HGNC:52915	ENSG00000229433
HGNC:52916	ENSG00000241328
HGNC:52917	ENSG00000249383
HGNC:52919	ENSG00000267452
HGNC:5292	ENSG00000179097
HGNC:52920	ENSG00000266357
HGNC:52921	ENSG00000249497
HGNC:52923	ENSG00000263520
HGNC:52924	ENSG00000220161
HGNC:52925	ENSG00000244461
HGNC:52926	ENSG00000267719
HGNC:52927	ENSG00000266013
HGNC:52928	ENSG00000267065
HGNC:52929	ENSG00000267416
HGNC:5293	ENSG00000102468
HGNC:52930	ENSG00000267123
HGNC:52931	ENSG00000242268
HGNC:52932	ENSG00000229102
HGNC:52934	ENSG00000272282
HGNC:52935	ENSG00000240661
HGNC:52936	ENSG00000244649
HGNC:52937	ENSG00000262099
HGNC:52938	ENSG00000237057
HGNC:52939	ENSG00000227685
HGNC:5294	ENSG00000135914
HGNC:52940	ENSG00000226364
HGNC:52941	ENSG00000230969
HGNC:52942	ENSG00000273172
HGNC:52943	ENSG00000234721
HGNC:52944	ENSG00000234634
HGNC:52945	ENSG00000227078
HGNC:52946	ENSG00000228639
HGNC:52947	ENSG00000238212
HGNC:52948	ENSG00000226101
HGNC:52949	ENSG00000270344
HGNC:5295	ENSG00000147246
HGNC:52950	ENSG00000272575
HGNC:52951	ENSG00000226352
HGNC:52952	ENSG00000249201
HGNC:52953	ENSG00000253490
HGNC:52955	ENSG00000248693
HGNC:52956	ENSG00000248132
HGNC:52957	ENSG00000248677
HGNC:52958	ENSG00000249785
HGNC:52959	ENSG00000271334
HGNC:52960	ENSG00000250447
HGNC:52961	ENSG00000251573
HGNC:52963	ENSG00000250127
HGNC:52964	ENSG00000259786
HGNC:52965	ENSG00000251518
HGNC:52966	ENSG00000250822
HGNC:52967	ENSG00000249515
HGNC:52968	ENSG00000249521
HGNC:52969	ENSG00000251575
HGNC:5297	ENSG00000166736
HGNC:52970	ENSG00000248757
HGNC:52971	ENSG00000250417
HGNC:52972	ENSG00000248539
HGNC:52973	ENSG00000251370
HGNC:52974	ENSG00000248789
HGNC:52975	ENSG00000248461
HGNC:52976	ENSG00000251513
HGNC:52977	ENSG00000250529
HGNC:52978	ENSG00000250891
HGNC:52979	ENSG00000248474
HGNC:5298	ENSG00000149305
HGNC:52980	ENSG00000250668
HGNC:52981	ENSG00000259947
HGNC:52982	ENSG00000250514
HGNC:52983	ENSG00000259847
HGNC:52985	ENSG00000261637
HGNC:52986	ENSG00000261241
HGNC:52988	ENSG00000261045
HGNC:52989	ENSG00000260009
HGNC:5299	ENSG00000164270
HGNC:52990	ENSG00000246777
HGNC:52991	ENSG00000261154
HGNC:52992	ENSG00000268804
HGNC:52993	ENSG00000261231
HGNC:52994	ENSG00000260450
HGNC:52995	ENSG00000261348
HGNC:52996	ENSG00000288568
HGNC:52997	ENSG00000260186
HGNC:52998	ENSG00000205015
HGNC:52999	ENSG00000278214
HGNC:53	ENSG00000023839
HGNC:5300	ENSG00000157219
HGNC:53000	ENSG00000261803
HGNC:53001	ENSG00000261807
HGNC:53002	ENSG00000223597
HGNC:53003	ENSG00000253236
HGNC:53004	ENSG00000248708
HGNC:53005	ENSG00000250490
HGNC:53006	ENSG00000249490
HGNC:53007	ENSG00000249797
HGNC:53008	ENSG00000250427
HGNC:53009	ENSG00000250635
HGNC:5301	ENSG00000158748
HGNC:53010	ENSG00000249332
HGNC:53012	ENSG00000248150
HGNC:53013	ENSG00000236437
HGNC:53014	ENSG00000261319
HGNC:53015	ENSG00000235385
HGNC:53016	ENSG00000254120
HGNC:53017	ENSG00000257906
HGNC:53018	ENSG00000259763
HGNC:53019	ENSG00000225611
HGNC:5302	ENSG00000148680
HGNC:53020	ENSG00000237436
HGNC:53021	ENSG00000251443
HGNC:53022	ENSG00000250437
HGNC:53023	ENSG00000249830
HGNC:53024	ENSG00000251026
HGNC:53025	ENSG00000261811
HGNC:53026	ENSG00000261014
HGNC:53027	ENSG00000260259
HGNC:53028	ENSG00000261122
HGNC:53029	ENSG00000260219
HGNC:53030	ENSG00000261703
HGNC:53031	ENSG00000259517
HGNC:53032	ENSG00000260896
HGNC:53033	ENSG00000250632
HGNC:53034	ENSG00000251632
HGNC:53035	ENSG00000249613
HGNC:53036	ENSG00000250241
HGNC:53037	ENSG00000249297
HGNC:53038	ENSG00000260340
HGNC:53039	ENSG00000261617
HGNC:53040	ENSG00000261092
HGNC:53041	ENSG00000261623
HGNC:53042	ENSG00000261749
HGNC:53043	ENSG00000232190
HGNC:53044	ENSG00000260420
HGNC:53045	ENSG00000283304
HGNC:53046	ENSG00000260854
HGNC:53047	ENSG00000262097
HGNC:53048	ENSG00000261856
HGNC:53050	ENSG00000261175
HGNC:53051	ENSG00000260026
HGNC:53052	ENSG00000261475
HGNC:53053	ENSG00000261636
HGNC:53054	ENSG00000261325
HGNC:53055	ENSG00000260923
HGNC:53056	ENSG00000261404
HGNC:53057	ENSG00000260264
HGNC:53058	ENSG00000236481
HGNC:53059	ENSG00000237428
HGNC:53060	ENSG00000225724
HGNC:53062	ENSG00000250974
HGNC:53063	ENSG00000250387
HGNC:53064	ENSG00000249352
HGNC:53065	ENSG00000250198
HGNC:53066	ENSG00000250358
HGNC:53067	ENSG00000251538
HGNC:53068	ENSG00000245812
HGNC:53069	ENSG00000284988
HGNC:53070	ENSG00000280639
HGNC:53071	ENSG00000259473
HGNC:53072	ENSG00000259289
HGNC:53073	ENSG00000258476
HGNC:53075	ENSG00000244219
HGNC:53077	ENSG00000251206
HGNC:53078	ENSG00000245662
HGNC:53079	ENSG00000249396
HGNC:53080	ENSG00000249160
HGNC:53081	ENSG00000251311
HGNC:53082	ENSG00000249128
HGNC:53083	ENSG00000249551
HGNC:53084	ENSG00000248455
HGNC:53085	ENSG00000249662
HGNC:53086	ENSG00000253787
HGNC:53087	ENSG00000248457
HGNC:53088	ENSG00000249854
HGNC:53089	ENSG00000251072
HGNC:5309	ENSG00000136273
HGNC:53090	ENSG00000250814
HGNC:53091	ENSG00000248717
HGNC:53092	ENSG00000249937
HGNC:53093	ENSG00000249203
HGNC:53094	ENSG00000249584
HGNC:53095	ENSG00000245729
HGNC:53096	ENSG00000276778
HGNC:53097	ENSG00000251273
HGNC:53098	ENSG00000250313
HGNC:53099	ENSG00000251543
HGNC:53100	ENSG00000248995
HGNC:53102	ENSG00000264240
HGNC:53103	ENSG00000250125
HGNC:53104	ENSG00000250488
HGNC:53105	ENSG00000248202
HGNC:53106	ENSG00000254689
HGNC:53107	ENSG00000251365
HGNC:53108	ENSG00000253434
HGNC:53110	ENSG00000232442
HGNC:53111	ENSG00000255154
HGNC:53113	ENSG00000231090
HGNC:53114	ENSG00000224730
HGNC:53115	ENSG00000245864
HGNC:53116	ENSG00000223479
HGNC:53117	ENSG00000254418
HGNC:53118	ENSG00000260192
HGNC:53119	ENSG00000225110
HGNC:53123	ENSG00000251611
HGNC:53124	ENSG00000259240
HGNC:53125	ENSG00000267395
HGNC:53126	ENSG00000251629
HGNC:53127	ENSG00000249736
HGNC:53128	ENSG00000258325
HGNC:53129	ENSG00000236091
HGNC:53130	ENSG00000266304
HGNC:53131	ENSG00000228649
HGNC:53132	ENSG00000248429
HGNC:53134	ENSG00000237638
HGNC:53135	ENSG00000281903
HGNC:53136	ENSG00000232283
HGNC:53137	ENSG00000228372
HGNC:53138	ENSG00000259521
HGNC:53139	ENSG00000254034
HGNC:53140	ENSG00000223729
HGNC:53141	ENSG00000259291
HGNC:53142	ENSG00000260135
HGNC:53143	ENSG00000204044
HGNC:53144	ENSG00000258876
HGNC:53145	ENSG00000280594
HGNC:53146	ENSG00000285244
HGNC:53147	ENSG00000235160
HGNC:53148	ENSG00000235731
HGNC:53149	ENSG00000258483
HGNC:53150	ENSG00000261304
HGNC:53151	ENSG00000259485
HGNC:53152	ENSG00000259664
HGNC:53153	ENSG00000277718
HGNC:53154	ENSG00000259685
HGNC:53157	ENSG00000261064
HGNC:53158	ENSG00000196696
HGNC:53159	ENSG00000238042
HGNC:53160	ENSG00000246211
HGNC:53161	ENSG00000257084
HGNC:53162	ENSG00000261183
HGNC:53163	ENSG00000242082
HGNC:53164	ENSG00000253930
HGNC:53165	ENSG00000257912
HGNC:53166	ENSG00000263787
HGNC:53167	ENSG00000261286
HGNC:53168	ENSG00000267710
HGNC:53169	ENSG00000260969
HGNC:53170	ENSG00000223784
HGNC:53171	ENSG00000253364
HGNC:53172	ENSG00000259783
HGNC:53173	ENSG00000249699
HGNC:53174	ENSG00000224932
HGNC:53175	ENSG00000228358
HGNC:53176	ENSG00000229565
HGNC:53177	ENSG00000250986
HGNC:53179	ENSG00000249241
HGNC:5318	ENSG00000041982
HGNC:53180	ENSG00000272727
HGNC:53181	ENSG00000248510
HGNC:53183	ENSG00000248174
HGNC:53184	ENSG00000250708
HGNC:53185	ENSG00000251210
HGNC:53186	ENSG00000240152
HGNC:53187	ENSG00000251283
HGNC:53188	ENSG00000245954
HGNC:53189	ENSG00000259153
HGNC:53190	ENSG00000258586
HGNC:53191	ENSG00000248319
HGNC:53192	ENSG00000250141
HGNC:53193	ENSG00000258487
HGNC:53194	ENSG00000251635
HGNC:53195	ENSG00000258933
HGNC:53196	ENSG00000260792
HGNC:53197	ENSG00000257748
HGNC:53199	ENSG00000257056
HGNC:5320	ENSG00000114378
HGNC:53200	ENSG00000248184
HGNC:53201	ENSG00000259719
HGNC:53202	ENSG00000259004
HGNC:53203	ENSG00000258098
HGNC:53204	ENSG00000258499
HGNC:53205	ENSG00000258819
HGNC:53206	ENSG00000258502
HGNC:53207	ENSG00000197176
HGNC:53208	ENSG00000258630
HGNC:53209	ENSG00000257185
HGNC:5321	ENSG00000068001
HGNC:53210	ENSG00000257845
HGNC:53211	ENSG00000258511
HGNC:53212	ENSG00000258859
HGNC:53213	ENSG00000258651
HGNC:53214	ENSG00000257504
HGNC:53215	ENSG00000258301
HGNC:53216	ENSG00000257556
HGNC:53217	ENSG00000283267
HGNC:53218	ENSG00000258979
HGNC:53219	ENSG00000258175
HGNC:5322	ENSG00000186792
HGNC:53220	ENSG00000258743
HGNC:53221	ENSG00000258998
HGNC:53222	ENSG00000258616
HGNC:53223	ENSG00000259110
HGNC:53224	ENSG00000258532
HGNC:53225	ENSG00000257986
HGNC:53226	ENSG00000258969
HGNC:53227	ENSG00000258675
HGNC:53228	ENSG00000258994
HGNC:5323	ENSG00000106302
HGNC:53230	ENSG00000258718
HGNC:53231	ENSG00000258869
HGNC:53232	ENSG00000258474
HGNC:53233	ENSG00000259082
HGNC:53234	ENSG00000251363
HGNC:53235	ENSG00000258912
HGNC:53236	ENSG00000258678
HGNC:53237	ENSG00000258390
HGNC:53238	ENSG00000258694
HGNC:53239	ENSG00000258404
HGNC:5324	ENSG00000228211
HGNC:53240	ENSG00000258884
HGNC:53241	ENSG00000258556
HGNC:53242	ENSG00000259230
HGNC:53243	ENSG00000245466
HGNC:53244	ENSG00000255002
HGNC:53245	ENSG00000246084
HGNC:53246	ENSG00000257523
HGNC:53247	ENSG00000258038
HGNC:53248	ENSG00000258733
HGNC:53249	ENSG00000258814
HGNC:53250	ENSG00000258770
HGNC:53251	ENSG00000235269
HGNC:53252	ENSG00000259054
HGNC:53253	ENSG00000271564
HGNC:53254	ENSG00000274317
HGNC:53255	ENSG00000278630
HGNC:53256	ENSG00000271395
HGNC:53257	ENSG00000215881
HGNC:53258	ENSG00000277448
HGNC:53259	ENSG00000279797
HGNC:5326	ENSG00000283122
HGNC:53260	ENSG00000275294
HGNC:53261	ENSG00000283554
HGNC:53262	ENSG00000280580
HGNC:53263	ENSG00000271850
HGNC:53264	ENSG00000227911
HGNC:53265	ENSG00000261423
HGNC:53266	ENSG00000274605
HGNC:53267	ENSG00000259225
HGNC:53268	ENSG00000206187
HGNC:53269	ENSG00000214043
HGNC:53270	ENSG00000286733
HGNC:53271	ENSG00000259284
HGNC:53272	ENSG00000255595
HGNC:53273	ENSG00000277987
HGNC:53274	ENSG00000259448
HGNC:53275	ENSG00000251329
HGNC:53276	ENSG00000257488
HGNC:53277	ENSG00000248210
HGNC:53278	ENSG00000257595
HGNC:53279	ENSG00000283314
HGNC:53280	ENSG00000284848
HGNC:53281	ENSG00000251256
HGNC:53282	ENSG00000248300
HGNC:53283	ENSG00000256576
HGNC:53284	ENSG00000249096
HGNC:53285	ENSG00000254233
HGNC:53286	ENSG00000180712
HGNC:53287	ENSG00000256742
HGNC:53288	ENSG00000250190
HGNC:53289	ENSG00000256888
HGNC:5329	ENSG00000121351
HGNC:53290	ENSG00000260423
HGNC:53291	ENSG00000256659
HGNC:53292	ENSG00000256551
HGNC:53293	ENSG00000274659
HGNC:53294	ENSG00000249873
HGNC:53295	ENSG00000257507
HGNC:53296	ENSG00000249747
HGNC:53297	ENSG00000256362
HGNC:53298	ENSG00000256292
HGNC:53299	ENSG00000259887
HGNC:533	ENSG00000135046
HGNC:5330	ENSG00000196305
HGNC:53300	ENSG00000250102
HGNC:53301	ENSG00000256994
HGNC:53302	ENSG00000251649
HGNC:53303	ENSG00000248505
HGNC:53304	ENSG00000250742
HGNC:53305	ENSG00000250968
HGNC:53306	ENSG00000248143
HGNC:53307	ENSG00000283073
HGNC:53308	ENSG00000251301
HGNC:53309	ENSG00000257193
HGNC:5331	ENSG00000167207
HGNC:53311	ENSG00000256120
HGNC:53312	ENSG00000257756
HGNC:53313	ENSG00000256232
HGNC:53314	ENSG00000256151
HGNC:53315	ENSG00000257259
HGNC:53316	ENSG00000255693
HGNC:53317	ENSG00000256582
HGNC:53318	ENSG00000277851
HGNC:53319	ENSG00000258183
HGNC:53320	ENSG00000256597
HGNC:53321	ENSG00000258332
HGNC:53322	ENSG00000257771
HGNC:53323	ENSG00000205056
HGNC:53324	ENSG00000256699
HGNC:53325	ENSG00000256287
HGNC:53326	ENSG00000257725
HGNC:53327	ENSG00000257784
HGNC:53328	ENSG00000257762
HGNC:53329	ENSG00000257510
HGNC:53330	ENSG00000257541
HGNC:53331	ENSG00000257893
HGNC:53332	ENSG00000257660
HGNC:53333	ENSG00000249345
HGNC:53334	ENSG00000258144
HGNC:53336	ENSG00000257219
HGNC:53337	ENSG00000203585
HGNC:53338	ENSG00000257920
HGNC:53339	ENSG00000258292
HGNC:53340	ENSG00000256022
HGNC:53341	ENSG00000258171
HGNC:53342	ENSG00000257345
HGNC:53343	ENSG00000256424
HGNC:53344	ENSG00000248703
HGNC:53345	ENSG00000257924
HGNC:53346	ENSG00000247373
HGNC:53347	ENSG00000257048
HGNC:53348	ENSG00000214039
HGNC:53349	ENSG00000256906
HGNC:53350	ENSG00000256172
HGNC:53351	ENSG00000255970
HGNC:53352	ENSG00000255760
HGNC:53353	ENSG00000256750
HGNC:53354	ENSG00000258220
HGNC:53355	ENSG00000246394
HGNC:53356	ENSG00000256259
HGNC:53357	ENSG00000257747
HGNC:53358	ENSG00000271538
HGNC:53359	ENSG00000248740
HGNC:53360	ENSG00000251266
HGNC:53361	ENSG00000250252
HGNC:53362	ENSG00000248872
HGNC:53363	ENSG00000248810
HGNC:53364	ENSG00000246541
HGNC:53365	ENSG00000248370
HGNC:53366	ENSG00000251526
HGNC:53367	ENSG00000281731
HGNC:53368	ENSG00000250754
HGNC:53369	ENSG00000248517
HGNC:53370	ENSG00000248238
HGNC:53371	ENSG00000255814
HGNC:53372	ENSG00000255618
HGNC:53373	ENSG00000256643
HGNC:53374	ENSG00000256077
HGNC:53375	ENSG00000256115
HGNC:53376	ENSG00000258123
HGNC:53377	ENSG00000257750
HGNC:53378	ENSG00000256039
HGNC:53379	ENSG00000245468
HGNC:53380	ENSG00000257230
HGNC:53381	ENSG00000215241
HGNC:53382	ENSG00000257114
HGNC:53383	ENSG00000257164
HGNC:53384	ENSG00000283422
HGNC:53386	ENSG00000250748
HGNC:53387	ENSG00000256268
HGNC:53388	ENSG00000256672
HGNC:53389	ENSG00000283052
HGNC:53391	ENSG00000251497
HGNC:53392	ENSG00000245017
HGNC:53393	ENSG00000258018
HGNC:53394	ENSG00000246363
HGNC:53395	ENSG00000257476
HGNC:53396	ENSG00000255714
HGNC:53397	ENSG00000257467
HGNC:53398	ENSG00000258331
HGNC:53399	ENSG00000251291
HGNC:534	ENSG00000109511
HGNC:53400	ENSG00000257683
HGNC:53401	ENSG00000257677
HGNC:53402	ENSG00000251432
HGNC:53403	ENSG00000249618
HGNC:53405	ENSG00000246876
HGNC:53406	ENSG00000256499
HGNC:53407	ENSG00000231560
HGNC:53408	ENSG00000248408
HGNC:53409	ENSG00000225231
HGNC:5341	ENSG00000029559
HGNC:53410	ENSG00000223914
HGNC:53411	ENSG00000248338
HGNC:53412	ENSG00000261121
HGNC:53414	ENSG00000234449
HGNC:53415	ENSG00000205663
HGNC:53416	ENSG00000205662
HGNC:53417	ENSG00000228437
HGNC:53418	ENSG00000251350
HGNC:53419	ENSG00000225546
HGNC:53420	ENSG00000251141
HGNC:53425	ENSG00000249425
HGNC:53426	ENSG00000282872
HGNC:53427	ENSG00000277531
HGNC:53428	ENSG00000283227
HGNC:53429	ENSG00000283683
HGNC:5343	ENSG00000003147
HGNC:53430	ENSG00000283329
HGNC:53432	ENSG00000241224
HGNC:53433	ENSG00000250821
HGNC:53434	ENSG00000262543
HGNC:53435	ENSG00000196589
HGNC:53436	ENSG00000277639
HGNC:53437	ENSG00000267221
HGNC:53438	ENSG00000269720
HGNC:53439	ENSG00000283980
HGNC:5344	ENSG00000090339
HGNC:53440	ENSG00000283324
HGNC:53441	ENSG00000283428
HGNC:53442	ENSG00000242120
HGNC:53443	ENSG00000234828
HGNC:53444	ENSG00000284981
HGNC:53445	ENSG00000285427
HGNC:53449	ENSG00000238210
HGNC:5345	ENSG00000108622
HGNC:53450	ENSG00000283644
HGNC:53451	ENSG00000250719
HGNC:53452	ENSG00000261341
HGNC:53453	ENSG00000251326
HGNC:53454	ENSG00000251040
HGNC:53455	ENSG00000255458
HGNC:53456	ENSG00000251336
HGNC:53457	ENSG00000251383
HGNC:53458	ENSG00000251580
HGNC:53459	ENSG00000248685
HGNC:5346	ENSG00000076662
HGNC:53460	ENSG00000248456
HGNC:53461	ENSG00000253669
HGNC:53462	ENSG00000233896
HGNC:53463	ENSG00000257636
HGNC:53464	ENSG00000257913
HGNC:53465	ENSG00000231185
HGNC:53466	ENSG00000203688
HGNC:53467	ENSG00000249362
HGNC:53468	ENSG00000250343
HGNC:53469	ENSG00000253603
HGNC:5347	ENSG00000105371
HGNC:53470	ENSG00000255007
HGNC:53471	ENSG00000259237
HGNC:53473	ENSG00000232530
HGNC:53474	ENSG00000242902
HGNC:53476	ENSG00000250590
HGNC:53477	ENSG00000250819
HGNC:53479	ENSG00000250340
HGNC:5348	ENSG00000105376
HGNC:53480	ENSG00000249066
HGNC:53481	ENSG00000251676
HGNC:53482	ENSG00000251182
HGNC:53483	ENSG00000283083
HGNC:53484	ENSG00000250436
HGNC:53487	ENSG00000286122
HGNC:53488	ENSG00000249460
HGNC:53489	ENSG00000249882
HGNC:53491	ENSG00000250392
HGNC:53492	ENSG00000249614
HGNC:53493	ENSG00000248339
HGNC:53494	ENSG00000248215
HGNC:53495	ENSG00000251129
HGNC:53496	ENSG00000251688
HGNC:53497	ENSG00000251619
HGNC:53498	ENSG00000250263
HGNC:53499	ENSG00000250341
HGNC:535	ENSG00000122359
HGNC:5350	ENSG00000116237
HGNC:53500	ENSG00000248869
HGNC:53501	ENSG00000251061
HGNC:53502	ENSG00000248227
HGNC:53503	ENSG00000250042
HGNC:53504	ENSG00000250620
HGNC:53505	ENSG00000261083
HGNC:53506	ENSG00000249145
HGNC:53508	ENSG00000225924
HGNC:53509	ENSG00000232316
HGNC:5351	ENSG00000163600
HGNC:53510	ENSG00000226194
HGNC:53511	ENSG00000204110
HGNC:53512	ENSG00000261080
HGNC:53539	ENSG00000283408
HGNC:53541	ENSG00000231056
HGNC:53542	ENSG00000224506
HGNC:53544	ENSG00000233534
HGNC:53545	ENSG00000230269
HGNC:53546	ENSG00000243154
HGNC:53547	ENSG00000265683
HGNC:53549	ENSG00000235142
HGNC:53550	ENSG00000229654
HGNC:53553	ENSG00000227012
HGNC:53554	ENSG00000226004
HGNC:53555	ENSG00000234777
HGNC:53556	ENSG00000234015
HGNC:53557	ENSG00000220908
HGNC:53560	ENSG00000228718
HGNC:53563	ENSG00000261740
HGNC:53564	ENSG00000250803
HGNC:53566	ENSG00000260239
HGNC:53567	ENSG00000228777
HGNC:53569	ENSG00000234155
HGNC:53570	ENSG00000281248
HGNC:53571	ENSG00000272549
HGNC:53572	ENSG00000234956
HGNC:53573	ENSG00000236635
HGNC:53574	ENSG00000230943
HGNC:53576	ENSG00000226453
HGNC:53577	ENSG00000232947
HGNC:53578	ENSG00000261039
HGNC:5358	ENSG00000140968
HGNC:53580	ENSG00000254930
HGNC:53581	ENSG00000255117
HGNC:53582	ENSG00000254486
HGNC:53583	ENSG00000255411
HGNC:53584	ENSG00000226497
HGNC:53585	ENSG00000271584
HGNC:53586	ENSG00000254842
HGNC:53587	ENSG00000256422
HGNC:53588	ENSG00000255039
HGNC:53589	ENSG00000286181
HGNC:5359	ENSG00000167862
HGNC:53590	ENSG00000224294
HGNC:53592	ENSG00000273265
HGNC:53593	ENSG00000260943
HGNC:53594	ENSG00000226741
HGNC:53595	ENSG00000236611
HGNC:53596	ENSG00000225413
HGNC:53597	ENSG00000230866
HGNC:53598	ENSG00000236464
HGNC:53599	ENSG00000247498
HGNC:536	ENSG00000104537
HGNC:5360	ENSG00000125968
HGNC:53600	ENSG00000268307
HGNC:53601	ENSG00000224034
HGNC:53602	ENSG00000260265
HGNC:53604	ENSG00000262352
HGNC:53605	ENSG00000267726
HGNC:53606	ENSG00000115934
HGNC:53609	ENSG00000237552
HGNC:5361	ENSG00000115738
HGNC:53610	ENSG00000234593
HGNC:53611	ENSG00000284753
HGNC:53612	ENSG00000259409
HGNC:53615	ENSG00000284917
HGNC:53616	ENSG00000201142
HGNC:53619	ENSG00000286053
HGNC:5362	ENSG00000117318
HGNC:53620	ENSG00000288944
HGNC:53622	ENSG00000266445
HGNC:53623	ENSG00000224459
HGNC:53626	ENSG00000253972
HGNC:53629	ENSG00000272273
HGNC:5363	ENSG00000172201
HGNC:53630	ENSG00000256166
HGNC:53632	ENSG00000286940
HGNC:53634	ENSG00000229536
HGNC:53635	ENSG00000259498
HGNC:53636	ENSG00000227963
HGNC:53637	ENSG00000283434
HGNC:53638	ENSG00000250673
HGNC:53639	ENSG00000273238
HGNC:53640	ENSG00000271824
HGNC:53641	ENSG00000283528
HGNC:53642	ENSG00000283526
HGNC:53643	ENSG00000283297
HGNC:53644	ENSG00000248109
HGNC:53645	ENSG00000283288
HGNC:53646	ENSG00000284730
HGNC:53647	ENSG00000283654
HGNC:53648	ENSG00000260734
HGNC:53649	ENSG00000283758
HGNC:53651	ENSG00000283439
HGNC:53652	ENSG00000214654
HGNC:53653	ENSG00000283567
HGNC:53654	ENSG00000261873
HGNC:53655	ENSG00000230054
HGNC:53656	ENSG00000285103
HGNC:53657	ENSG00000235505
HGNC:53658	ENSG00000234397
HGNC:53659	ENSG00000232369
HGNC:53660	ENSG00000236872
HGNC:53661	ENSG00000226003
HGNC:53662	ENSG00000233477
HGNC:53663	ENSG00000230018
HGNC:53664	ENSG00000230593
HGNC:53665	ENSG00000254463
HGNC:53666	ENSG00000213592
HGNC:53667	ENSG00000255059
HGNC:53668	ENSG00000258118
HGNC:53669	ENSG00000258116
HGNC:53670	ENSG00000260266
HGNC:53671	ENSG00000260815
HGNC:53672	ENSG00000260187
HGNC:53673	ENSG00000260471
HGNC:53674	ENSG00000261330
HGNC:53675	ENSG00000260229
HGNC:53676	ENSG00000270606
HGNC:53677	ENSG00000223878
HGNC:53678	ENSG00000264655
HGNC:53679	ENSG00000228979
HGNC:53680	ENSG00000267663
HGNC:53681	ENSG00000266809
HGNC:53682	ENSG00000267258
HGNC:53683	ENSG00000228674
HGNC:53684	ENSG00000226961
HGNC:53686	ENSG00000226473
HGNC:53687	ENSG00000231570
HGNC:53688	ENSG00000236259
HGNC:53689	ENSG00000233428
HGNC:53690	ENSG00000226131
HGNC:53691	ENSG00000237260
HGNC:53692	ENSG00000213739
HGNC:53693	ENSG00000228337
HGNC:53694	ENSG00000232407
HGNC:53695	ENSG00000244183
HGNC:53696	ENSG00000174715
HGNC:53697	ENSG00000182000
HGNC:53698	ENSG00000220343
HGNC:53699	ENSG00000271131
HGNC:537	ENSG00000182718
HGNC:53700	ENSG00000250484
HGNC:53701	ENSG00000249092
HGNC:53702	ENSG00000234838
HGNC:53703	ENSG00000214853
HGNC:53704	ENSG00000174495
HGNC:53705	ENSG00000213548
HGNC:53706	ENSG00000213455
HGNC:53707	ENSG00000242978
HGNC:53708	ENSG00000254152
HGNC:53709	ENSG00000254103
HGNC:53710	ENSG00000213873
HGNC:53711	ENSG00000219149
HGNC:53712	ENSG00000227350
HGNC:53713	ENSG00000223819
HGNC:53714	ENSG00000234557
HGNC:53715	ENSG00000228728
HGNC:53716	ENSG00000228013
HGNC:53718	ENSG00000229656
HGNC:53719	ENSG00000233387
HGNC:53720	ENSG00000233184
HGNC:53722	ENSG00000233846
HGNC:53723	ENSG00000271585
HGNC:53724	ENSG00000267319
HGNC:53725	ENSG00000219532
HGNC:53726	ENSG00000225549
HGNC:53727	ENSG00000234779
HGNC:53728	ENSG00000247317
HGNC:53729	ENSG00000283268
HGNC:53730	ENSG00000233236
HGNC:53731	ENSG00000231999
HGNC:53732	ENSG00000283611
HGNC:53735	ENSG00000229703
HGNC:53736	ENSG00000283698
HGNC:53737	ENSG00000283582
HGNC:53738	ENSG00000283542
HGNC:53740	ENSG00000272808
HGNC:53741	ENSG00000233491
HGNC:53742	ENSG00000224479
HGNC:53744	ENSG00000255949
HGNC:53746	ENSG00000233975
HGNC:53747	ENSG00000228709
HGNC:53748	ENSG00000232613
HGNC:53749	ENSG00000228742
HGNC:53750	ENSG00000235201
HGNC:53751	ENSG00000230587
HGNC:53752	ENSG00000245571
HGNC:53754	ENSG00000237499
HGNC:53755	ENSG00000231426
HGNC:53756	ENSG00000242326
HGNC:53757	ENSG00000254154
HGNC:53758	ENSG00000231084
HGNC:53759	ENSG00000232379
HGNC:53765	ENSG00000236318
HGNC:53766	ENSG00000284084
HGNC:53767	ENSG00000267361
HGNC:53768	ENSG00000234106
HGNC:53769	ENSG00000235183
HGNC:53770	ENSG00000268062
HGNC:53771	ENSG00000267472
HGNC:53772	ENSG00000243961
HGNC:53773	ENSG00000267348
HGNC:53774	ENSG00000267871
HGNC:53775	ENSG00000269019
HGNC:53776	ENSG00000219665
HGNC:53777	ENSG00000278611
HGNC:53778	ENSG00000277268
HGNC:53779	ENSG00000264278
HGNC:53781	ENSG00000289721
HGNC:53785	ENSG00000284491
HGNC:53786	ENSG00000283199
HGNC:53787	ENSG00000227932
HGNC:53788	ENSG00000226856
HGNC:53789	ENSG00000283361
HGNC:53790	ENSG00000205971
HGNC:53791	ENSG00000272666
HGNC:53792	ENSG00000261780
HGNC:53793	ENSG00000201285
HGNC:53794	ENSG00000212595
HGNC:53795	ENSG00000274663
HGNC:53796	ENSG00000274759
HGNC:53797	ENSG00000275305
HGNC:53798	ENSG00000276442
HGNC:53799	ENSG00000277049
HGNC:538	ENSG00000213406
HGNC:53800	ENSG00000277418
HGNC:53801	ENSG00000283433
HGNC:53802	ENSG00000252830
HGNC:53803	ENSG00000274059
HGNC:53804	ENSG00000274097
HGNC:53805	ENSG00000274408
HGNC:53806	ENSG00000283426
HGNC:53807	ENSG00000242086
HGNC:53808	ENSG00000283349
HGNC:5381	ENSG00000119912
HGNC:53812	ENSG00000187600
HGNC:53813	ENSG00000283444
HGNC:53814	ENSG00000251439
HGNC:53817	ENSG00000284516
HGNC:53818	ENSG00000285445
HGNC:5382	ENSG00000138413
HGNC:53820	ENSG00000277535
HGNC:53821	ENSG00000267391
HGNC:53824	ENSG00000226803
HGNC:53826	ENSG00000253251
HGNC:53828	ENSG00000244627
HGNC:53829	ENSG00000283900
HGNC:5383	ENSG00000182054
HGNC:53830	ENSG00000254633
HGNC:53831	ENSG00000274259
HGNC:53832	ENSG00000254483
HGNC:53833	ENSG00000285480
HGNC:53834	ENSG00000254876
HGNC:53835	ENSG00000255036
HGNC:53837	ENSG00000239620
HGNC:5384	ENSG00000166411
HGNC:53845	ENSG00000284373
HGNC:53846	ENSG00000284439
HGNC:53847	ENSG00000284283
HGNC:53848	ENSG00000284234
HGNC:53849	ENSG00000284042
HGNC:5385	ENSG00000101365
HGNC:53850	ENSG00000284465
HGNC:53851	ENSG00000283967
HGNC:53852	ENSG00000283988
HGNC:53853	ENSG00000284356
HGNC:53854	ENSG00000283740
HGNC:53855	ENSG00000249156
HGNC:53856	ENSG00000283776
HGNC:53857	ENSG00000250782
HGNC:53858	ENSG00000231728
HGNC:5386	ENSG00000067829
HGNC:53860	ENSG00000229967
HGNC:53864	ENSG00000233086
HGNC:53865	ENSG00000264714
HGNC:53866	ENSG00000231625
HGNC:53867	ENSG00000227790
HGNC:53868	ENSG00000244456
HGNC:53869	ENSG00000257838
HGNC:5387	ENSG00000067064
HGNC:53870	ENSG00000262583
HGNC:53871	ENSG00000224784
HGNC:53872	ENSG00000287889
HGNC:53873	ENSG00000250432
HGNC:53874	ENSG00000231248
HGNC:53875	ENSG00000229697
HGNC:53876	ENSG00000275239
HGNC:53877	ENSG00000283601
HGNC:53878	ENSG00000283378
HGNC:53880	ENSG00000255474
HGNC:53889	ENSG00000270339
HGNC:5389	ENSG00000010404
HGNC:53890	ENSG00000274423
HGNC:53891	ENSG00000275140
HGNC:53892	ENSG00000277406
HGNC:53893	ENSG00000225528
HGNC:53894	ENSG00000268041
HGNC:53895	ENSG00000259916
HGNC:53898	ENSG00000226925
HGNC:539	ENSG00000231991
HGNC:5390	ENSG00000176289
HGNC:53900	ENSG00000259438
HGNC:53901	ENSG00000263590
HGNC:53902	ENSG00000253802
HGNC:53903	ENSG00000285231
HGNC:53904	ENSG00000285010
HGNC:53905	ENSG00000255393
HGNC:53906	ENSG00000254253
HGNC:53907	ENSG00000229663
HGNC:53908	ENSG00000231839
HGNC:53909	ENSG00000254489
HGNC:5391	ENSG00000127415
HGNC:53910	ENSG00000187979
HGNC:53912	ENSG00000274925
HGNC:53913	ENSG00000226210
HGNC:53915	ENSG00000143429
HGNC:53916	ENSG00000230847
HGNC:53917	ENSG00000266504
HGNC:53918	ENSG00000266497
HGNC:53919	ENSG00000267708
HGNC:5392	ENSG00000137331
HGNC:53920	ENSG00000271974
HGNC:53921	ENSG00000263818
HGNC:53922	ENSG00000228035
HGNC:53923	ENSG00000286019
HGNC:53924	ENSG00000286219
HGNC:53925	ENSG00000286106
HGNC:53927	ENSG00000283516
HGNC:53928	ENSG00000260807
HGNC:53929	ENSG00000259590
HGNC:5393	ENSG00000162783
HGNC:53930	ENSG00000268186
HGNC:53931	ENSG00000233858
HGNC:53932	ENSG00000254588
HGNC:53933	ENSG00000223764
HGNC:53935	ENSG00000267440
HGNC:53936	ENSG00000255177
HGNC:53937	ENSG00000257718
HGNC:53938	ENSG00000282881
HGNC:5394	ENSG00000205403
HGNC:53942	ENSG00000274823
HGNC:53943	ENSG00000261488
HGNC:53945	ENSG00000255652
HGNC:53946	ENSG00000231566
HGNC:53947	ENSG00000253741
HGNC:53948	ENSG00000233431
HGNC:5395	ENSG00000163565
HGNC:53951	ENSG00000223935
HGNC:53952	ENSG00000255507
HGNC:53953	ENSG00000184068
HGNC:53954	ENSG00000256155
HGNC:53957	ENSG00000196979
HGNC:53959	ENSG00000249467
HGNC:53960	ENSG00000229674
HGNC:53961	ENSG00000285944
HGNC:53962	ENSG00000285989
HGNC:53963	ENSG00000237797
HGNC:53964	ENSG00000236869
HGNC:53966	ENSG00000223714
HGNC:53967	ENSG00000289412
HGNC:53969	ENSG00000233203
HGNC:5397	ENSG00000165949
HGNC:53970	ENSG00000269929
HGNC:53972	ENSG00000273142
HGNC:53973	ENSG00000197301
HGNC:53974	ENSG00000261618
HGNC:53975	ENSG00000250961
HGNC:53976	ENSG00000257596
HGNC:53977	ENSG00000206142
HGNC:53978	ENSG00000213237
HGNC:53979	ENSG00000269907
HGNC:5398	ENSG00000216490
HGNC:53980	ENSG00000278499
HGNC:53981	ENSG00000279457
HGNC:53982	ENSG00000282886
HGNC:53985	ENSG00000255105
HGNC:53986	ENSG00000233576
HGNC:5399	ENSG00000068079
HGNC:54	ENSG00000108846
HGNC:540	ENSG00000216740
HGNC:5401	ENSG00000135899
HGNC:54044	ENSG00000237463
HGNC:54045	ENSG00000234614
HGNC:54046	ENSG00000224358
HGNC:54047	ENSG00000284693
HGNC:54048	ENSG00000232671
HGNC:54049	ENSG00000228971
HGNC:54050	ENSG00000230424
HGNC:54051	ENSG00000231407
HGNC:54052	ENSG00000226251
HGNC:54053	ENSG00000227591
HGNC:54054	ENSG00000228536
HGNC:54055	ENSG00000236915
HGNC:54056	ENSG00000231312
HGNC:54057	ENSG00000260025
HGNC:54058	ENSG00000235688
HGNC:54059	ENSG00000223960
HGNC:54060	ENSG00000226791
HGNC:54061	ENSG00000226747
HGNC:54062	ENSG00000229056
HGNC:54064	ENSG00000222020
HGNC:54065	ENSG00000226953
HGNC:54066	ENSG00000234028
HGNC:54067	ENSG00000224048
HGNC:54068	ENSG00000231367
HGNC:54069	ENSG00000236107
HGNC:5407	ENSG00000185745
HGNC:54070	ENSG00000257135
HGNC:54071	ENSG00000242770
HGNC:54072	ENSG00000241288
HGNC:54073	ENSG00000286920
HGNC:54074	ENSG00000284713
HGNC:54075	ENSG00000284791
HGNC:54076	ENSG00000284479
HGNC:54078	ENSG00000261761
HGNC:5408	ENSG00000215515
HGNC:54080	ENSG00000285122
HGNC:54081	ENSG00000283247
HGNC:54083	ENSG00000264569
HGNC:54084	ENSG00000286140
HGNC:54085	ENSG00000249545
HGNC:54088	ENSG00000236682
HGNC:54089	ENSG00000256288
HGNC:5409	ENSG00000119922
HGNC:54092	ENSG00000285051
HGNC:54093	ENSG00000246375
HGNC:54094	ENSG00000249382
HGNC:54095	ENSG00000246560
HGNC:54096	ENSG00000287431
HGNC:54097	ENSG00000225768
HGNC:54098	ENSG00000234756
HGNC:54099	ENSG00000259267
HGNC:541	ENSG00000138772
HGNC:54100	ENSG00000228261
HGNC:54101	ENSG00000234944
HGNC:54102	ENSG00000254271
HGNC:54103	ENSG00000229775
HGNC:54104	ENSG00000233643
HGNC:54105	ENSG00000236799
HGNC:54106	ENSG00000229466
HGNC:54107	ENSG00000226412
HGNC:54108	ENSG00000223470
HGNC:54109	ENSG00000226447
HGNC:5411	ENSG00000119917
HGNC:54110	ENSG00000227313
HGNC:54112	ENSG00000237772
HGNC:54114	ENSG00000234864
HGNC:54116	ENSG00000224265
HGNC:54117	ENSG00000233200
HGNC:54118	ENSG00000283000
HGNC:54119	ENSG00000224222
HGNC:5412	ENSG00000185885
HGNC:54120	ENSG00000272430
HGNC:54122	ENSG00000230573
HGNC:54123	ENSG00000233590
HGNC:54124	ENSG00000232591
HGNC:54125	ENSG00000230131
HGNC:54126	ENSG00000230109
HGNC:54127	ENSG00000230720
HGNC:54128	ENSG00000224023
HGNC:54129	ENSG00000234170
HGNC:5413	ENSG00000185201
HGNC:54130	ENSG00000236303
HGNC:54131	ENSG00000223993
HGNC:54132	ENSG00000225948
HGNC:54133	ENSG00000285662
HGNC:54134	ENSG00000215244
HGNC:54135	ENSG00000233945
HGNC:54136	ENSG00000235645
HGNC:54137	ENSG00000237128
HGNC:54138	ENSG00000236373
HGNC:54139	ENSG00000282996
HGNC:5414	ENSG00000142089
HGNC:54140	ENSG00000226140
HGNC:54141	ENSG00000231082
HGNC:54142	ENSG00000212743
HGNC:54143	ENSG00000242147
HGNC:54144	ENSG00000234973
HGNC:54145	ENSG00000236769
HGNC:54146	ENSG00000226005
HGNC:54147	ENSG00000223381
HGNC:54148	ENSG00000231326
HGNC:54149	ENSG00000228636
HGNC:54150	ENSG00000272381
HGNC:54151	ENSG00000223581
HGNC:54152	ENSG00000283141
HGNC:54153	ENSG00000224190
HGNC:54154	ENSG00000226762
HGNC:54155	ENSG00000233321
HGNC:54156	ENSG00000224788
HGNC:54157	ENSG00000270111
HGNC:54158	ENSG00000224714
HGNC:54159	ENSG00000227121
HGNC:54166	ENSG00000264448
HGNC:54167	ENSG00000260151
HGNC:54168	ENSG00000234952
HGNC:54169	ENSG00000264404
HGNC:5417	ENSG00000197919
HGNC:54170	ENSG00000234752
HGNC:54173	ENSG00000226676
HGNC:54174	ENSG00000285737
HGNC:54175	ENSG00000229649
HGNC:54176	ENSG00000235501
HGNC:54177	ENSG00000254661
HGNC:54179	ENSG00000254438
HGNC:5418	ENSG00000186803
HGNC:54180	ENSG00000255512
HGNC:54183	ENSG00000255308
HGNC:54184	ENSG00000254872
HGNC:54185	ENSG00000285533
HGNC:54186	ENSG00000254594
HGNC:54187	ENSG00000255267
HGNC:5419	ENSG00000233816
HGNC:54190	ENSG00000254819
HGNC:54191	ENSG00000246820
HGNC:54192	ENSG00000285985
HGNC:54193	ENSG00000285825
HGNC:54194	ENSG00000255226
HGNC:54196	ENSG00000229267
HGNC:54198	ENSG00000234215
HGNC:542	ENSG00000196975
HGNC:5420	ENSG00000228083
HGNC:54200	ENSG00000216921
HGNC:54201	ENSG00000248767
HGNC:54209	ENSG00000254699
HGNC:5421	ENSG00000147885
HGNC:54210	ENSG00000254427
HGNC:54211	ENSG00000255327
HGNC:54212	ENSG00000256717
HGNC:54213	ENSG00000254456
HGNC:54214	ENSG00000255666
HGNC:54215	ENSG00000255121
HGNC:54216	ENSG00000250508
HGNC:54217	ENSG00000237937
HGNC:54218	ENSG00000257067
HGNC:54219	ENSG00000246523
HGNC:5422	ENSG00000234829
HGNC:54220	ENSG00000255079
HGNC:54221	ENSG00000255032
HGNC:54222	ENSG00000254952
HGNC:54223	ENSG00000255344
HGNC:54224	ENSG00000255427
HGNC:54225	ENSG00000227306
HGNC:54226	ENSG00000245522
HGNC:54227	ENSG00000255269
HGNC:54228	ENSG00000255183
HGNC:54229	ENSG00000273409
HGNC:5423	ENSG00000188379
HGNC:54230	ENSG00000255502
HGNC:54231	ENSG00000251226
HGNC:54232	ENSG00000254659
HGNC:54233	ENSG00000256940
HGNC:54234	ENSG00000285735
HGNC:54235	ENSG00000255418
HGNC:54236	ENSG00000254580
HGNC:54237	ENSG00000255178
HGNC:54238	ENSG00000255133
HGNC:54239	ENSG00000255169
HGNC:5424	ENSG00000137080
HGNC:54240	ENSG00000231680
HGNC:54241	ENSG00000181908
HGNC:54242	ENSG00000273415
HGNC:54243	ENSG00000255193
HGNC:54244	ENSG00000254823
HGNC:54245	ENSG00000251323
HGNC:54246	ENSG00000255335
HGNC:54247	ENSG00000255406
HGNC:54248	ENSG00000204241
HGNC:54249	ENSG00000254416
HGNC:5425	ENSG00000236637
HGNC:54250	ENSG00000255553
HGNC:54251	ENSG00000255382
HGNC:54252	ENSG00000255433
HGNC:54253	ENSG00000279243
HGNC:54254	ENSG00000256684
HGNC:54255	ENSG00000254670
HGNC:54256	ENSG00000255008
HGNC:54257	ENSG00000255109
HGNC:54258	ENSG00000255388
HGNC:54259	ENSG00000249867
HGNC:5426	ENSG00000147873
HGNC:54261	ENSG00000255258
HGNC:54262	ENSG00000254863
HGNC:54263	ENSG00000255300
HGNC:54264	ENSG00000282916
HGNC:54265	ENSG00000175773
HGNC:54266	ENSG00000255774
HGNC:54267	ENSG00000255187
HGNC:54268	ENSG00000254480
HGNC:54269	ENSG00000254518
HGNC:5427	ENSG00000120235
HGNC:54270	ENSG00000255247
HGNC:54271	ENSG00000254946
HGNC:54272	ENSG00000254401
HGNC:54273	ENSG00000248844
HGNC:54274	ENSG00000251637
HGNC:54275	ENSG00000254530
HGNC:54276	ENSG00000255332
HGNC:54277	ENSG00000255363
HGNC:54278	ENSG00000248990
HGNC:54279	ENSG00000255175
HGNC:5428	ENSG00000214042
HGNC:54280	ENSG00000254516
HGNC:54281	ENSG00000255362
HGNC:54282	ENSG00000254968
HGNC:54283	ENSG00000255484
HGNC:54284	ENSG00000258667
HGNC:54285	ENSG00000234476
HGNC:54286	ENSG00000229484
HGNC:54287	ENSG00000284237
HGNC:54288	ENSG00000229291
HGNC:54289	ENSG00000259815
HGNC:5429	ENSG00000120242
HGNC:54290	ENSG00000228215
HGNC:54291	ENSG00000224535
HGNC:54292	ENSG00000271736
HGNC:54293	ENSG00000237980
HGNC:54294	ENSG00000283518
HGNC:54295	ENSG00000224977
HGNC:54296	ENSG00000227373
HGNC:54297	ENSG00000232453
HGNC:54298	ENSG00000238242
HGNC:54299	ENSG00000231529
HGNC:543	ENSG00000164111
HGNC:54300	ENSG00000284668
HGNC:54301	ENSG00000284674
HGNC:54302	ENSG00000231510
HGNC:54303	ENSG00000204362
HGNC:54304	ENSG00000235741
HGNC:54305	ENSG00000226822
HGNC:54306	ENSG00000224592
HGNC:54307	ENSG00000284623
HGNC:54308	ENSG00000229201
HGNC:54309	ENSG00000285532
HGNC:5431	ENSG00000224416
HGNC:54310	ENSG00000231718
HGNC:54311	ENSG00000226835
HGNC:54312	ENSG00000238198
HGNC:54313	ENSG00000237435
HGNC:54314	ENSG00000285752
HGNC:54315	ENSG00000235446
HGNC:54316	ENSG00000285462
HGNC:54317	ENSG00000285823
HGNC:54318	ENSG00000226133
HGNC:54319	ENSG00000285210
HGNC:5432	ENSG00000142166
HGNC:54320	ENSG00000285808
HGNC:54321	ENSG00000189332
HGNC:54323	ENSG00000227082
HGNC:54324	ENSG00000235887
HGNC:54325	ENSG00000284240
HGNC:54326	ENSG00000232527
HGNC:54327	ENSG00000264443
HGNC:54328	ENSG00000227740
HGNC:54329	ENSG00000255536
HGNC:5433	ENSG00000159110
HGNC:54330	ENSG00000254541
HGNC:54331	ENSG00000254529
HGNC:54332	ENSG00000276789
HGNC:54333	ENSG00000255424
HGNC:54334	ENSG00000254720
HGNC:54335	ENSG00000254738
HGNC:54336	ENSG00000254857
HGNC:54337	ENSG00000254546
HGNC:54339	ENSG00000232265
HGNC:5434	ENSG00000171855
HGNC:54340	ENSG00000284696
HGNC:54341	ENSG00000276255
HGNC:54342	ENSG00000236648
HGNC:54343	ENSG00000284678
HGNC:54344	ENSG00000230138
HGNC:54345	ENSG00000225334
HGNC:54346	ENSG00000236975
HGNC:54348	ENSG00000225857
HGNC:54349	ENSG00000231966
HGNC:54350	ENSG00000224943
HGNC:54351	ENSG00000258815
HGNC:54352	ENSG00000257139
HGNC:54353	ENSG00000286021
HGNC:54354	ENSG00000258100
HGNC:54355	ENSG00000256092
HGNC:54356	ENSG00000255998
HGNC:54357	ENSG00000275212
HGNC:54358	ENSG00000236908
HGNC:54359	ENSG00000224164
HGNC:54360	ENSG00000259772
HGNC:54361	ENSG00000237594
HGNC:54362	ENSG00000229274
HGNC:54363	ENSG00000224899
HGNC:54364	ENSG00000285905
HGNC:54365	ENSG00000224173
HGNC:54366	ENSG00000227308
HGNC:54367	ENSG00000258742
HGNC:54368	ENSG00000285686
HGNC:54369	ENSG00000285711
HGNC:54370	ENSG00000237567
HGNC:54371	ENSG00000264464
HGNC:54372	ENSG00000285536
HGNC:54373	ENSG00000254123
HGNC:54374	ENSG00000224893
HGNC:54375	ENSG00000253948
HGNC:54376	ENSG00000267407
HGNC:54377	ENSG00000226337
HGNC:54378	ENSG00000254119
HGNC:54379	ENSG00000253679
HGNC:5438	ENSG00000111537
HGNC:54380	ENSG00000253644
HGNC:54381	ENSG00000260193
HGNC:54382	ENSG00000223734
HGNC:54383	ENSG00000253702
HGNC:54384	ENSG00000226581
HGNC:54385	ENSG00000285768
HGNC:54386	ENSG00000236436
HGNC:54387	ENSG00000229611
HGNC:54388	ENSG00000285866
HGNC:54389	ENSG00000246863
HGNC:5439	ENSG00000027697
HGNC:54390	ENSG00000259245
HGNC:54391	ENSG00000238131
HGNC:54392	ENSG00000254209
HGNC:54393	ENSG00000285594
HGNC:54394	ENSG00000230852
HGNC:54395	ENSG00000285869
HGNC:54397	ENSG00000291309
HGNC:54398	ENSG00000223552
HGNC:544	ENSG00000197043
HGNC:5440	ENSG00000159128
HGNC:54400	ENSG00000232520
HGNC:54402	ENSG00000263069
HGNC:54403	ENSG00000257046
HGNC:54405	ENSG00000225255
HGNC:54406	ENSG00000262185
HGNC:54408	ENSG00000232445
HGNC:54409	ENSG00000259884
HGNC:54417	ENSG00000288869
HGNC:54418	ENSG00000228412
HGNC:54419	ENSG00000237571
HGNC:5442	ENSG00000231195
HGNC:54420	ENSG00000271461
HGNC:54421	ENSG00000240350
HGNC:54422	ENSG00000288558
HGNC:54424	ENSG00000272870
HGNC:54425	ENSG00000234817
HGNC:54427	ENSG00000277720
HGNC:54428	ENSG00000274428
HGNC:54429	ENSG00000275291
HGNC:5443	ENSG00000235108
HGNC:54430	ENSG00000278099
HGNC:54431	ENSG00000274210
HGNC:54432	ENSG00000277918
HGNC:54433	ENSG00000273768
HGNC:54434	ENSG00000206828
HGNC:54435	ENSG00000277678
HGNC:54436	ENSG00000270384
HGNC:54437	ENSG00000252135
HGNC:54438	ENSG00000261087
HGNC:54439	ENSG00000223951
HGNC:5444	ENSG00000226393
HGNC:54440	ENSG00000253156
HGNC:54441	ENSG00000240912
HGNC:54442	ENSG00000223497
HGNC:54443	ENSG00000277410
HGNC:54444	ENSG00000226222
HGNC:54445	ENSG00000235976
HGNC:54446	ENSG00000231787
HGNC:54447	ENSG00000240680
HGNC:54448	ENSG00000270722
HGNC:54449	ENSG00000270915
HGNC:54450	ENSG00000251005
HGNC:54451	ENSG00000248205
HGNC:54452	ENSG00000249620
HGNC:54453	ENSG00000271296
HGNC:54454	ENSG00000250351
HGNC:54455	ENSG00000250386
HGNC:54456	ENSG00000250715
HGNC:54457	ENSG00000250705
HGNC:54458	ENSG00000251118
HGNC:54459	ENSG00000275506
HGNC:54460	ENSG00000220730
HGNC:54461	ENSG00000220347
HGNC:54462	ENSG00000228783
HGNC:54463	ENSG00000227443
HGNC:54464	ENSG00000232466
HGNC:54465	ENSG00000233814
HGNC:54466	ENSG00000255492
HGNC:54467	ENSG00000255295
HGNC:54468	ENSG00000257287
HGNC:54469	ENSG00000259338
HGNC:54470	ENSG00000258570
HGNC:54471	ENSG00000271626
HGNC:54472	ENSG00000226436
HGNC:54473	ENSG00000227211
HGNC:54474	ENSG00000278317
HGNC:54475	ENSG00000179101
HGNC:54478	ENSG00000238005
HGNC:5448	ENSG00000177047
HGNC:54480	ENSG00000263711
HGNC:54481	ENSG00000233296
HGNC:54482	ENSG00000258451
HGNC:54484	ENSG00000235072
HGNC:54485	ENSG00000286027
HGNC:5449	ENSG00000232281
HGNC:54490	ENSG00000283613
HGNC:54491	ENSG00000235012
HGNC:54492	ENSG00000250687
HGNC:54493	ENSG00000248477
HGNC:54494	ENSG00000251634
HGNC:54495	ENSG00000198237
HGNC:54496	ENSG00000253816
HGNC:54497	ENSG00000196302
HGNC:54498	ENSG00000253366
HGNC:54499	ENSG00000258420
HGNC:545	ENSG00000138279
HGNC:5450	ENSG00000223684
HGNC:54500	ENSG00000258415
HGNC:54501	ENSG00000273692
HGNC:54502	ENSG00000220181
HGNC:54503	ENSG00000237325
HGNC:54504	ENSG00000229336
HGNC:54505	ENSG00000271227
HGNC:54506	ENSG00000279720
HGNC:54509	ENSG00000278631
HGNC:5451	ENSG00000238271
HGNC:54510	ENSG00000236155
HGNC:54511	ENSG00000279177
HGNC:54512	ENSG00000280330
HGNC:54516	ENSG00000229922
HGNC:54518	ENSG00000253665
HGNC:54519	ENSG00000260394
HGNC:5452	ENSG00000237691
HGNC:54520	ENSG00000274536
HGNC:54521	ENSG00000232395
HGNC:54523	ENSG00000234865
HGNC:54524	ENSG00000181097
HGNC:54525	ENSG00000271077
HGNC:54527	ENSG00000237842
HGNC:54528	ENSG00000271164
HGNC:54529	ENSG00000236077
HGNC:5453	ENSG00000225027
HGNC:54530	ENSG00000237860
HGNC:54531	ENSG00000236655
HGNC:54532	ENSG00000215895
HGNC:54533	ENSG00000227738
HGNC:54534	ENSG00000235640
HGNC:54535	ENSG00000228937
HGNC:54536	ENSG00000229781
HGNC:54537	ENSG00000215720
HGNC:54538	ENSG00000236562
HGNC:54539	ENSG00000223722
HGNC:5454	ENSG00000232138
HGNC:54540	ENSG00000251583
HGNC:54541	ENSG00000196114
HGNC:54542	ENSG00000230191
HGNC:54543	ENSG00000238168
HGNC:54544	ENSG00000278480
HGNC:54545	ENSG00000258352
HGNC:54546	ENSG00000233419
HGNC:54547	ENSG00000271377
HGNC:54548	ENSG00000271134
HGNC:54549	ENSG00000271428
HGNC:5455	ENSG00000226597
HGNC:54552	ENSG00000224904
HGNC:54553	ENSG00000227288
HGNC:54554	ENSG00000213540
HGNC:54555	ENSG00000226970
HGNC:54556	ENSG00000226745
HGNC:54557	ENSG00000279864
HGNC:54558	ENSG00000234119
HGNC:54559	ENSG00000237964
HGNC:5456	ENSG00000006652
HGNC:54560	ENSG00000227134
HGNC:54561	ENSG00000236360
HGNC:54562	ENSG00000233751
HGNC:54563	ENSG00000225369
HGNC:54564	ENSG00000213698
HGNC:54565	ENSG00000233263
HGNC:54566	ENSG00000270729
HGNC:54567	ENSG00000231351
HGNC:54568	ENSG00000233205
HGNC:54569	ENSG00000213126
HGNC:5457	ENSG00000214706
HGNC:54570	ENSG00000269316
HGNC:54571	ENSG00000240854
HGNC:54572	ENSG00000230783
HGNC:54573	ENSG00000253137
HGNC:54574	ENSG00000270390
HGNC:54575	ENSG00000224007
HGNC:54577	ENSG00000233225
HGNC:54578	ENSG00000244720
HGNC:54579	ENSG00000224425
HGNC:54580	ENSG00000236035
HGNC:54581	ENSG00000258357
HGNC:54582	ENSG00000179031
HGNC:54583	ENSG00000259750
HGNC:54584	ENSG00000227176
HGNC:54587	ENSG00000250980
HGNC:54588	ENSG00000238251
HGNC:54589	ENSG00000231848
HGNC:54590	ENSG00000235651
HGNC:54591	ENSG00000259086
HGNC:54592	ENSG00000233671
HGNC:54593	ENSG00000228615
HGNC:54594	ENSG00000232766
HGNC:54595	ENSG00000226366
HGNC:54597	ENSG00000240487
HGNC:54598	ENSG00000224442
HGNC:54599	ENSG00000233872
HGNC:546	ENSG00000265190
HGNC:54600	ENSG00000226539
HGNC:54601	ENSG00000226340
HGNC:54602	ENSG00000223824
HGNC:54603	ENSG00000232186
HGNC:54604	ENSG00000214380
HGNC:54607	ENSG00000235579
HGNC:54608	ENSG00000224291
HGNC:54609	ENSG00000251000
HGNC:5461	ENSG00000089289
HGNC:54610	ENSG00000232943
HGNC:54611	ENSG00000225842
HGNC:54612	ENSG00000226261
HGNC:54613	ENSG00000216425
HGNC:54614	ENSG00000217653
HGNC:54615	ENSG00000248340
HGNC:54616	ENSG00000204993
HGNC:54618	ENSG00000224826
HGNC:54619	ENSG00000228446
HGNC:54620	ENSG00000225349
HGNC:54621	ENSG00000248616
HGNC:54622	ENSG00000214684
HGNC:54623	ENSG00000277156
HGNC:54624	ENSG00000215270
HGNC:54632	ENSG00000249360
HGNC:54633	ENSG00000213222
HGNC:54634	ENSG00000227847
HGNC:54635	ENSG00000285815
HGNC:54636	ENSG00000265590
HGNC:54637	ENSG00000254776
HGNC:54638	ENSG00000213081
HGNC:5464	ENSG00000017427
HGNC:54641	ENSG00000214070
HGNC:54642	ENSG00000231822
HGNC:54643	ENSG00000232320
HGNC:54644	ENSG00000229023
HGNC:54645	ENSG00000217272
HGNC:54646	ENSG00000232277
HGNC:54647	ENSG00000225496
HGNC:54648	ENSG00000225165
HGNC:54649	ENSG00000228209
HGNC:5465	ENSG00000140443
HGNC:54650	ENSG00000271356
HGNC:54651	ENSG00000231655
HGNC:54652	ENSG00000274010
HGNC:54653	ENSG00000232556
HGNC:54654	ENSG00000232479
HGNC:54655	ENSG00000224761
HGNC:54656	ENSG00000230039
HGNC:54657	ENSG00000269845
HGNC:54659	ENSG00000261528
HGNC:5466	ENSG00000167244
HGNC:54660	ENSG00000175967
HGNC:54661	ENSG00000254469
HGNC:54662	ENSG00000289718
HGNC:54663	ENSG00000230154
HGNC:54664	ENSG00000251429
HGNC:54665	ENSG00000264189
HGNC:54666	ENSG00000237939
HGNC:54667	ENSG00000253654
HGNC:54668	ENSG00000231071
HGNC:54669	ENSG00000232915
HGNC:5467	ENSG00000197081
HGNC:54670	ENSG00000250594
HGNC:54671	ENSG00000238109
HGNC:54672	ENSG00000223500
HGNC:54673	ENSG00000159186
HGNC:54674	ENSG00000180105
HGNC:54675	ENSG00000235352
HGNC:54676	ENSG00000224891
HGNC:54677	ENSG00000236440
HGNC:5468	ENSG00000099769
HGNC:54680	ENSG00000238065
HGNC:54681	ENSG00000229173
HGNC:54682	ENSG00000203363
HGNC:54683	ENSG00000265863
HGNC:54684	ENSG00000213083
HGNC:54685	ENSG00000213090
HGNC:54686	ENSG00000185631
HGNC:54687	ENSG00000232202
HGNC:54688	ENSG00000263606
HGNC:54689	ENSG00000248162
HGNC:5469	ENSG00000146678
HGNC:54690	ENSG00000233020
HGNC:54691	ENSG00000257043
HGNC:54692	ENSG00000254079
HGNC:54693	ENSG00000224061
HGNC:54694	ENSG00000235325
HGNC:54695	ENSG00000233307
HGNC:54696	ENSG00000239880
HGNC:54697	ENSG00000238029
HGNC:54698	ENSG00000231228
HGNC:54699	ENSG00000204637
HGNC:547	ENSG00000143412
HGNC:54700	ENSG00000196085
HGNC:54701	ENSG00000235411
HGNC:54702	ENSG00000203387
HGNC:54703	ENSG00000233370
HGNC:54704	ENSG00000223427
HGNC:54705	ENSG00000230237
HGNC:54708	ENSG00000231259
HGNC:54709	ENSG00000230395
HGNC:5471	ENSG00000115457
HGNC:54710	ENSG00000234231
HGNC:54711	ENSG00000275597
HGNC:54712	ENSG00000235486
HGNC:5472	ENSG00000146674
HGNC:54720	ENSG00000224792
HGNC:54721	ENSG00000258611
HGNC:54722	ENSG00000279307
HGNC:54723	ENSG00000255358
HGNC:54724	ENSG00000288622
HGNC:54725	ENSG00000270846
HGNC:54726	ENSG00000271627
HGNC:54727	ENSG00000232531
HGNC:54728	ENSG00000242583
HGNC:54729	ENSG00000270528
HGNC:5473	ENSG00000141753
HGNC:54730	ENSG00000225934
HGNC:54731	ENSG00000256079
HGNC:54732	ENSG00000236596
HGNC:54733	ENSG00000250391
HGNC:54734	ENSG00000231723
HGNC:54735	ENSG00000227265
HGNC:54736	ENSG00000224232
HGNC:54737	ENSG00000234429
HGNC:54738	ENSG00000231686
HGNC:54739	ENSG00000231722
HGNC:5474	ENSG00000115461
HGNC:54740	ENSG00000226860
HGNC:54741	ENSG00000251050
HGNC:54742	ENSG00000228225
HGNC:54743	ENSG00000226273
HGNC:54744	ENSG00000144158
HGNC:54745	ENSG00000175509
HGNC:54746	ENSG00000230299
HGNC:54747	ENSG00000232114
HGNC:54748	ENSG00000227513
HGNC:54749	ENSG00000231386
HGNC:5475	ENSG00000167779
HGNC:54750	ENSG00000271318
HGNC:54751	ENSG00000285292
HGNC:54752	ENSG00000270936
HGNC:54753	ENSG00000172974
HGNC:54754	ENSG00000254612
HGNC:54755	ENSG00000251203
HGNC:54756	ENSG00000231802
HGNC:54757	ENSG00000228523
HGNC:54758	ENSG00000256441
HGNC:54759	ENSG00000234247
HGNC:5476	ENSG00000163453
HGNC:54760	ENSG00000243508
HGNC:54761	ENSG00000264529
HGNC:54762	ENSG00000237979
HGNC:54763	ENSG00000227799
HGNC:54764	ENSG00000232090
HGNC:54765	ENSG00000244565
HGNC:54766	ENSG00000224443
HGNC:54767	ENSG00000229338
HGNC:54768	ENSG00000213148
HGNC:54769	ENSG00000236832
HGNC:54770	ENSG00000226986
HGNC:54771	ENSG00000228305
HGNC:54772	ENSG00000230748
HGNC:54773	ENSG00000233716
HGNC:54774	ENSG00000235647
HGNC:54775	ENSG00000233868
HGNC:54776	ENSG00000235968
HGNC:54777	ENSG00000228872
HGNC:54778	ENSG00000285420
HGNC:54779	ENSG00000241218
HGNC:5478	ENSG00000211895
HGNC:54781	ENSG00000232658
HGNC:54782	ENSG00000235218
HGNC:54783	ENSG00000224219
HGNC:54784	ENSG00000235548
HGNC:54785	ENSG00000227180
HGNC:54786	ENSG00000226789
HGNC:54789	ENSG00000228051
HGNC:5479	ENSG00000211890
HGNC:54790	ENSG00000179997
HGNC:54791	ENSG00000218261
HGNC:54792	ENSG00000271639
HGNC:54793	ENSG00000230047
HGNC:54794	ENSG00000235695
HGNC:54795	ENSG00000233996
HGNC:54796	ENSG00000231032
HGNC:54797	ENSG00000251485
HGNC:54799	ENSG00000214796
HGNC:548	ENSG00000136250
HGNC:5480	ENSG00000211898
HGNC:54801	ENSG00000248027
HGNC:54802	ENSG00000251138
HGNC:54803	ENSG00000285774
HGNC:54806	ENSG00000259416
HGNC:54808	ENSG00000231246
HGNC:54809	ENSG00000273723
HGNC:54810	ENSG00000257605
HGNC:54811	ENSG00000258384
HGNC:54812	ENSG00000263412
HGNC:54814	ENSG00000272455
HGNC:54817	ENSG00000245293
HGNC:54818	ENSG00000248980
HGNC:54819	ENSG00000267414
HGNC:5482	ENSG00000236170
HGNC:54820	ENSG00000272686
HGNC:54821	ENSG00000271849
HGNC:54822	ENSG00000255958
HGNC:54824	ENSG00000248599
HGNC:5483	ENSG00000227108
HGNC:54830	ENSG00000259057
HGNC:54834	ENSG00000235920
HGNC:5484	ENSG00000237020
HGNC:54842	ENSG00000286025
HGNC:54843	ENSG00000286175
HGNC:54844	ENSG00000286102
HGNC:5485	ENSG00000211907
HGNC:54852	ENSG00000263873
HGNC:54857	ENSG00000285509
HGNC:5486	ENSG00000237197
HGNC:54867	ENSG00000253712
HGNC:54868	ENSG00000245648
HGNC:54869	ENSG00000233392
HGNC:5487	ENSG00000271336
HGNC:54870	ENSG00000203739
HGNC:54871	ENSG00000271646
HGNC:54872	ENSG00000234996
HGNC:54873	ENSG00000274374
HGNC:54874	ENSG00000253547
HGNC:54875	ENSG00000238145
HGNC:54876	ENSG00000225154
HGNC:54877	ENSG00000248506
HGNC:54878	ENSG00000259751
HGNC:54879	ENSG00000259614
HGNC:5488	ENSG00000270185
HGNC:54880	ENSG00000242575
HGNC:54881	ENSG00000247763
HGNC:54882	ENSG00000250895
HGNC:54883	ENSG00000230249
HGNC:54884	ENSG00000182888
HGNC:54886	ENSG00000225722
HGNC:54887	ENSG00000238193
HGNC:54888	ENSG00000231619
HGNC:54889	ENSG00000232601
HGNC:5489	ENSG00000211918
HGNC:54890	ENSG00000225271
HGNC:54891	ENSG00000214745
HGNC:54892	ENSG00000232392
HGNC:54893	ENSG00000223418
HGNC:54894	ENSG00000223498
HGNC:54895	ENSG00000248930
HGNC:54896	ENSG00000213073
HGNC:54897	ENSG00000226153
HGNC:54898	ENSG00000225066
HGNC:54899	ENSG00000196564
HGNC:549	ENSG00000131480
HGNC:5490	ENSG00000211931
HGNC:54900	ENSG00000271286
HGNC:54901	ENSG00000226774
HGNC:54902	ENSG00000267544
HGNC:54904	ENSG00000271081
HGNC:54905	ENSG00000214111
HGNC:54906	ENSG00000257501
HGNC:54907	ENSG00000176812
HGNC:54908	ENSG00000228519
HGNC:54909	ENSG00000231388
HGNC:5491	ENSG00000211912
HGNC:54910	ENSG00000230265
HGNC:54911	ENSG00000233807
HGNC:54912	ENSG00000238247
HGNC:54913	ENSG00000287071
HGNC:54914	ENSG00000276832
HGNC:54915	ENSG00000268951
HGNC:54916	ENSG00000279062
HGNC:54917	ENSG00000279414
HGNC:54918	ENSG00000251345
HGNC:54919	ENSG00000233765
HGNC:5492	ENSG00000211925
HGNC:54920	ENSG00000258781
HGNC:54921	ENSG00000224589
HGNC:54922	ENSG00000236072
HGNC:54923	ENSG00000233880
HGNC:54924	ENSG00000224887
HGNC:54925	ENSG00000279903
HGNC:54926	ENSG00000283972
HGNC:54927	ENSG00000278044
HGNC:5493	ENSG00000282599
HGNC:54930	ENSG00000223723
HGNC:54931	ENSG00000259493
HGNC:54932	ENSG00000232370
HGNC:54933	ENSG00000270759
HGNC:54934	ENSG00000256192
HGNC:54935	ENSG00000214031
HGNC:54936	ENSG00000237661
HGNC:54937	ENSG00000226641
HGNC:54938	ENSG00000225238
HGNC:54939	ENSG00000217624
HGNC:5494	ENSG00000282268
HGNC:54940	ENSG00000270280
HGNC:54941	ENSG00000270326
HGNC:54942	ENSG00000214019
HGNC:54943	ENSG00000237782
HGNC:54944	ENSG00000204915
HGNC:54946	ENSG00000215286
HGNC:54947	ENSG00000235554
HGNC:54948	ENSG00000231235
HGNC:54949	ENSG00000224072
HGNC:5495	ENSG00000211923
HGNC:54950	ENSG00000215284
HGNC:54951	ENSG00000237351
HGNC:54952	ENSG00000224656
HGNC:54953	ENSG00000213706
HGNC:54954	ENSG00000238032
HGNC:54955	ENSG00000232813
HGNC:54956	ENSG00000231568
HGNC:54957	ENSG00000269281
HGNC:54958	ENSG00000270747
HGNC:54959	ENSG00000220132
HGNC:5496	ENSG00000211917
HGNC:54960	ENSG00000237528
HGNC:54961	ENSG00000237275
HGNC:54962	ENSG00000234413
HGNC:54963	ENSG00000235416
HGNC:54964	ENSG00000229037
HGNC:54965	ENSG00000234466
HGNC:54966	ENSG00000235136
HGNC:54967	ENSG00000237708
HGNC:54968	ENSG00000227427
HGNC:54969	ENSG00000217585
HGNC:5497	ENSG00000211911
HGNC:54970	ENSG00000235558
HGNC:54971	ENSG00000226444
HGNC:54972	ENSG00000236852
HGNC:54973	ENSG00000225896
HGNC:54975	ENSG00000233828
HGNC:54976	ENSG00000213754
HGNC:54977	ENSG00000237963
HGNC:54978	ENSG00000227534
HGNC:54979	ENSG00000217835
HGNC:5498	ENSG00000211930
HGNC:54980	ENSG00000215168
HGNC:54981	ENSG00000231356
HGNC:54982	ENSG00000231053
HGNC:54983	ENSG00000213747
HGNC:54984	ENSG00000257572
HGNC:54985	ENSG00000230832
HGNC:54986	ENSG00000236048
HGNC:54987	ENSG00000224208
HGNC:54988	ENSG00000213018
HGNC:54989	ENSG00000255875
HGNC:5499	ENSG00000211924
HGNC:54990	ENSG00000215120
HGNC:54991	ENSG00000225858
HGNC:54992	ENSG00000237014
HGNC:54993	ENSG00000203397
HGNC:54994	ENSG00000234969
HGNC:54995	ENSG00000226753
HGNC:54996	ENSG00000237252
HGNC:54997	ENSG00000254708
HGNC:54999	ENSG00000278139
HGNC:55	ENSG00000125257
HGNC:550	ENSG00000131471
HGNC:5500	ENSG00000282520
HGNC:55000	ENSG00000288460
HGNC:55001	ENSG00000232332
HGNC:55002	ENSG00000270268
HGNC:55003	ENSG00000225715
HGNC:55004	ENSG00000233446
HGNC:55005	ENSG00000228041
HGNC:55006	ENSG00000236365
HGNC:55007	ENSG00000236870
HGNC:55008	ENSG00000270446
HGNC:5501	ENSG00000282089
HGNC:55010	ENSG00000230706
HGNC:55011	ENSG00000227581
HGNC:55014	ENSG00000228242
HGNC:55016	ENSG00000237873
HGNC:55017	ENSG00000234130
HGNC:55018	ENSG00000237381
HGNC:55019	ENSG00000214961
HGNC:5502	ENSG00000232543
HGNC:55020	ENSG00000270826
HGNC:55021	ENSG00000227521
HGNC:55022	ENSG00000259966
HGNC:55023	ENSG00000215085
HGNC:55024	ENSG00000213569
HGNC:55025	ENSG00000270196
HGNC:55026	ENSG00000232842
HGNC:55027	ENSG00000229693
HGNC:55028	ENSG00000237752
HGNC:55029	ENSG00000234889
HGNC:5503	ENSG00000227800
HGNC:55030	ENSG00000270308
HGNC:55031	ENSG00000236988
HGNC:55032	ENSG00000238116
HGNC:55033	ENSG00000182574
HGNC:55034	ENSG00000256709
HGNC:55035	ENSG00000237682
HGNC:55036	ENSG00000226119
HGNC:55037	ENSG00000180284
HGNC:55038	ENSG00000282785
HGNC:55039	ENSG00000283270
HGNC:5504	ENSG00000227196
HGNC:55040	ENSG00000230312
HGNC:55042	ENSG00000230788
HGNC:55043	ENSG00000225728
HGNC:55044	ENSG00000238041
HGNC:55045	ENSG00000227518
HGNC:55047	ENSG00000280279
HGNC:55048	ENSG00000272841
HGNC:55049	ENSG00000215000
HGNC:5505	ENSG00000233655
HGNC:55050	ENSG00000233874
HGNC:55051	ENSG00000228042
HGNC:55052	ENSG00000271400
HGNC:55053	ENSG00000271686
HGNC:55054	ENSG00000228532
HGNC:55055	ENSG00000224217
HGNC:55056	ENSG00000224314
HGNC:55057	ENSG00000260675
HGNC:55058	ENSG00000250995
HGNC:55059	ENSG00000224341
HGNC:5506	ENSG00000271317
HGNC:55060	ENSG00000231270
HGNC:55061	ENSG00000270625
HGNC:55062	ENSG00000181511
HGNC:55063	ENSG00000232879
HGNC:55064	ENSG00000271424
HGNC:55065	ENSG00000213857
HGNC:55066	ENSG00000257243
HGNC:55067	ENSG00000237631
HGNC:55068	ENSG00000217227
HGNC:5507	ENSG00000270451
HGNC:55071	ENSG00000236039
HGNC:55072	ENSG00000283930
HGNC:55073	ENSG00000267281
HGNC:55074	ENSG00000233433
HGNC:55075	ENSG00000273492
HGNC:55076	ENSG00000273382
HGNC:55077	ENSG00000164112
HGNC:55078	ENSG00000224205
HGNC:55079	ENSG00000254893
HGNC:5508	ENSG00000211921
HGNC:55080	ENSG00000279928
HGNC:55081	ENSG00000275131
HGNC:55082	ENSG00000233430
HGNC:55083	ENSG00000275585
HGNC:55084	ENSG00000275064
HGNC:55085	ENSG00000288677
HGNC:55086	ENSG00000237891
HGNC:55087	ENSG00000237025
HGNC:55088	ENSG00000286156
HGNC:55089	ENSG00000248885
HGNC:5509	ENSG00000211915
HGNC:55090	ENSG00000255042
HGNC:55091	ENSG00000275562
HGNC:55092	ENSG00000185495
HGNC:55095	ENSG00000283365
HGNC:55096	ENSG00000275061
HGNC:55097	ENSG00000231551
HGNC:55098	ENSG00000234232
HGNC:55099	ENSG00000225710
HGNC:5510	ENSG00000211909
HGNC:55100	ENSG00000230239
HGNC:55101	ENSG00000228823
HGNC:55102	ENSG00000260123
HGNC:55105	ENSG00000259680
HGNC:55106	ENSG00000260213
HGNC:55107	ENSG00000213489
HGNC:55108	ENSG00000254871
HGNC:55109	ENSG00000182974
HGNC:5511	ENSG00000211928
HGNC:55110	ENSG00000279408
HGNC:55111	ENSG00000286255
HGNC:55112	ENSG00000285116
HGNC:55113	ENSG00000285491
HGNC:55114	ENSG00000197468
HGNC:55115	ENSG00000250804
HGNC:55116	ENSG00000279445
HGNC:55117	ENSG00000259324
HGNC:5512	ENSG00000270961
HGNC:55123	ENSG00000253555
HGNC:55125	ENSG00000225868
HGNC:55126	ENSG00000287363
HGNC:55127	ENSG00000235239
HGNC:55128	ENSG00000226802
HGNC:55129	ENSG00000234592
HGNC:5513	ENSG00000270824
HGNC:55130	ENSG00000238188
HGNC:55131	ENSG00000228450
HGNC:55132	ENSG00000228819
HGNC:55133	ENSG00000227064
HGNC:55134	ENSG00000271158
HGNC:55135	ENSG00000229462
HGNC:55136	ENSG00000237833
HGNC:55137	ENSG00000235975
HGNC:55138	ENSG00000230707
HGNC:55139	ENSG00000286051
HGNC:5514	ENSG00000211920
HGNC:55140	ENSG00000233483
HGNC:55141	ENSG00000273249
HGNC:55143	ENSG00000224942
HGNC:55144	ENSG00000214925
HGNC:55145	ENSG00000231093
HGNC:55146	ENSG00000270709
HGNC:55147	ENSG00000267315
HGNC:55148	ENSG00000253299
HGNC:55149	ENSG00000227505
HGNC:5515	ENSG00000211914
HGNC:55150	ENSG00000249277
HGNC:55151	ENSG00000233467
HGNC:55152	ENSG00000224963
HGNC:55153	ENSG00000273247
HGNC:55154	ENSG00000273143
HGNC:55155	ENSG00000273117
HGNC:55156	ENSG00000228717
HGNC:55157	ENSG00000229979
HGNC:55158	ENSG00000233688
HGNC:55159	ENSG00000224978
HGNC:5516	ENSG00000225825
HGNC:55160	ENSG00000230491
HGNC:55161	ENSG00000273106
HGNC:55162	ENSG00000273082
HGNC:55163	ENSG00000273062
HGNC:55167	ENSG00000230914
HGNC:5517	ENSG00000228131
HGNC:55170	ENSG00000241014
HGNC:55173	ENSG00000269226
HGNC:55174	ENSG00000273008
HGNC:55175	ENSG00000273002
HGNC:55177	ENSG00000273001
HGNC:55178	ENSG00000272994
HGNC:5518	ENSG00000236597
HGNC:55184	ENSG00000285891
HGNC:55185	ENSG00000226690
HGNC:55186	ENSG00000272931
HGNC:55187	ENSG00000272894
HGNC:55188	ENSG00000272853
HGNC:55191	ENSG00000272795
HGNC:55192	ENSG00000272758
HGNC:55194	ENSG00000236068
HGNC:55196	ENSG00000283669
HGNC:55197	ENSG00000278803
HGNC:55202	ENSG00000272721
HGNC:55203	ENSG00000272716
HGNC:55204	ENSG00000272711
HGNC:55205	ENSG00000272677
HGNC:55206	ENSG00000272663
HGNC:55207	ENSG00000272662
HGNC:55208	ENSG00000272619
HGNC:55209	ENSG00000272606
HGNC:55210	ENSG00000272562
HGNC:55211	ENSG00000272525
HGNC:55212	ENSG00000272459
HGNC:55213	ENSG00000272431
HGNC:55214	ENSG00000272324
HGNC:55215	ENSG00000272323
HGNC:55216	ENSG00000272288
HGNC:55217	ENSG00000272269
HGNC:5522	ENSG00000211891
HGNC:55220	ENSG00000260905
HGNC:55221	ENSG00000249923
HGNC:55222	ENSG00000272205
HGNC:55223	ENSG00000272192
HGNC:55224	ENSG00000278621
HGNC:55225	ENSG00000276107
HGNC:55227	ENSG00000272186
HGNC:55228	ENSG00000272170
HGNC:55229	ENSG00000277089
HGNC:5523	ENSG00000253692
HGNC:55230	ENSG00000272097
HGNC:55231	ENSG00000272086
HGNC:55232	ENSG00000272081
HGNC:55233	ENSG00000272068
HGNC:55234	ENSG00000272057
HGNC:55235	ENSG00000272023
HGNC:55236	ENSG00000271991
HGNC:55237	ENSG00000271966
HGNC:55238	ENSG00000271931
HGNC:55239	ENSG00000271913
HGNC:5524	ENSG00000254017
HGNC:55240	ENSG00000271888
HGNC:55241	ENSG00000271869
HGNC:55242	ENSG00000271848
HGNC:55243	ENSG00000271784
HGNC:55244	ENSG00000271643
HGNC:55245	ENSG00000271576
HGNC:55246	ENSG00000271474
HGNC:55247	ENSG00000273769
HGNC:55249	ENSG00000271387
HGNC:5525	ENSG00000211896
HGNC:55250	ENSG00000271380
HGNC:55251	ENSG00000271360
HGNC:55252	ENSG00000271335
HGNC:55253	ENSG00000224244
HGNC:55254	ENSG00000253408
HGNC:55255	ENSG00000261268
HGNC:55256	ENSG00000271200
HGNC:55257	ENSG00000271133
HGNC:55258	ENSG00000271122
HGNC:55259	ENSG00000271065
HGNC:5526	ENSG00000211893
HGNC:55260	ENSG00000271040
HGNC:55261	ENSG00000270964
HGNC:55262	ENSG00000270820
HGNC:55263	ENSG00000270761
HGNC:55264	ENSG00000270607
HGNC:55265	ENSG00000224609
HGNC:55266	ENSG00000270177
HGNC:55267	ENSG00000270112
HGNC:55268	ENSG00000270049
HGNC:55269	ENSG00000270006
HGNC:5527	ENSG00000211897
HGNC:55270	ENSG00000269961
HGNC:55271	ENSG00000269859
HGNC:55272	ENSG00000269696
HGNC:55273	ENSG00000269473
HGNC:55274	ENSG00000269439
HGNC:55275	ENSG00000269303
HGNC:55276	ENSG00000269145
HGNC:55277	ENSG00000269054
HGNC:55278	ENSG00000269038
HGNC:55279	ENSG00000268564
HGNC:5528	ENSG00000211892
HGNC:55280	ENSG00000268516
HGNC:55281	ENSG00000268366
HGNC:55282	ENSG00000267905
HGNC:55283	ENSG00000231172
HGNC:55284	ENSG00000267852
HGNC:55285	ENSG00000267778
HGNC:55286	ENSG00000267751
HGNC:55288	ENSG00000267662
HGNC:55289	ENSG00000267658
HGNC:5529	ENSG00000253755
HGNC:55290	ENSG00000267642
HGNC:55291	ENSG00000267626
HGNC:55292	ENSG00000267577
HGNC:55293	ENSG00000267551
HGNC:55294	ENSG00000267549
HGNC:55295	ENSG00000267498
HGNC:55296	ENSG00000267475
HGNC:55297	ENSG00000267421
HGNC:55298	ENSG00000267394
HGNC:55299	ENSG00000267390
HGNC:553	ENSG00000138356
HGNC:55300	ENSG00000267334
HGNC:55301	ENSG00000267309
HGNC:55302	ENSG00000267291
HGNC:55303	ENSG00000267289
HGNC:55304	ENSG00000267275
HGNC:55305	ENSG00000267265
HGNC:55306	ENSG00000267226
HGNC:55307	ENSG00000267213
HGNC:55308	ENSG00000267191
HGNC:55309	ENSG00000267169
HGNC:55310	ENSG00000267144
HGNC:55311	ENSG00000267121
HGNC:55312	ENSG00000266983
HGNC:55313	ENSG00000266969
HGNC:55314	ENSG00000266962
HGNC:55315	ENSG00000266933
HGNC:55316	ENSG00000266921
HGNC:55317	ENSG00000266903
HGNC:55318	ENSG00000251154
HGNC:55319	ENSG00000266473
HGNC:5532	ENSG00000211905
HGNC:55320	ENSG00000266441
HGNC:55321	ENSG00000266389
HGNC:55322	ENSG00000266036
HGNC:55323	ENSG00000265984
HGNC:55324	ENSG00000265778
HGNC:55325	ENSG00000265533
HGNC:55326	ENSG00000265489
HGNC:55327	ENSG00000265458
HGNC:55328	ENSG00000265451
HGNC:55329	ENSG00000264964
HGNC:5533	ENSG00000227335
HGNC:55330	ENSG00000264920
HGNC:55331	ENSG00000264235
HGNC:55332	ENSG00000264107
HGNC:55333	ENSG00000263958
HGNC:55334	ENSG00000263884
HGNC:55335	ENSG00000263843
HGNC:55336	ENSG00000263766
HGNC:55337	ENSG00000263307
HGNC:55338	ENSG00000263293
HGNC:55339	ENSG00000263004
HGNC:5534	ENSG00000211904
HGNC:55340	ENSG00000262693
HGNC:55341	ENSG00000237686
HGNC:55342	ENSG00000262678
HGNC:55343	ENSG00000262165
HGNC:55344	ENSG00000262136
HGNC:55345	ENSG00000262061
HGNC:55346	ENSG00000261886
HGNC:55347	ENSG00000261879
HGNC:55349	ENSG00000261777
HGNC:5535	ENSG00000237547
HGNC:55350	ENSG00000261758
HGNC:55351	ENSG00000261744
HGNC:55352	ENSG00000261644
HGNC:55353	ENSG00000261634
HGNC:55355	ENSG00000261595
HGNC:55356	ENSG00000261570
HGNC:55358	ENSG00000232756
HGNC:55359	ENSG00000269994
HGNC:5536	ENSG00000242887
HGNC:55360	ENSG00000261501
HGNC:55361	ENSG00000261481
HGNC:55362	ENSG00000261465
HGNC:55363	ENSG00000261441
HGNC:55364	ENSG00000261437
HGNC:55365	ENSG00000261431
HGNC:55366	ENSG00000261420
HGNC:55367	ENSG00000261416
HGNC:55368	ENSG00000261360
HGNC:55369	ENSG00000261318
HGNC:5537	ENSG00000237111
HGNC:55370	ENSG00000261302
HGNC:55371	ENSG00000261251
HGNC:55372	ENSG00000261220
HGNC:55373	ENSG00000261202
HGNC:55374	ENSG00000261188
HGNC:55375	ENSG00000261173
HGNC:55376	ENSG00000261033
HGNC:55377	ENSG00000261029
HGNC:55378	ENSG00000261002
HGNC:55379	ENSG00000260979
HGNC:5538	ENSG00000240041
HGNC:55380	ENSG00000260806
HGNC:55381	ENSG00000260790
HGNC:55382	ENSG00000260778
HGNC:55384	ENSG00000255104
HGNC:55385	ENSG00000277013
HGNC:55386	ENSG00000260742
HGNC:55388	ENSG00000260708
HGNC:55389	ENSG00000260641
HGNC:5539	ENSG00000242472
HGNC:55390	ENSG00000260572
HGNC:55391	ENSG00000260526
HGNC:55392	ENSG00000260519
HGNC:55393	ENSG00000260493
HGNC:55394	ENSG00000260352
HGNC:55395	ENSG00000260329
HGNC:55396	ENSG00000260278
HGNC:55397	ENSG00000260236
HGNC:55398	ENSG00000260148
HGNC:55399	ENSG00000260115
HGNC:554	ENSG00000100280
HGNC:5540	ENSG00000211900
HGNC:55400	ENSG00000260093
HGNC:55401	ENSG00000260018
HGNC:55402	ENSG00000259943
HGNC:55403	ENSG00000259895
HGNC:55405	ENSG00000259867
HGNC:55406	ENSG00000259843
HGNC:55407	ENSG00000259826
HGNC:55408	ENSG00000259818
HGNC:55409	ENSG00000259804
HGNC:5541	ENSG00000211899
HGNC:55410	ENSG00000259788
HGNC:55411	ENSG00000259721
HGNC:55412	ENSG00000259708
HGNC:55413	ENSG00000259705
HGNC:55414	ENSG00000259663
HGNC:55415	ENSG00000259595
HGNC:55416	ENSG00000259583
HGNC:55417	ENSG00000259520
HGNC:55418	ENSG00000260884
HGNC:55419	ENSG00000205035
HGNC:5542	ENSG00000132740
HGNC:55420	ENSG00000259488
HGNC:55421	ENSG00000259475
HGNC:55422	ENSG00000259380
HGNC:55423	ENSG00000259349
HGNC:55424	ENSG00000259319
HGNC:55425	ENSG00000259251
HGNC:55426	ENSG00000259235
HGNC:55427	ENSG00000259215
HGNC:55431	ENSG00000259172
HGNC:55432	ENSG00000259146
HGNC:55433	ENSG00000259116
HGNC:55434	ENSG00000259011
HGNC:55435	ENSG00000258957
HGNC:55436	ENSG00000258940
HGNC:55437	ENSG00000258813
HGNC:55438	ENSG00000258798
HGNC:55439	ENSG00000258748
HGNC:55440	ENSG00000258738
HGNC:55441	ENSG00000258731
HGNC:55442	ENSG00000258727
HGNC:55443	ENSG00000258658
HGNC:55444	ENSG00000258636
HGNC:55445	ENSG00000258633
HGNC:55446	ENSG00000258569
HGNC:55447	ENSG00000258553
HGNC:55448	ENSG00000258458
HGNC:55449	ENSG00000258457
HGNC:55450	ENSG00000258413
HGNC:55451	ENSG00000258376
HGNC:55452	ENSG00000258343
HGNC:55453	ENSG00000258334
HGNC:55454	ENSG00000258096
HGNC:55455	ENSG00000258056
HGNC:55456	ENSG00000258048
HGNC:55457	ENSG00000258001
HGNC:5546	ENSG00000254174
HGNC:55460	ENSG00000233262
HGNC:55461	ENSG00000257453
HGNC:55463	ENSG00000249921
HGNC:55464	ENSG00000270677
HGNC:55465	ENSG00000249239
HGNC:55468	ENSG00000229852
HGNC:55469	ENSG00000285844
HGNC:5547	ENSG00000253709
HGNC:55470	ENSG00000257839
HGNC:55471	ENSG00000257817
HGNC:55472	ENSG00000257809
HGNC:55473	ENSG00000257696
HGNC:55474	ENSG00000257588
HGNC:55475	ENSG00000257530
HGNC:55476	ENSG00000257443
HGNC:55477	ENSG00000257433
HGNC:55478	ENSG00000257354
HGNC:55479	ENSG00000257319
HGNC:5548	ENSG00000254046
HGNC:55480	ENSG00000257303
HGNC:55481	ENSG00000289051
HGNC:55482	ENSG00000257285
HGNC:55483	ENSG00000257155
HGNC:55484	ENSG00000257052
HGNC:55485	ENSG00000257038
HGNC:55486	ENSG00000257023
HGNC:55487	ENSG00000256944
HGNC:55488	ENSG00000256690
HGNC:55489	ENSG00000256670
HGNC:5549	ENSG00000211945
HGNC:55490	ENSG00000256377
HGNC:55491	ENSG00000256008
HGNC:55492	ENSG00000255966
HGNC:55493	ENSG00000255929
HGNC:55494	ENSG00000255517
HGNC:55495	ENSG00000255435
HGNC:55496	ENSG00000232830
HGNC:55497	ENSG00000270587
HGNC:55498	ENSG00000230634
HGNC:55499	ENSG00000217178
HGNC:555	ENSG00000166747
HGNC:5550	ENSG00000211934
HGNC:55500	ENSG00000227873
HGNC:55501	ENSG00000255355
HGNC:55502	ENSG00000255337
HGNC:55504	ENSG00000255236
HGNC:55505	ENSG00000255234
HGNC:55506	ENSG00000255136
HGNC:55507	ENSG00000255135
HGNC:55508	ENSG00000255129
HGNC:55509	ENSG00000255100
HGNC:5551	ENSG00000211950
HGNC:55510	ENSG00000255020
HGNC:55511	ENSG00000254966
HGNC:55512	ENSG00000254887
HGNC:55513	ENSG00000254854
HGNC:55514	ENSG00000254768
HGNC:55515	ENSG00000254762
HGNC:55516	ENSG00000254554
HGNC:55517	ENSG00000254532
HGNC:55518	ENSG00000254473
HGNC:55519	ENSG00000254254
HGNC:5552	ENSG00000211935
HGNC:55520	ENSG00000254231
HGNC:55521	ENSG00000254224
HGNC:55522	ENSG00000254064
HGNC:55523	ENSG00000253982
HGNC:55524	ENSG00000253973
HGNC:55525	ENSG00000253944
HGNC:55526	ENSG00000184154
HGNC:55527	ENSG00000284844
HGNC:55528	ENSG00000253921
HGNC:55529	ENSG00000253848
HGNC:5553	ENSG00000211961
HGNC:55530	ENSG00000253764
HGNC:55531	ENSG00000253704
HGNC:55532	ENSG00000253695
HGNC:55533	ENSG00000253582
HGNC:55534	ENSG00000253513
HGNC:55535	ENSG00000253404
HGNC:55536	ENSG00000253390
HGNC:55537	ENSG00000253210
HGNC:55539	ENSG00000253133
HGNC:5554	ENSG00000211962
HGNC:55540	ENSG00000251445
HGNC:55542	ENSG00000251405
HGNC:55543	ENSG00000251307
HGNC:55544	ENSG00000251298
HGNC:55545	ENSG00000251136
HGNC:55546	ENSG00000250938
HGNC:55547	ENSG00000250616
HGNC:55548	ENSG00000250579
HGNC:55549	ENSG00000250538
HGNC:5555	ENSG00000211968
HGNC:55550	ENSG00000250448
HGNC:55551	ENSG00000246214
HGNC:55552	ENSG00000250365
HGNC:55553	ENSG00000250344
HGNC:55554	ENSG00000250326
HGNC:55555	ENSG00000249906
HGNC:55556	ENSG00000250220
HGNC:55557	ENSG00000250159
HGNC:55558	ENSG00000250073
HGNC:55559	ENSG00000250012
HGNC:5556	ENSG00000253274
HGNC:55560	ENSG00000250007
HGNC:55561	ENSG00000286381
HGNC:55562	ENSG00000249710
HGNC:55563	ENSG00000249650
HGNC:55564	ENSG00000249637
HGNC:55565	ENSG00000249572
HGNC:55567	ENSG00000249502
HGNC:55568	ENSG00000249494
HGNC:55569	ENSG00000136315
HGNC:5557	ENSG00000253703
HGNC:55570	ENSG00000235300
HGNC:55571	ENSG00000241764
HGNC:55572	ENSG00000232729
HGNC:55573	ENSG00000272933
HGNC:55574	ENSG00000230555
HGNC:55575	ENSG00000249249
HGNC:55576	ENSG00000249163
HGNC:55577	ENSG00000249106
HGNC:55578	ENSG00000249042
HGNC:55579	ENSG00000248932
HGNC:5558	ENSG00000211973
HGNC:55580	ENSG00000248925
HGNC:55581	ENSG00000248719
HGNC:55582	ENSG00000248714
HGNC:55583	ENSG00000248127
HGNC:55584	ENSG00000247877
HGNC:55585	ENSG00000247735
HGNC:55586	ENSG00000247728
HGNC:55587	ENSG00000247363
HGNC:55588	ENSG00000247287
HGNC:55589	ENSG00000247199
HGNC:55590	ENSG00000247137
HGNC:55591	ENSG00000246982
HGNC:55592	ENSG00000246889
HGNC:55593	ENSG00000251577
HGNC:55594	ENSG00000246790
HGNC:55595	ENSG00000246528
HGNC:55596	ENSG00000246350
HGNC:55597	ENSG00000246323
HGNC:55598	ENSG00000246283
HGNC:55599	ENSG00000246089
HGNC:556	ENSG00000213983
HGNC:55600	ENSG00000245904
HGNC:55601	ENSG00000245498
HGNC:55602	ENSG00000245330
HGNC:55603	ENSG00000245281
HGNC:55604	ENSG00000245213
HGNC:55605	ENSG00000244513
HGNC:55606	ENSG00000244239
HGNC:55607	ENSG00000223970
HGNC:55608	ENSG00000271235
HGNC:55609	ENSG00000275989
HGNC:55614	ENSG00000244184
HGNC:55615	ENSG00000244036
HGNC:55616	ENSG00000284605
HGNC:55618	ENSG00000243295
HGNC:55619	ENSG00000243224
HGNC:5562	ENSG00000281990
HGNC:55620	ENSG00000243150
HGNC:55622	ENSG00000230578
HGNC:55623	ENSG00000234062
HGNC:55625	ENSG00000274775
HGNC:5563	ENSG00000270505
HGNC:55631	ENSG00000242791
HGNC:55634	ENSG00000280228
HGNC:55635	ENSG00000242622
HGNC:55636	ENSG00000242288
HGNC:55639	ENSG00000240790
HGNC:5564	ENSG00000259337
HGNC:55641	ENSG00000240758
HGNC:55642	ENSG00000240063
HGNC:55643	ENSG00000239941
HGNC:55644	ENSG00000239930
HGNC:55645	ENSG00000239705
HGNC:55646	ENSG00000238290
HGNC:55647	ENSG00000238287
HGNC:55648	ENSG00000238058
HGNC:55649	ENSG00000237950
HGNC:5565	ENSG00000271288
HGNC:55650	ENSG00000237863
HGNC:55651	ENSG00000237753
HGNC:55652	ENSG00000237742
HGNC:55653	ENSG00000237494
HGNC:55654	ENSG00000237468
HGNC:55656	ENSG00000236866
HGNC:55657	ENSG00000236658
HGNC:55658	ENSG00000236617
HGNC:55659	ENSG00000236544
HGNC:5566	ENSG00000270356
HGNC:55660	ENSG00000236471
HGNC:55661	ENSG00000236466
HGNC:55663	ENSG00000236355
HGNC:55665	ENSG00000236137
HGNC:55666	ENSG00000236021
HGNC:55667	ENSG00000235629
HGNC:55668	ENSG00000235560
HGNC:55670	ENSG00000235545
HGNC:55671	ENSG00000235530
HGNC:55672	ENSG00000235497
HGNC:55674	ENSG00000235361
HGNC:55675	ENSG00000235358
HGNC:55676	ENSG00000235185
HGNC:55677	ENSG00000235024
HGNC:55678	ENSG00000235010
HGNC:55679	ENSG00000234884
HGNC:5568	ENSG00000270685
HGNC:55680	ENSG00000234715
HGNC:55681	ENSG00000234694
HGNC:55682	ENSG00000234688
HGNC:55683	ENSG00000234509
HGNC:55684	ENSG00000267382
HGNC:55686	ENSG00000234350
HGNC:55687	ENSG00000260078
HGNC:55688	ENSG00000254912
HGNC:55689	ENSG00000283345
HGNC:5569	ENSG00000188403
HGNC:55690	ENSG00000258797
HGNC:55691	ENSG00000277505
HGNC:55692	ENSG00000234181
HGNC:55693	ENSG00000260399
HGNC:55694	ENSG00000261497
HGNC:55696	ENSG00000275363
HGNC:55697	ENSG00000261375
HGNC:55698	ENSG00000234129
HGNC:55699	ENSG00000234072
HGNC:557	ENSG00000275066
HGNC:5570	ENSG00000261704
HGNC:55700	ENSG00000215302
HGNC:55701	ENSG00000233926
HGNC:55702	ENSG00000233834
HGNC:55703	ENSG00000261405
HGNC:55704	ENSG00000260516
HGNC:55706	ENSG00000233682
HGNC:55707	ENSG00000257408
HGNC:55708	ENSG00000187812
HGNC:55709	ENSG00000261303
HGNC:5571	ENSG00000259852
HGNC:55710	ENSG00000237850
HGNC:55711	ENSG00000227717
HGNC:55713	ENSG00000233654
HGNC:55714	ENSG00000233611
HGNC:55715	ENSG00000233508
HGNC:55716	ENSG00000233221
HGNC:55717	ENSG00000233175
HGNC:55718	ENSG00000232936
HGNC:55719	ENSG00000232874
HGNC:5572	ENSG00000260048
HGNC:55720	ENSG00000232825
HGNC:55721	ENSG00000232767
HGNC:55723	ENSG00000232648
HGNC:55724	ENSG00000232618
HGNC:55727	ENSG00000232412
HGNC:55728	ENSG00000232406
HGNC:5573	ENSG00000259997
HGNC:55735	ENSG00000249563
HGNC:55736	ENSG00000271977
HGNC:55737	ENSG00000243531
HGNC:55738	ENSG00000255147
HGNC:55739	ENSG00000244699
HGNC:55740	ENSG00000251610
HGNC:55741	ENSG00000248050
HGNC:55746	ENSG00000243554
HGNC:55747	ENSG00000277125
HGNC:55748	ENSG00000276840
HGNC:5575	ENSG00000211951
HGNC:55751	ENSG00000229180
HGNC:55752	ENSG00000230189
HGNC:55753	ENSG00000224273
HGNC:55754	ENSG00000241057
HGNC:55755	ENSG00000245552
HGNC:55756	ENSG00000234869
HGNC:55757	ENSG00000239556
HGNC:55758	ENSG00000232396
HGNC:55759	ENSG00000283453
HGNC:5576	ENSG00000211937
HGNC:55762	ENSG00000232028
HGNC:55763	ENSG00000188002
HGNC:55764	ENSG00000231858
HGNC:55765	ENSG00000231652
HGNC:55766	ENSG00000231609
HGNC:55767	ENSG00000231170
HGNC:5577	ENSG00000274576
HGNC:55770	ENSG00000215158
HGNC:55771	ENSG00000275374
HGNC:55772	ENSG00000231050
HGNC:55773	ENSG00000231046
HGNC:55774	ENSG00000230910
HGNC:55775	ENSG00000230695
HGNC:55776	ENSG00000230310
HGNC:55777	ENSG00000230212
HGNC:55778	ENSG00000230153
HGNC:55779	ENSG00000283559
HGNC:55780	ENSG00000263368
HGNC:55782	ENSG00000214135
HGNC:55784	ENSG00000229951
HGNC:55786	ENSG00000229869
HGNC:55787	ENSG00000229782
HGNC:55788	ENSG00000229766
HGNC:55789	ENSG00000229525
HGNC:5579	ENSG00000259303
HGNC:55790	ENSG00000229109
HGNC:55791	ENSG00000228801
HGNC:55792	ENSG00000228606
HGNC:55793	ENSG00000228436
HGNC:55794	ENSG00000228400
HGNC:55795	ENSG00000228363
HGNC:55796	ENSG00000228322
HGNC:55797	ENSG00000228317
HGNC:55798	ENSG00000228293
HGNC:55799	ENSG00000273257
HGNC:558	ENSG00000129354
HGNC:5580	ENSG00000211941
HGNC:55800	ENSG00000228192
HGNC:55801	ENSG00000228140
HGNC:55802	ENSG00000228043
HGNC:55803	ENSG00000227946
HGNC:55804	ENSG00000227908
HGNC:55805	ENSG00000227896
HGNC:55807	ENSG00000227542
HGNC:55808	ENSG00000286135
HGNC:55809	ENSG00000288658
HGNC:5581	ENSG00000211942
HGNC:55812	ENSG00000285551
HGNC:55813	ENSG00000227492
HGNC:55814	ENSG00000227438
HGNC:55815	ENSG00000284638
HGNC:55816	ENSG00000227252
HGNC:55817	ENSG00000227237
HGNC:55818	ENSG00000227210
HGNC:55819	ENSG00000227175
HGNC:5582	ENSG00000211943
HGNC:55820	ENSG00000227172
HGNC:55821	ENSG00000274461
HGNC:55822	ENSG00000227155
HGNC:55823	ENSG00000284797
HGNC:55824	ENSG00000226969
HGNC:55825	ENSG00000204055
HGNC:55826	ENSG00000226889
HGNC:55827	ENSG00000226853
HGNC:55828	ENSG00000226851
HGNC:55829	ENSG00000226833
HGNC:5583	ENSG00000211944
HGNC:55830	ENSG00000226812
HGNC:55832	ENSG00000226780
HGNC:55833	ENSG00000226659
HGNC:55834	ENSG00000226645
HGNC:55835	ENSG00000226609
HGNC:55836	ENSG00000226425
HGNC:55837	ENSG00000236377
HGNC:55838	ENSG00000226330
HGNC:55839	ENSG00000226026
HGNC:5584	ENSG00000253883
HGNC:55840	ENSG00000225979
HGNC:55841	ENSG00000225945
HGNC:55842	ENSG00000225938
HGNC:55843	ENSG00000225936
HGNC:55844	ENSG00000225905
HGNC:55845	ENSG00000225792
HGNC:55846	ENSG00000286583
HGNC:55847	ENSG00000225386
HGNC:55848	ENSG00000224934
HGNC:55849	ENSG00000224842
HGNC:5585	ENSG00000211946
HGNC:55850	ENSG00000224790
HGNC:55853	ENSG00000224765
HGNC:55854	ENSG00000224721
HGNC:55855	ENSG00000224613
HGNC:55856	ENSG00000224536
HGNC:55857	ENSG00000224505
HGNC:55858	ENSG00000224311
HGNC:55859	ENSG00000224292
HGNC:5586	ENSG00000211947
HGNC:55861	ENSG00000224215
HGNC:55862	ENSG00000224152
HGNC:55863	ENSG00000224063
HGNC:55864	ENSG00000224046
HGNC:55865	ENSG00000223855
HGNC:55866	ENSG00000223813
HGNC:55867	ENSG00000223695
HGNC:55868	ENSG00000223653
HGNC:55869	ENSG00000223652
HGNC:5587	ENSG00000253957
HGNC:55870	ENSG00000223635
HGNC:55871	ENSG00000289716
HGNC:55872	ENSG00000223537
HGNC:55873	ENSG00000223478
HGNC:55874	ENSG00000223475
HGNC:55875	ENSG00000243144
HGNC:55876	ENSG00000267583
HGNC:55878	ENSG00000234112
HGNC:5588	ENSG00000211949
HGNC:55880	ENSG00000233585
HGNC:55881	ENSG00000225471
HGNC:55882	ENSG00000206168
HGNC:55883	ENSG00000248503
HGNC:55884	ENSG00000254352
HGNC:55886	ENSG00000216802
HGNC:55887	ENSG00000256282
HGNC:55888	ENSG00000255504
HGNC:55889	ENSG00000245975
HGNC:5589	ENSG00000253441
HGNC:55890	ENSG00000223945
HGNC:55891	ENSG00000253646
HGNC:55892	ENSG00000249510
HGNC:55893	ENSG00000250475
HGNC:55894	ENSG00000161103
HGNC:55895	ENSG00000279124
HGNC:55896	ENSG00000223703
HGNC:55897	ENSG00000255991
HGNC:55898	ENSG00000259674
HGNC:55899	ENSG00000231995
HGNC:559	ENSG00000106367
HGNC:5590	ENSG00000270474
HGNC:55900	ENSG00000225005
HGNC:55901	ENSG00000224573
HGNC:55902	ENSG00000255106
HGNC:55903	ENSG00000253332
HGNC:55904	ENSG00000235163
HGNC:55905	ENSG00000228955
HGNC:55906	ENSG00000229119
HGNC:55907	ENSG00000267669
HGNC:55908	ENSG00000266289
HGNC:55909	ENSG00000260081
HGNC:5591	ENSG00000270550
HGNC:55910	ENSG00000256779
HGNC:55911	ENSG00000214754
HGNC:55912	ENSG00000205562
HGNC:55913	ENSG00000204929
HGNC:55914	ENSG00000204758
HGNC:55915	ENSG00000197099
HGNC:55916	ENSG00000186019
HGNC:55917	ENSG00000185065
HGNC:55918	ENSG00000256616
HGNC:55919	ENSG00000284484
HGNC:5592	ENSG00000253587
HGNC:55920	ENSG00000213604
HGNC:55921	ENSG00000285946
HGNC:55922	ENSG00000286105
HGNC:55923	ENSG00000275194
HGNC:55924	ENSG00000277009
HGNC:55926	ENSG00000254534
HGNC:55933	ENSG00000253616
HGNC:55934	ENSG00000177788
HGNC:55935	ENSG00000167912
HGNC:55936	ENSG00000257642
HGNC:55937	ENSG00000179743
HGNC:55938	ENSG00000207955
HGNC:55939	ENSG00000225292
HGNC:55940	ENSG00000227359
HGNC:55941	ENSG00000228768
HGNC:55942	ENSG00000230537
HGNC:55943	ENSG00000249363
HGNC:55944	ENSG00000232361
HGNC:55945	ENSG00000238143
HGNC:55946	ENSG00000254515
HGNC:55947	ENSG00000250099
HGNC:55948	ENSG00000251147
HGNC:55949	ENSG00000236503
HGNC:5595	ENSG00000254289
HGNC:55950	ENSG00000249607
HGNC:55951	ENSG00000226874
HGNC:55952	ENSG00000230731
HGNC:55953	ENSG00000233818
HGNC:55954	ENSG00000235159
HGNC:55955	ENSG00000235888
HGNC:55956	ENSG00000236013
HGNC:55957	ENSG00000237074
HGNC:55958	ENSG00000237609
HGNC:55959	ENSG00000238276
HGNC:5596	ENSG00000211955
HGNC:55960	ENSG00000249815
HGNC:55961	ENSG00000250166
HGNC:55962	ENSG00000253140
HGNC:55963	ENSG00000253182
HGNC:55964	ENSG00000253505
HGNC:55965	ENSG00000254153
HGNC:55966	ENSG00000254602
HGNC:55967	ENSG00000255503
HGNC:55968	ENSG00000255606
HGNC:5597	ENSG00000253440
HGNC:55970	ENSG00000255980
HGNC:55972	ENSG00000256733
HGNC:55973	ENSG00000256995
HGNC:55974	ENSG00000259083
HGNC:55975	ENSG00000259367
HGNC:55976	ENSG00000259854
HGNC:55977	ENSG00000260454
HGNC:55978	ENSG00000258399
HGNC:55979	ENSG00000260475
HGNC:5598	ENSG00000211957
HGNC:55980	ENSG00000265206
HGNC:55981	ENSG00000265752
HGNC:55982	ENSG00000267599
HGNC:55983	ENSG00000271874
HGNC:55984	ENSG00000237517
HGNC:55985	ENSG00000275198
HGNC:55986	ENSG00000279261
HGNC:55987	ENSG00000286028
HGNC:55988	ENSG00000236427
HGNC:55989	ENSG00000261410
HGNC:5599	ENSG00000253240
HGNC:55990	ENSG00000267607
HGNC:55992	ENSG00000227838
HGNC:55998	ENSG00000250410
HGNC:55999	ENSG00000256210
HGNC:56	ENSG00000114770
HGNC:560	ENSG00000182287
HGNC:5600	ENSG00000253359
HGNC:56001	ENSG00000254027
HGNC:56002	ENSG00000256540
HGNC:56003	ENSG00000269086
HGNC:56004	ENSG00000268889
HGNC:56006	ENSG00000234997
HGNC:56007	ENSG00000274173
HGNC:56008	ENSG00000223511
HGNC:56009	ENSG00000230606
HGNC:5601	ENSG00000211958
HGNC:56010	ENSG00000273812
HGNC:56012	ENSG00000237520
HGNC:56013	ENSG00000249790
HGNC:56015	ENSG00000272002
HGNC:56017	ENSG00000266288
HGNC:5602	ENSG00000278473
HGNC:56021	ENSG00000204666
HGNC:56024	ENSG00000216895
HGNC:56025	ENSG00000224307
HGNC:56026	ENSG00000231113
HGNC:56027	ENSG00000232098
HGNC:56028	ENSG00000234949
HGNC:56029	ENSG00000238045
HGNC:5603	ENSG00000254228
HGNC:56030	ENSG00000245317
HGNC:56031	ENSG00000250222
HGNC:56032	ENSG00000251602
HGNC:56033	ENSG00000259768
HGNC:56034	ENSG00000259877
HGNC:56035	ENSG00000259933
HGNC:56036	ENSG00000259953
HGNC:56038	ENSG00000260625
HGNC:56039	ENSG00000261189
HGNC:5604	ENSG00000232216
HGNC:56040	ENSG00000263050
HGNC:56041	ENSG00000265743
HGNC:56042	ENSG00000267040
HGNC:56043	ENSG00000267480
HGNC:56044	ENSG00000269646
HGNC:56045	ENSG00000272189
HGNC:56046	ENSG00000272462
HGNC:56047	ENSG00000272654
HGNC:56048	ENSG00000273137
HGNC:56049	ENSG00000273253
HGNC:5605	ENSG00000229092
HGNC:56050	ENSG00000225981
HGNC:56051	ENSG00000273373
HGNC:56052	ENSG00000277496
HGNC:56053	ENSG00000278238
HGNC:56054	ENSG00000214772
HGNC:56055	ENSG00000214870
HGNC:56056	ENSG00000215246
HGNC:56057	ENSG00000224195
HGNC:56058	ENSG00000225472
HGNC:56059	ENSG00000226445
HGNC:5606	ENSG00000211964
HGNC:56060	ENSG00000234432
HGNC:56061	ENSG00000235298
HGNC:56062	ENSG00000236199
HGNC:56063	ENSG00000237807
HGNC:56064	ENSG00000245970
HGNC:56065	ENSG00000246451
HGNC:56066	ENSG00000253978
HGNC:56067	ENSG00000254528
HGNC:56068	ENSG00000254614
HGNC:56069	ENSG00000255062
HGNC:5607	ENSG00000211965
HGNC:56070	ENSG00000255468
HGNC:56071	ENSG00000255471
HGNC:56072	ENSG00000256234
HGNC:56073	ENSG00000256546
HGNC:56075	ENSG00000257497
HGNC:56077	ENSG00000259495
HGNC:56078	ENSG00000259658
HGNC:5608	ENSG00000253241
HGNC:56080	ENSG00000259775
HGNC:56081	ENSG00000259820
HGNC:56082	ENSG00000260285
HGNC:56083	ENSG00000260317
HGNC:56084	ENSG00000260577
HGNC:56085	ENSG00000260853
HGNC:56086	ENSG00000287110
HGNC:56087	ENSG00000261399
HGNC:56088	ENSG00000261663
HGNC:56089	ENSG00000262294
HGNC:5609	ENSG00000253545
HGNC:56090	ENSG00000262903
HGNC:56091	ENSG00000263345
HGNC:56092	ENSG00000266208
HGNC:56093	ENSG00000267575
HGNC:56095	ENSG00000224888
HGNC:56097	ENSG00000287808
HGNC:56098	ENSG00000285554
HGNC:561	ENSG00000196961
HGNC:5610	ENSG00000211967
HGNC:56100	ENSG00000255400
HGNC:56101	ENSG00000253931
HGNC:56102	ENSG00000218416
HGNC:56104	ENSG00000235724
HGNC:56105	ENSG00000287115
HGNC:56107	ENSG00000239828
HGNC:56108	ENSG00000249592
HGNC:56109	ENSG00000250546
HGNC:5611	ENSG00000275475
HGNC:56110	ENSG00000250910
HGNC:56111	ENSG00000279047
HGNC:56113	ENSG00000249364
HGNC:56115	ENSG00000250564
HGNC:56116	ENSG00000241956
HGNC:56117	ENSG00000286193
HGNC:56119	ENSG00000242973
HGNC:5612	ENSG00000253759
HGNC:56121	ENSG00000269985
HGNC:56123	ENSG00000232310
HGNC:56125	ENSG00000286646
HGNC:56126	ENSG00000290496
HGNC:56128	ENSG00000230533
HGNC:56129	ENSG00000290147
HGNC:5613	ENSG00000253763
HGNC:56131	ENSG00000290926
HGNC:56132	ENSG00000223561
HGNC:56133	ENSG00000229196
HGNC:56134	ENSG00000290873
HGNC:56135	ENSG00000218672
HGNC:56136	ENSG00000237310
HGNC:56137	ENSG00000232759
HGNC:56138	ENSG00000272568
HGNC:56139	ENSG00000226770
HGNC:5614	ENSG00000253742
HGNC:56140	ENSG00000227544
HGNC:56141	ENSG00000232533
HGNC:56142	ENSG00000240859
HGNC:56143	ENSG00000242474
HGNC:56144	ENSG00000260653
HGNC:56145	ENSG00000230825
HGNC:56146	ENSG00000235139
HGNC:56147	ENSG00000254102
HGNC:56148	ENSG00000253967
HGNC:56149	ENSG00000254319
HGNC:5615	ENSG00000253132
HGNC:56150	ENSG00000248538
HGNC:56151	ENSG00000253641
HGNC:56152	ENSG00000253535
HGNC:56153	ENSG00000253643
HGNC:56154	ENSG00000254026
HGNC:56158	ENSG00000276462
HGNC:56159	ENSG00000204802
HGNC:5616	ENSG00000253936
HGNC:56161	ENSG00000237357
HGNC:56162	ENSG00000226007
HGNC:56163	ENSG00000236668
HGNC:56164	ENSG00000287750
HGNC:56166	ENSG00000287261
HGNC:56167	ENSG00000231187
HGNC:56168	ENSG00000236894
HGNC:5617	ENSG00000223648
HGNC:56172	ENSG00000254837
HGNC:56173	ENSG00000251364
HGNC:56174	ENSG00000254584
HGNC:56175	ENSG00000255521
HGNC:56176	ENSG00000255159
HGNC:56177	ENSG00000256315
HGNC:56178	ENSG00000257261
HGNC:56179	ENSG00000278273
HGNC:5618	ENSG00000253209
HGNC:56180	ENSG00000276756
HGNC:56181	ENSG00000274927
HGNC:56182	ENSG00000283132
HGNC:56183	ENSG00000230572
HGNC:56184	ENSG00000258274
HGNC:56185	ENSG00000257860
HGNC:56186	ENSG00000258136
HGNC:56187	ENSG00000258086
HGNC:56188	ENSG00000262728
HGNC:56189	ENSG00000174977
HGNC:5619	ENSG00000211972
HGNC:56190	ENSG00000173966
HGNC:56192	ENSG00000279965
HGNC:56193	ENSG00000258932
HGNC:56194	ENSG00000259065
HGNC:56195	ENSG00000273783
HGNC:56196	ENSG00000259163
HGNC:56197	ENSG00000251002
HGNC:56199	ENSG00000285472
HGNC:562	ENSG00000183020
HGNC:5620	ENSG00000211938
HGNC:56200	ENSG00000290320
HGNC:56201	ENSG00000236468
HGNC:56202	ENSG00000244503
HGNC:56203	ENSG00000215899
HGNC:56204	ENSG00000255450
HGNC:56205	ENSG00000229239
HGNC:56206	ENSG00000255127
HGNC:56207	ENSG00000235253
HGNC:5621	ENSG00000254056
HGNC:56210	ENSG00000267550
HGNC:56213	ENSG00000232456
HGNC:56216	ENSG00000250238
HGNC:56217	ENSG00000264970
HGNC:56218	ENSG00000287997
HGNC:5622	ENSG00000225698
HGNC:56220	ENSG00000229272
HGNC:56221	ENSG00000264564
HGNC:56222	ENSG00000267428
HGNC:56223	ENSG00000288484
HGNC:56224	ENSG00000227170
HGNC:56225	ENSG00000253258
HGNC:56226	ENSG00000271714
HGNC:56227	ENSG00000230952
HGNC:56228	ENSG00000261054
HGNC:5623	ENSG00000211976
HGNC:56232	ENSG00000272601
HGNC:56235	ENSG00000291317
HGNC:56237	ENSG00000289625
HGNC:56238	ENSG00000259802
HGNC:5624	ENSG00000224650
HGNC:56242	ENSG00000265415
HGNC:56243	ENSG00000260228
HGNC:56244	ENSG00000274225
HGNC:56246	ENSG00000291307
HGNC:56247	ENSG00000287394
HGNC:56248	ENSG00000284024
HGNC:5625	ENSG00000254176
HGNC:56250	ENSG00000253395
HGNC:56252	ENSG00000282572
HGNC:56253	ENSG00000173727
HGNC:56254	ENSG00000257400
HGNC:56255	ENSG00000225833
HGNC:5626	ENSG00000253247
HGNC:56262	ENSG00000224817
HGNC:56263	ENSG00000248898
HGNC:56264	ENSG00000225314
HGNC:56265	ENSG00000253633
HGNC:56266	ENSG00000249748
HGNC:56267	ENSG00000229953
HGNC:56269	ENSG00000234071
HGNC:5627	ENSG00000275747
HGNC:56272	ENSG00000262223
HGNC:56273	ENSG00000292223
HGNC:56281	ENSG00000261235
HGNC:56282	ENSG00000271109
HGNC:56283	ENSG00000235725
HGNC:56284	ENSG00000270562
HGNC:56287	ENSG00000254693
HGNC:56289	ENSG00000161132
HGNC:56293	ENSG00000229689
HGNC:56294	ENSG00000254728
HGNC:56295	ENSG00000288434
HGNC:56297	ENSG00000255111
HGNC:56298	ENSG00000254547
HGNC:56299	ENSG00000255162
HGNC:563	ENSG00000006125
HGNC:56300	ENSG00000254558
HGNC:56301	ENSG00000255305
HGNC:56302	ENSG00000254916
HGNC:56303	ENSG00000248409
HGNC:56304	ENSG00000214558
HGNC:56305	ENSG00000226490
HGNC:56306	ENSG00000273756
HGNC:56307	ENSG00000289762
HGNC:5631	ENSG00000282600
HGNC:56310	ENSG00000288864
HGNC:56313	ENSG00000284209
HGNC:56314	ENSG00000256813
HGNC:56315	ENSG00000256678
HGNC:56316	ENSG00000243016
HGNC:56318	ENSG00000244346
HGNC:56319	ENSG00000220745
HGNC:56320	ENSG00000228171
HGNC:56321	ENSG00000236248
HGNC:56323	ENSG00000256056
HGNC:56325	ENSG00000250480
HGNC:56326	ENSG00000244561
HGNC:56327	ENSG00000250962
HGNC:56328	ENSG00000261748
HGNC:5633	ENSG00000259490
HGNC:56330	ENSG00000239268
HGNC:56333	ENSG00000236028
HGNC:56334	ENSG00000237596
HGNC:56335	ENSG00000272913
HGNC:5634	ENSG00000233732
HGNC:56341	ENSG00000275880
HGNC:56342	ENSG00000223486
HGNC:56346	ENSG00000256802
HGNC:56348	ENSG00000277283
HGNC:56349	ENSG00000253455
HGNC:5635	ENSG00000270318
HGNC:56350	ENSG00000272604
HGNC:56351	ENSG00000255197
HGNC:56354	ENSG00000258117
HGNC:56356	ENSG00000258017
HGNC:56357	ENSG00000266978
HGNC:56358	ENSG00000282943
HGNC:56359	ENSG00000272763
HGNC:5636	ENSG00000270467
HGNC:56361	ENSG00000276718
HGNC:56362	ENSG00000256916
HGNC:56363	ENSG00000258810
HGNC:56364	ENSG00000271631
HGNC:56365	ENSG00000245719
HGNC:56366	ENSG00000258592
HGNC:56367	ENSG00000273297
HGNC:56368	ENSG00000275216
HGNC:56369	ENSG00000237372
HGNC:5637	ENSG00000271178
HGNC:56370	ENSG00000236213
HGNC:56371	ENSG00000289545
HGNC:56372	ENSG00000260963
HGNC:56373	ENSG00000276524
HGNC:56374	ENSG00000250155
HGNC:56375	ENSG00000262420
HGNC:56376	ENSG00000267207
HGNC:56377	ENSG00000271889
HGNC:56378	ENSG00000232958
HGNC:56379	ENSG00000237202
HGNC:56380	ENSG00000270531
HGNC:56381	ENSG00000237566
HGNC:56382	ENSG00000225026
HGNC:56383	ENSG00000276475
HGNC:56384	ENSG00000248188
HGNC:56385	ENSG00000250939
HGNC:56386	ENSG00000271146
HGNC:56387	ENSG00000271179
HGNC:56388	ENSG00000244932
HGNC:5639	ENSG00000261834
HGNC:56390	ENSG00000273791
HGNC:56391	ENSG00000223398
HGNC:56392	ENSG00000223719
HGNC:56393	ENSG00000226621
HGNC:56395	ENSG00000224058
HGNC:56396	ENSG00000256351
HGNC:56397	ENSG00000271607
HGNC:56398	ENSG00000231780
HGNC:56399	ENSG00000233133
HGNC:564	ENSG00000161203
HGNC:5640	ENSG00000259842
HGNC:56400	ENSG00000234723
HGNC:56401	ENSG00000271943
HGNC:56402	ENSG00000254332
HGNC:56403	ENSG00000224618
HGNC:56404	ENSG00000218577
HGNC:56405	ENSG00000219712
HGNC:56406	ENSG00000236732
HGNC:56407	ENSG00000270377
HGNC:56408	ENSG00000226955
HGNC:56409	ENSG00000234073
HGNC:5641	ENSG00000270864
HGNC:56410	ENSG00000237982
HGNC:56411	ENSG00000238267
HGNC:56412	ENSG00000229339
HGNC:56413	ENSG00000223916
HGNC:56414	ENSG00000273682
HGNC:56415	ENSG00000276925
HGNC:56416	ENSG00000270285
HGNC:56417	ENSG00000270538
HGNC:56418	ENSG00000270941
HGNC:56419	ENSG00000271137
HGNC:5642	ENSG00000271620
HGNC:56420	ENSG00000226432
HGNC:56421	ENSG00000255376
HGNC:56422	ENSG00000275607
HGNC:56423	ENSG00000241804
HGNC:56424	ENSG00000240097
HGNC:56425	ENSG00000225673
HGNC:56426	ENSG00000240568
HGNC:56427	ENSG00000240265
HGNC:56428	ENSG00000258566
HGNC:56429	ENSG00000239350
HGNC:5643	ENSG00000271130
HGNC:56430	ENSG00000239568
HGNC:56431	ENSG00000241537
HGNC:56432	ENSG00000242364
HGNC:56433	ENSG00000260431
HGNC:56434	ENSG00000232097
HGNC:56435	ENSG00000256136
HGNC:56436	ENSG00000239383
HGNC:56437	ENSG00000230851
HGNC:56438	ENSG00000239432
HGNC:56439	ENSG00000249347
HGNC:5644	ENSG00000270472
HGNC:56440	ENSG00000255025
HGNC:56441	ENSG00000254889
HGNC:56442	ENSG00000249869
HGNC:56443	ENSG00000255415
HGNC:56444	ENSG00000255016
HGNC:56445	ENSG00000248669
HGNC:56446	ENSG00000255273
HGNC:56447	ENSG00000254796
HGNC:56448	ENSG00000253881
HGNC:56449	ENSG00000255230
HGNC:5645	ENSG00000211952
HGNC:56450	ENSG00000249443
HGNC:56451	ENSG00000254581
HGNC:56452	ENSG00000242586
HGNC:56453	ENSG00000249142
HGNC:56454	ENSG00000260382
HGNC:56455	ENSG00000258431
HGNC:56456	ENSG00000241776
HGNC:56457	ENSG00000251014
HGNC:56458	ENSG00000241815
HGNC:56459	ENSG00000251172
HGNC:56460	ENSG00000240572
HGNC:56461	ENSG00000213431
HGNC:56462	ENSG00000253384
HGNC:56463	ENSG00000240107
HGNC:56464	ENSG00000243635
HGNC:56465	ENSG00000239455
HGNC:56466	ENSG00000250031
HGNC:56467	ENSG00000220412
HGNC:56468	ENSG00000250332
HGNC:56469	ENSG00000248113
HGNC:56471	ENSG00000239288
HGNC:56472	ENSG00000243945
HGNC:56473	ENSG00000275002
HGNC:56474	ENSG00000240787
HGNC:56475	ENSG00000244144
HGNC:56476	ENSG00000242308
HGNC:56477	ENSG00000289742
HGNC:56478	ENSG00000243483
HGNC:56479	ENSG00000240751
HGNC:56480	ENSG00000239280
HGNC:56481	ENSG00000241889
HGNC:56482	ENSG00000251467
HGNC:56483	ENSG00000270880
HGNC:56484	ENSG00000240393
HGNC:56485	ENSG00000239835
HGNC:56486	ENSG00000217648
HGNC:56487	ENSG00000241546
HGNC:56488	ENSG00000230769
HGNC:56489	ENSG00000226036
HGNC:5649	ENSG00000231475
HGNC:56490	ENSG00000240882
HGNC:56491	ENSG00000242613
HGNC:56492	ENSG00000256963
HGNC:56493	ENSG00000240774
HGNC:56494	ENSG00000242103
HGNC:56495	ENSG00000268282
HGNC:56496	ENSG00000250071
HGNC:56497	ENSG00000251411
HGNC:56498	ENSG00000243072
HGNC:56499	ENSG00000242001
HGNC:565	ENSG00000042753
HGNC:5650	ENSG00000211956
HGNC:56500	ENSG00000241439
HGNC:56501	ENSG00000258587
HGNC:56502	ENSG00000248557
HGNC:56503	ENSG00000250812
HGNC:56504	ENSG00000255483
HGNC:56505	ENSG00000248850
HGNC:56506	ENSG00000228997
HGNC:56507	ENSG00000225183
HGNC:56508	ENSG00000233114
HGNC:5651	ENSG00000211959
HGNC:56510	ENSG00000235449
HGNC:56511	ENSG00000254478
HGNC:56512	ENSG00000230609
HGNC:56513	ENSG00000250848
HGNC:56514	ENSG00000231443
HGNC:56515	ENSG00000231464
HGNC:56516	ENSG00000249626
HGNC:56517	ENSG00000232615
HGNC:56518	ENSG00000271662
HGNC:56519	ENSG00000250796
HGNC:5652	ENSG00000276775
HGNC:56520	ENSG00000249505
HGNC:56521	ENSG00000270773
HGNC:56522	ENSG00000248659
HGNC:56523	ENSG00000249253
HGNC:56524	ENSG00000249098
HGNC:56525	ENSG00000240890
HGNC:56526	ENSG00000249820
HGNC:56527	ENSG00000214301
HGNC:56528	ENSG00000250983
HGNC:56529	ENSG00000244062
HGNC:5653	ENSG00000254395
HGNC:56530	ENSG00000249691
HGNC:56531	ENSG00000256189
HGNC:56533	ENSG00000270506
HGNC:56534	ENSG00000262516
HGNC:56535	ENSG00000253638
HGNC:56536	ENSG00000270293
HGNC:56537	ENSG00000253581
HGNC:56538	ENSG00000242222
HGNC:56539	ENSG00000227267
HGNC:5654	ENSG00000224373
HGNC:56540	ENSG00000240695
HGNC:56541	ENSG00000254183
HGNC:56542	ENSG00000229820
HGNC:56543	ENSG00000271035
HGNC:56544	ENSG00000270995
HGNC:56545	ENSG00000260332
HGNC:56546	ENSG00000243886
HGNC:56547	ENSG00000258262
HGNC:56548	ENSG00000260438
HGNC:56549	ENSG00000260939
HGNC:5655	ENSG00000211970
HGNC:56550	ENSG00000214280
HGNC:56551	ENSG00000243518
HGNC:56552	ENSG00000249540
HGNC:56553	ENSG00000242479
HGNC:56554	ENSG00000248374
HGNC:56556	ENSG00000243596
HGNC:56557	ENSG00000241929
HGNC:56558	ENSG00000240477
HGNC:56559	ENSG00000237747
HGNC:5656	ENSG00000283906
HGNC:56560	ENSG00000271711
HGNC:56561	ENSG00000241671
HGNC:56562	ENSG00000227709
HGNC:56563	ENSG00000239706
HGNC:56564	ENSG00000270981
HGNC:56565	ENSG00000277143
HGNC:56566	ENSG00000243165
HGNC:56567	ENSG00000243116
HGNC:56568	ENSG00000224569
HGNC:56569	ENSG00000271052
HGNC:56570	ENSG00000214210
HGNC:56571	ENSG00000219575
HGNC:56572	ENSG00000271163
HGNC:56573	ENSG00000242036
HGNC:56574	ENSG00000244429
HGNC:56575	ENSG00000244039
HGNC:56576	ENSG00000234594
HGNC:56577	ENSG00000224611
HGNC:56578	ENSG00000231384
HGNC:56579	ENSG00000237501
HGNC:5658	ENSG00000259261
HGNC:56580	ENSG00000237645
HGNC:56581	ENSG00000236241
HGNC:56582	ENSG00000259545
HGNC:56583	ENSG00000242968
HGNC:56585	ENSG00000231906
HGNC:56586	ENSG00000271413
HGNC:56587	ENSG00000238026
HGNC:56588	ENSG00000241946
HGNC:56589	ENSG00000242068
HGNC:5659	ENSG00000211966
HGNC:56590	ENSG00000241473
HGNC:56591	ENSG00000242140
HGNC:56592	ENSG00000237897
HGNC:56593	ENSG00000239805
HGNC:56594	ENSG00000213155
HGNC:56595	ENSG00000249744
HGNC:56596	ENSG00000243378
HGNC:56597	ENSG00000276484
HGNC:56598	ENSG00000254609
HGNC:56599	ENSG00000260908
HGNC:566	ENSG00000132842
HGNC:5660	ENSG00000211978
HGNC:56600	ENSG00000261419
HGNC:56601	ENSG00000255037
HGNC:56602	ENSG00000261181
HGNC:56603	ENSG00000277770
HGNC:56604	ENSG00000257506
HGNC:56606	ENSG00000261203
HGNC:56607	ENSG00000278528
HGNC:56608	ENSG00000271682
HGNC:56609	ENSG00000243584
HGNC:5661	ENSG00000282651
HGNC:56610	ENSG00000283625
HGNC:56612	ENSG00000283390
HGNC:56613	ENSG00000225175
HGNC:56614	ENSG00000226724
HGNC:56615	ENSG00000231982
HGNC:56617	ENSG00000236182
HGNC:56618	ENSG00000214147
HGNC:56619	ENSG00000237653
HGNC:5662	ENSG00000211933
HGNC:56620	ENSG00000228998
HGNC:56621	ENSG00000254437
HGNC:56622	ENSG00000223986
HGNC:56623	ENSG00000225583
HGNC:56624	ENSG00000227979
HGNC:56625	ENSG00000239255
HGNC:56626	ENSG00000234805
HGNC:56627	ENSG00000236425
HGNC:56628	ENSG00000228413
HGNC:56629	ENSG00000214812
HGNC:5663	ENSG00000254326
HGNC:56630	ENSG00000226345
HGNC:56631	ENSG00000213358
HGNC:56632	ENSG00000239219
HGNC:56638	ENSG00000285578
HGNC:56639	ENSG00000271119
HGNC:5664	ENSG00000253325
HGNC:56640	ENSG00000234311
HGNC:56641	ENSG00000206129
HGNC:56642	ENSG00000236120
HGNC:56644	ENSG00000259436
HGNC:56645	ENSG00000254080
HGNC:56646	ENSG00000233825
HGNC:56648	ENSG00000253837
HGNC:56649	ENSG00000249379
HGNC:5665	ENSG00000282122
HGNC:56650	ENSG00000273270
HGNC:56651	ENSG00000273084
HGNC:56652	ENSG00000229434
HGNC:56653	ENSG00000260788
HGNC:56654	ENSG00000251249
HGNC:56655	ENSG00000229301
HGNC:56656	ENSG00000223646
HGNC:56657	ENSG00000281566
HGNC:56659	ENSG00000214888
HGNC:5666	ENSG00000253467
HGNC:56660	ENSG00000230479
HGNC:56661	ENSG00000259354
HGNC:56662	ENSG00000268983
HGNC:56663	ENSG00000284879
HGNC:56664	ENSG00000287966
HGNC:56665	ENSG00000231412
HGNC:56666	ENSG00000273796
HGNC:56669	ENSG00000276923
HGNC:5667	ENSG00000253131
HGNC:56670	ENSG00000259341
HGNC:56671	ENSG00000272374
HGNC:56672	ENSG00000234091
HGNC:56673	ENSG00000275120
HGNC:56674	ENSG00000237845
HGNC:56675	ENSG00000261616
HGNC:56676	ENSG00000275830
HGNC:56677	ENSG00000234104
HGNC:56678	ENSG00000244468
HGNC:56680	ENSG00000245059
HGNC:56681	ENSG00000236514
HGNC:56682	ENSG00000283064
HGNC:56684	ENSG00000267082
HGNC:56685	ENSG00000268518
HGNC:56686	ENSG00000254041
HGNC:56687	ENSG00000290531
HGNC:56688	ENSG00000289059
HGNC:5669	ENSG00000211979
HGNC:56691	ENSG00000276030
HGNC:56692	ENSG00000259202
HGNC:56694	ENSG00000248388
HGNC:56695	ENSG00000223991
HGNC:56696	ENSG00000273320
HGNC:56698	ENSG00000257568
HGNC:56699	ENSG00000213184
HGNC:567	ENSG00000103723
HGNC:5670	ENSG00000254279
HGNC:56700	ENSG00000224675
HGNC:56701	ENSG00000226644
HGNC:56704	ENSG00000255114
HGNC:56705	ENSG00000264769
HGNC:56708	ENSG00000236267
HGNC:56709	ENSG00000254932
HGNC:5671	ENSG00000253458
HGNC:56710	ENSG00000257883
HGNC:56711	ENSG00000254019
HGNC:56712	ENSG00000205622
HGNC:56713	ENSG00000243818
HGNC:56714	ENSG00000250767
HGNC:56716	ENSG00000235246
HGNC:56717	ENSG00000237590
HGNC:56718	ENSG00000244998
HGNC:56719	ENSG00000253355
HGNC:56721	ENSG00000267327
HGNC:56723	ENSG00000254334
HGNC:56725	ENSG00000285483
HGNC:56726	ENSG00000233785
HGNC:56727	ENSG00000267436
HGNC:56728	ENSG00000251643
HGNC:56729	ENSG00000231683
HGNC:5673	ENSG00000253345
HGNC:56731	ENSG00000225391
HGNC:56733	ENSG00000285744
HGNC:56735	ENSG00000255532
HGNC:56737	ENSG00000261332
HGNC:56738	ENSG00000233760
HGNC:56739	ENSG00000238178
HGNC:5674	ENSG00000253482
HGNC:56740	ENSG00000273619
HGNC:56741	ENSG00000256948
HGNC:56742	ENSG00000277383
HGNC:56743	ENSG00000255227
HGNC:56744	ENSG00000231653
HGNC:56745	ENSG00000230392
HGNC:56747	ENSG00000289883
HGNC:5675	ENSG00000253149
HGNC:56750	ENSG00000236393
HGNC:56751	ENSG00000264270
HGNC:56752	ENSG00000291316
HGNC:56753	ENSG00000257069
HGNC:56755	ENSG00000283352
HGNC:56756	ENSG00000248710
HGNC:56757	ENSG00000267216
HGNC:56758	ENSG00000228274
HGNC:56759	ENSG00000259347
HGNC:5676	ENSG00000253491
HGNC:56760	ENSG00000284188
HGNC:56762	ENSG00000253111
HGNC:56763	ENSG00000261186
HGNC:56768	ENSG00000286075
HGNC:56769	ENSG00000272693
HGNC:56771	ENSG00000268655
HGNC:56775	ENSG00000241219
HGNC:56777	ENSG00000236015
HGNC:56778	ENSG00000271113
HGNC:56779	ENSG00000205584
HGNC:5678	ENSG00000254203
HGNC:56780	ENSG00000146722
HGNC:56781	ENSG00000225755
HGNC:56782	ENSG00000235347
HGNC:56783	ENSG00000218986
HGNC:56784	ENSG00000219736
HGNC:56785	ENSG00000213480
HGNC:56786	ENSG00000254506
HGNC:56787	ENSG00000213028
HGNC:56788	ENSG00000226230
HGNC:56789	ENSG00000261151
HGNC:5679	ENSG00000253294
HGNC:56790	ENSG00000236636
HGNC:56791	ENSG00000251284
HGNC:56792	ENSG00000250277
HGNC:56793	ENSG00000248547
HGNC:56794	ENSG00000229052
HGNC:56795	ENSG00000235901
HGNC:56796	ENSG00000250403
HGNC:56797	ENSG00000259208
HGNC:56798	ENSG00000260494
HGNC:56799	ENSG00000255361
HGNC:568	ENSG00000065000
HGNC:5680	ENSG00000283195
HGNC:56800	ENSG00000253114
HGNC:56801	ENSG00000262316
HGNC:56802	ENSG00000216781
HGNC:56803	ENSG00000226483
HGNC:56804	ENSG00000231349
HGNC:56805	ENSG00000257807
HGNC:56806	ENSG00000248376
HGNC:56807	ENSG00000270861
HGNC:56808	ENSG00000248761
HGNC:56809	ENSG00000255161
HGNC:5681	ENSG00000253895
HGNC:56810	ENSG00000267744
HGNC:56811	ENSG00000262503
HGNC:56812	ENSG00000250020
HGNC:56813	ENSG00000249077
HGNC:56814	ENSG00000267066
HGNC:56815	ENSG00000250609
HGNC:56816	ENSG00000250928
HGNC:56817	ENSG00000256041
HGNC:56818	ENSG00000246596
HGNC:5682	ENSG00000253808
HGNC:56821	ENSG00000286153
HGNC:56822	ENSG00000254682
HGNC:56823	ENSG00000286296
HGNC:56824	ENSG00000278390
HGNC:56825	ENSG00000204368
HGNC:56826	ENSG00000226867
HGNC:56827	ENSG00000241207
HGNC:5683	ENSG00000253386
HGNC:56830	ENSG00000255951
HGNC:56831	ENSG00000239254
HGNC:56832	ENSG00000237704
HGNC:56833	ENSG00000232218
HGNC:56834	ENSG00000274333
HGNC:56835	ENSG00000276077
HGNC:56836	ENSG00000276759
HGNC:5684	ENSG00000253941
HGNC:56841	ENSG00000263257
HGNC:56842	ENSG00000197670
HGNC:56844	ENSG00000258082
HGNC:56845	ENSG00000241220
HGNC:56846	ENSG00000275418
HGNC:56847	ENSG00000268266
HGNC:56848	ENSG00000260616
HGNC:5685	ENSG00000253714
HGNC:56850	ENSG00000267686
HGNC:56853	ENSG00000289007
HGNC:56854	ENSG00000287171
HGNC:56855	ENSG00000285896
HGNC:56856	ENSG00000282840
HGNC:56859	ENSG00000291306
HGNC:5686	ENSG00000254329
HGNC:56860	ENSG00000293596
HGNC:56861	ENSG00000255306
HGNC:56862	ENSG00000283638
HGNC:5687	ENSG00000253747
HGNC:56873	ENSG00000278202
HGNC:56874	ENSG00000214783
HGNC:56876	ENSG00000259910
HGNC:56877	ENSG00000253507
HGNC:56879	ENSG00000250377
HGNC:5688	ENSG00000253169
HGNC:56881	ENSG00000234207
HGNC:56885	ENSG00000214071
HGNC:56886	ENSG00000241607
HGNC:56887	ENSG00000258562
HGNC:56889	ENSG00000263585
HGNC:5689	ENSG00000253820
HGNC:56890	ENSG00000285448
HGNC:56892	ENSG00000280040
HGNC:56895	ENSG00000215869
HGNC:56896	ENSG00000270477
HGNC:56897	ENSG00000216307
HGNC:56898	ENSG00000220685
HGNC:56899	ENSG00000230570
HGNC:569	ENSG00000185009
HGNC:5690	ENSG00000254134
HGNC:56900	ENSG00000234115
HGNC:56902	ENSG00000219314
HGNC:56903	ENSG00000219404
HGNC:56904	ENSG00000220748
HGNC:56905	ENSG00000255710
HGNC:56908	ENSG00000235319
HGNC:56909	ENSG00000254987
HGNC:5691	ENSG00000253674
HGNC:56912	ENSG00000271245
HGNC:56913	ENSG00000218073
HGNC:56914	ENSG00000218806
HGNC:56915	ENSG00000262400
HGNC:56916	ENSG00000217805
HGNC:56917	ENSG00000213972
HGNC:56918	ENSG00000270935
HGNC:56919	ENSG00000235707
HGNC:5692	ENSG00000254215
HGNC:56920	ENSG00000271440
HGNC:56921	ENSG00000271362
HGNC:56922	ENSG00000186328
HGNC:56923	ENSG00000226138
HGNC:56924	ENSG00000220734
HGNC:56925	ENSG00000270832
HGNC:56926	ENSG00000237719
HGNC:56927	ENSG00000218521
HGNC:56928	ENSG00000219273
HGNC:56929	ENSG00000218107
HGNC:5693	ENSG00000253412
HGNC:56930	ENSG00000271162
HGNC:56931	ENSG00000218337
HGNC:56932	ENSG00000216913
HGNC:56933	ENSG00000270306
HGNC:56934	ENSG00000232702
HGNC:56936	ENSG00000258982
HGNC:56937	ENSG00000261182
HGNC:56938	ENSG00000256811
HGNC:5694	ENSG00000283948
HGNC:56940	ENSG00000258572
HGNC:56941	ENSG00000265168
HGNC:56942	ENSG00000271523
HGNC:56943	ENSG00000225116
HGNC:56944	ENSG00000231961
HGNC:56945	ENSG00000234241
HGNC:56946	ENSG00000277315
HGNC:56947	ENSG00000235036
HGNC:56948	ENSG00000271298
HGNC:56949	ENSG00000271426
HGNC:5695	ENSG00000253780
HGNC:56950	ENSG00000270838
HGNC:56951	ENSG00000225069
HGNC:56952	ENSG00000225344
HGNC:56953	ENSG00000224628
HGNC:56954	ENSG00000230801
HGNC:56955	ENSG00000236456
HGNC:56956	ENSG00000257941
HGNC:56957	ENSG00000271919
HGNC:56958	ENSG00000229369
HGNC:56959	ENSG00000223651
HGNC:5696	ENSG00000254045
HGNC:56960	ENSG00000278171
HGNC:56961	ENSG00000215444
HGNC:56963	ENSG00000237788
HGNC:56964	ENSG00000239783
HGNC:56965	ENSG00000215268
HGNC:56966	ENSG00000213727
HGNC:56967	ENSG00000257731
HGNC:56968	ENSG00000257846
HGNC:56969	ENSG00000217289
HGNC:5697	ENSG00000253367
HGNC:56970	ENSG00000270226
HGNC:56971	ENSG00000215493
HGNC:56972	ENSG00000225544
HGNC:56973	ENSG00000230821
HGNC:56974	ENSG00000237472
HGNC:56975	ENSG00000254112
HGNC:56976	ENSG00000184084
HGNC:56977	ENSG00000225282
HGNC:56978	ENSG00000224334
HGNC:56979	ENSG00000224256
HGNC:5698	ENSG00000253462
HGNC:56980	ENSG00000230137
HGNC:56981	ENSG00000214125
HGNC:56982	ENSG00000229169
HGNC:56983	ENSG00000213683
HGNC:56984	ENSG00000237347
HGNC:56985	ENSG00000271181
HGNC:56986	ENSG00000231466
HGNC:56987	ENSG00000230203
HGNC:56988	ENSG00000236132
HGNC:56989	ENSG00000235485
HGNC:5699	ENSG00000253989
HGNC:56990	ENSG00000235371
HGNC:56991	ENSG00000233388
HGNC:56992	ENSG00000274717
HGNC:56993	ENSG00000228194
HGNC:56994	ENSG00000236079
HGNC:56995	ENSG00000226989
HGNC:56996	ENSG00000267398
HGNC:56997	ENSG00000266944
HGNC:56998	ENSG00000267589
HGNC:56999	ENSG00000268742
HGNC:57	ENSG00000091262
HGNC:570	ENSG00000070718
HGNC:5700	ENSG00000283562
HGNC:57000	ENSG00000269761
HGNC:57001	ENSG00000270614
HGNC:57002	ENSG00000271010
HGNC:57003	ENSG00000250441
HGNC:57004	ENSG00000275432
HGNC:57005	ENSG00000240673
HGNC:57006	ENSG00000213985
HGNC:57007	ENSG00000268747
HGNC:57008	ENSG00000268731
HGNC:57009	ENSG00000271182
HGNC:5701	ENSG00000253862
HGNC:57010	ENSG00000270317
HGNC:57011	ENSG00000267245
HGNC:57012	ENSG00000230387
HGNC:57013	ENSG00000228549
HGNC:57014	ENSG00000215014
HGNC:5702	ENSG00000253387
HGNC:5703	ENSG00000254053
HGNC:5704	ENSG00000254167
HGNC:5705	ENSG00000254036
HGNC:5706	ENSG00000253635
HGNC:5707	ENSG00000254052
HGNC:5708	ENSG00000253310
HGNC:5709	ENSG00000253303
HGNC:571	ENSG00000157823
HGNC:5710	ENSG00000253465
HGNC:5713	ENSG00000132465
HGNC:5714	ENSG00000253655
HGNC:5716	ENSG00000211592
HGNC:5719	ENSG00000211597
HGNC:572	ENSG00000134262
HGNC:5720	ENSG00000211596
HGNC:5721	ENSG00000211595
HGNC:5722	ENSG00000211594
HGNC:5723	ENSG00000211593
HGNC:5724	ENSG00000168214
HGNC:5726	ENSG00000274181
HGNC:573	ENSG00000081014
HGNC:5730	ENSG00000243290
HGNC:5731	ENSG00000253497
HGNC:5732	ENSG00000240864
HGNC:5733	ENSG00000240382
HGNC:5734	ENSG00000253578
HGNC:5735	ENSG00000244575
HGNC:5736	ENSG00000253870
HGNC:5737	ENSG00000242076
HGNC:5738	ENSG00000253461
HGNC:5739	ENSG00000239862
HGNC:574	ENSG00000221838
HGNC:5740	ENSG00000242371
HGNC:5741	ENSG00000243466
HGNC:5742	ENSG00000239855
HGNC:5743	ENSG00000240671
HGNC:5744	ENSG00000241755
HGNC:5746	ENSG00000278857
HGNC:5747	ENSG00000276566
HGNC:5748	ENSG00000241244
HGNC:5749	ENSG00000242766
HGNC:575	ENSG00000100478
HGNC:5750	ENSG00000253365
HGNC:5751	ENSG00000224607
HGNC:5752	ENSG00000253191
HGNC:5753	ENSG00000239975
HGNC:5754	ENSG00000232747
HGNC:5755	ENSG00000250036
HGNC:5756	ENSG00000251546
HGNC:5757	ENSG00000211633
HGNC:5758	ENSG00000242580
HGNC:5759	ENSG00000239819
HGNC:576	ENSG00000120868
HGNC:5760	ENSG00000235235
HGNC:5761	ENSG00000156755
HGNC:5762	ENSG00000204776
HGNC:5764	ENSG00000276674
HGNC:5767	ENSG00000231292
HGNC:5768	ENSG00000270187
HGNC:5769	ENSG00000204670
HGNC:5770	ENSG00000271569
HGNC:5771	ENSG00000271351
HGNC:5772	ENSG00000253481
HGNC:5773	ENSG00000230481
HGNC:5776	ENSG00000253278
HGNC:5777	ENSG00000253265
HGNC:5778	ENSG00000254157
HGNC:5779	ENSG00000253732
HGNC:578	ENSG00000107282
HGNC:5780	ENSG00000253625
HGNC:5781	ENSG00000241294
HGNC:5782	ENSG00000254098
HGNC:5783	ENSG00000244116
HGNC:5784	ENSG00000253998
HGNC:5785	ENSG00000243238
HGNC:5786	ENSG00000253487
HGNC:5787	ENSG00000253592
HGNC:5788	ENSG00000253435
HGNC:5789	ENSG00000273962
HGNC:579	ENSG00000034053
HGNC:5792	ENSG00000253906
HGNC:5793	ENSG00000254292
HGNC:5794	ENSG00000254220
HGNC:5795	ENSG00000253765
HGNC:5796	ENSG00000254345
HGNC:5797	ENSG00000241566
HGNC:5798	ENSG00000211623
HGNC:5799	ENSG00000242534
HGNC:580	ENSG00000011132
HGNC:5800	ENSG00000243264
HGNC:5801	ENSG00000239571
HGNC:5802	ENSG00000253127
HGNC:5803	ENSG00000254009
HGNC:5804	ENSG00000251039
HGNC:5805	ENSG00000270748
HGNC:5806	ENSG00000276050
HGNC:5808	ENSG00000271402
HGNC:581	ENSG00000166313
HGNC:5810	ENSG00000270450
HGNC:5811	ENSG00000278537
HGNC:5812	ENSG00000253460
HGNC:5813	ENSG00000253691
HGNC:5815	ENSG00000241351
HGNC:5816	ENSG00000244437
HGNC:5817	ENSG00000239951
HGNC:5818	ENSG00000253202
HGNC:5819	ENSG00000253158
HGNC:582	ENSG00000163697
HGNC:5820	ENSG00000253860
HGNC:5821	ENSG00000243063
HGNC:5823	ENSG00000211632
HGNC:5824	ENSG00000224041
HGNC:5825	ENSG00000211625
HGNC:5826	ENSG00000254097
HGNC:5827	ENSG00000253999
HGNC:5828	ENSG00000253501
HGNC:5829	ENSG00000228325
HGNC:583	ENSG00000134982
HGNC:5830	ENSG00000233999
HGNC:5832	ENSG00000270252
HGNC:5833	ENSG00000254264
HGNC:5834	ENSG00000211598
HGNC:5835	ENSG00000211599
HGNC:5836	ENSG00000211611
HGNC:5837	ENSG00000225523
HGNC:5838	ENSG00000211626
HGNC:5839	ENSG00000197794
HGNC:584	ENSG00000132703
HGNC:5855	ENSG00000211675
HGNC:5856	ENSG00000211677
HGNC:5857	ENSG00000211679
HGNC:5858	ENSG00000254029
HGNC:5859	ENSG00000254030
HGNC:586	ENSG00000164062
HGNC:5860	ENSG00000222037
HGNC:5861	ENSG00000211685
HGNC:5863	ENSG00000211674
HGNC:5864	ENSG00000211676
HGNC:5865	ENSG00000211678
HGNC:5866	ENSG00000211680
HGNC:5867	ENSG00000211681
HGNC:5868	ENSG00000211682
HGNC:5869	ENSG00000211684
HGNC:587	ENSG00000100823
HGNC:5870	ENSG00000128322
HGNC:5872	ENSG00000206066
HGNC:5876	ENSG00000211655
HGNC:5877	ENSG00000211653
HGNC:5878	ENSG00000253818
HGNC:5879	ENSG00000211651
HGNC:588	ENSG00000145782
HGNC:5880	ENSG00000211648
HGNC:5881	ENSG00000211645
HGNC:5882	ENSG00000211644
HGNC:5883	ENSG00000253823
HGNC:5884	ENSG00000211642
HGNC:5885	ENSG00000253794
HGNC:5886	ENSG00000211641
HGNC:5887	ENSG00000211668
HGNC:5888	ENSG00000211666
HGNC:5889	ENSG00000211664
HGNC:589	ENSG00000057663
HGNC:5890	ENSG00000211660
HGNC:5891	ENSG00000253451
HGNC:5892	ENSG00000211656
HGNC:5893	ENSG00000253120
HGNC:5894	ENSG00000253234
HGNC:5895	ENSG00000278196
HGNC:5896	ENSG00000211673
HGNC:5897	ENSG00000211669
HGNC:5898	ENSG00000211667
HGNC:5899	ENSG00000253590
HGNC:59	ENSG00000006071
HGNC:590	ENSG00000110330
HGNC:5900	ENSG00000253786
HGNC:5901	ENSG00000211665
HGNC:5902	ENSG00000253152
HGNC:5903	ENSG00000211663
HGNC:5904	ENSG00000253963
HGNC:5905	ENSG00000211662
HGNC:5906	ENSG00000211661
HGNC:5907	ENSG00000253822
HGNC:5908	ENSG00000211659
HGNC:5909	ENSG00000253913
HGNC:591	ENSG00000023445
HGNC:5910	ENSG00000211658
HGNC:5911	ENSG00000253338
HGNC:5912	ENSG00000253329
HGNC:5913	ENSG00000253920
HGNC:5914	ENSG00000211657
HGNC:5915	ENSG00000226420
HGNC:5916	ENSG00000253448
HGNC:5917	ENSG00000254077
HGNC:5918	ENSG00000211670
HGNC:5919	ENSG00000211672
HGNC:592	ENSG00000101966
HGNC:5920	ENSG00000211639
HGNC:5921	ENSG00000211637
HGNC:5922	ENSG00000211654
HGNC:5924	ENSG00000211650
HGNC:5925	ENSG00000211647
HGNC:5926	ENSG00000211643
HGNC:5927	ENSG00000211640
HGNC:5928	ENSG00000253631
HGNC:5929	ENSG00000211652
HGNC:593	ENSG00000089685
HGNC:5930	ENSG00000211649
HGNC:5931	ENSG00000211638
HGNC:5932	ENSG00000215177
HGNC:5933	ENSG00000223350
HGNC:5934	ENSG00000254240
HGNC:5935	ENSG00000253889
HGNC:5936	ENSG00000254175
HGNC:5937	ENSG00000253126
HGNC:5938	ENSG00000253752
HGNC:5939	ENSG00000254355
HGNC:594	ENSG00000166181
HGNC:5940	ENSG00000253239
HGNC:5941	ENSG00000253935
HGNC:5942	ENSG00000254308
HGNC:5943	ENSG00000253242
HGNC:5944	ENSG00000254161
HGNC:5945	ENSG00000253637
HGNC:5946	ENSG00000254075
HGNC:5948	ENSG00000147255
HGNC:5949	ENSG00000134256
HGNC:595	ENSG00000234558
HGNC:5950	ENSG00000143061
HGNC:5951	ENSG00000182985
HGNC:5952	ENSG00000183067
HGNC:5953	ENSG00000140749
HGNC:5956	ENSG00000163501
HGNC:5958	ENSG00000113141
HGNC:5959	ENSG00000070061
HGNC:5960	ENSG00000104365
HGNC:5961	ENSG00000269335
HGNC:5962	ENSG00000136634
HGNC:5964	ENSG00000110324
HGNC:5965	ENSG00000243646
HGNC:5966	ENSG00000095752
HGNC:5967	ENSG00000137070
HGNC:5969	ENSG00000168811
HGNC:597	ENSG00000105290
HGNC:5970	ENSG00000113302
HGNC:5971	ENSG00000096996
HGNC:5972	ENSG00000081985
HGNC:5973	ENSG00000169194
HGNC:5974	ENSG00000131724
HGNC:5975	ENSG00000123496
HGNC:5977	ENSG00000164136
HGNC:5978	ENSG00000134470
HGNC:598	ENSG00000084234
HGNC:5980	ENSG00000172349
HGNC:5981	ENSG00000112115
HGNC:5982	ENSG00000127743
HGNC:5983	ENSG00000124391
HGNC:5984	ENSG00000172458
HGNC:5985	ENSG00000177663
HGNC:5986	ENSG00000150782
HGNC:5987	ENSG00000137496
HGNC:5988	ENSG00000115604
HGNC:5989	ENSG00000115607
HGNC:5990	ENSG00000142224
HGNC:5991	ENSG00000115008
HGNC:5992	ENSG00000125538
HGNC:5993	ENSG00000115594
HGNC:5994	ENSG00000115590
HGNC:5995	ENSG00000196083
HGNC:5996	ENSG00000169306
HGNC:5997	ENSG00000189108
HGNC:5998	ENSG00000115602
HGNC:5999	ENSG00000115598
HGNC:60	ENSG00000069431
HGNC:600	ENSG00000118137
HGNC:6000	ENSG00000136689
HGNC:6001	ENSG00000109471
HGNC:6002	ENSG00000162891
HGNC:6003	ENSG00000016402
HGNC:6004	ENSG00000174564
HGNC:6005	ENSG00000138684
HGNC:6006	ENSG00000103522
HGNC:6008	ENSG00000134460
HGNC:6009	ENSG00000100385
HGNC:601	ENSG00000158874
HGNC:6010	ENSG00000147168
HGNC:6011	ENSG00000164399
HGNC:6012	ENSG00000185291
HGNC:6014	ENSG00000113520
HGNC:6015	ENSG00000077238
HGNC:6016	ENSG00000113525
HGNC:6017	ENSG00000091181
HGNC:6018	ENSG00000136244
HGNC:6019	ENSG00000160712
HGNC:602	ENSG00000110244
HGNC:6020	ENSG00000234910
HGNC:6021	ENSG00000134352
HGNC:6022	ENSG00000227018
HGNC:6023	ENSG00000104432
HGNC:6024	ENSG00000168685
HGNC:6025	ENSG00000169429
HGNC:6026	ENSG00000163464
HGNC:6027	ENSG00000180871
HGNC:6028	ENSG00000229754
HGNC:6029	ENSG00000145839
HGNC:603	ENSG00000084674
HGNC:6030	ENSG00000124334
HGNC:6031	ENSG00000229926
HGNC:6032	ENSG00000232420
HGNC:6033	ENSG00000226942
HGNC:6034	ENSG00000262081
HGNC:6036	ENSG00000141568
HGNC:6037	ENSG00000143621
HGNC:6038	ENSG00000129351
HGNC:604	ENSG00000111701
HGNC:6040	ENSG00000166333
HGNC:6041	ENSG00000105135
HGNC:6047	ENSG00000132305
HGNC:6048	ENSG00000229880
HGNC:605	ENSG00000124701
HGNC:6050	ENSG00000133731
HGNC:6051	ENSG00000141401
HGNC:6052	ENSG00000106348
HGNC:6053	ENSG00000178035
HGNC:6054	ENSG00000261647
HGNC:6055	ENSG00000112706
HGNC:6057	ENSG00000148798
HGNC:6058	ENSG00000149503
HGNC:6059	ENSG00000131203
HGNC:6060	ENSG00000224975
HGNC:6062	ENSG00000153487
HGNC:6063	ENSG00000168556
HGNC:6064	ENSG00000243468
HGNC:6065	ENSG00000123999
HGNC:6066	ENSG00000122641
HGNC:6067	ENSG00000163083
HGNC:6068	ENSG00000175189
HGNC:6069	ENSG00000241644
HGNC:607	ENSG00000130208
HGNC:6071	ENSG00000151689
HGNC:6074	ENSG00000040933
HGNC:6075	ENSG00000109452
HGNC:6076	ENSG00000068383
HGNC:6077	ENSG00000204084
HGNC:6079	ENSG00000168918
HGNC:608	ENSG00000214855
HGNC:6080	ENSG00000165458
HGNC:6081	ENSG00000254647
HGNC:6083	ENSG00000186480
HGNC:6086	ENSG00000248099
HGNC:6087	ENSG00000120211
HGNC:6088	ENSG00000172410
HGNC:6089	ENSG00000120210
HGNC:609	ENSG00000234906
HGNC:6090	ENSG00000173404
HGNC:6091	ENSG00000171105
HGNC:6093	ENSG00000027644
HGNC:6096	ENSG00000185176
HGNC:61	ENSG00000101986
HGNC:610	ENSG00000110245
HGNC:6102	ENSG00000234882
HGNC:6106	ENSG00000049768
HGNC:6107	ENSG00000139515
HGNC:6108	ENSG00000197429
HGNC:611	ENSG00000267467
HGNC:6110	ENSG00000140575
HGNC:6111	ENSG00000145703
HGNC:6112	ENSG00000184216
HGNC:6113	ENSG00000134070
HGNC:6115	ENSG00000136381
HGNC:6116	ENSG00000125347
HGNC:6117	ENSG00000168310
HGNC:6118	ENSG00000126456
HGNC:6119	ENSG00000137265
HGNC:612	ENSG00000189058
HGNC:6120	ENSG00000128604
HGNC:6121	ENSG00000117595
HGNC:6122	ENSG00000185507
HGNC:6125	ENSG00000169047
HGNC:6126	ENSG00000185950
HGNC:6127	ENSG00000184414
HGNC:6128	ENSG00000133124
HGNC:6129	ENSG00000113430
HGNC:613	ENSG00000130203
HGNC:6130	ENSG00000172183
HGNC:6131	ENSG00000213928
HGNC:6132	ENSG00000016082
HGNC:6133	ENSG00000129009
HGNC:6134	ENSG00000213949
HGNC:6135	ENSG00000143127
HGNC:6136	ENSG00000137809
HGNC:6137	ENSG00000164171
HGNC:6138	ENSG00000005961
HGNC:6139	ENSG00000005884
HGNC:6140	ENSG00000115232
HGNC:6141	ENSG00000161638
HGNC:6142	ENSG00000091409
HGNC:6143	ENSG00000135424
HGNC:6144	ENSG00000077943
HGNC:6145	ENSG00000144668
HGNC:6146	ENSG00000156886
HGNC:6147	ENSG00000083457
HGNC:6148	ENSG00000005844
HGNC:6149	ENSG00000169896
HGNC:615	ENSG00000175336
HGNC:6150	ENSG00000138448
HGNC:6152	ENSG00000140678
HGNC:6153	ENSG00000150093
HGNC:6154	ENSG00000147166
HGNC:6155	ENSG00000160255
HGNC:6156	ENSG00000259207
HGNC:6157	ENSG00000142856
HGNC:6158	ENSG00000132470
HGNC:6159	ENSG00000242372
HGNC:616	ENSG00000091583
HGNC:6160	ENSG00000082781
HGNC:6161	ENSG00000115221
HGNC:6162	ENSG00000139626
HGNC:6163	ENSG00000105855
HGNC:6164	ENSG00000198542
HGNC:6166	ENSG00000055957
HGNC:6167	ENSG00000151655
HGNC:6168	ENSG00000162267
HGNC:6169	ENSG00000055955
HGNC:6171	ENSG00000113263
HGNC:6172	ENSG00000134910
HGNC:6173	ENSG00000078596
HGNC:6174	ENSG00000136156
HGNC:6175	ENSG00000135916
HGNC:6176	ENSG00000125877
HGNC:6177	ENSG00000100605
HGNC:6178	ENSG00000137825
HGNC:6179	ENSG00000143772
HGNC:618	ENSG00000100342
HGNC:6180	ENSG00000150995
HGNC:6181	ENSG00000123104
HGNC:6182	ENSG00000096433
HGNC:6183	ENSG00000205726
HGNC:6184	ENSG00000198399
HGNC:6186	ENSG00000128928
HGNC:6187	ENSG00000163207
HGNC:6188	ENSG00000101384
HGNC:6189	ENSG00000184916
HGNC:619	ENSG00000128335
HGNC:6190	ENSG00000162434
HGNC:6192	ENSG00000096968
HGNC:6193	ENSG00000105639
HGNC:6196	ENSG00000008083
HGNC:6199	ENSG00000234616
HGNC:620	ENSG00000142192
HGNC:6200	ENSG00000183340
HGNC:6201	ENSG00000143543
HGNC:6204	ENSG00000177606
HGNC:6205	ENSG00000171223
HGNC:6206	ENSG00000130522
HGNC:6207	ENSG00000173801
HGNC:621	ENSG00000159593
HGNC:6210	ENSG00000085117
HGNC:6211	ENSG00000011201
HGNC:6214	ENSG00000241859
HGNC:6215	ENSG00000065427
HGNC:6216	ENSG00000186625
HGNC:6217	ENSG00000140854
HGNC:6218	ENSG00000111262
HGNC:6219	ENSG00000143105
HGNC:622	ENSG00000062725
HGNC:6220	ENSG00000177301
HGNC:6221	ENSG00000177272
HGNC:6222	ENSG00000182255
HGNC:6224	ENSG00000130037
HGNC:6225	ENSG00000151079
HGNC:6226	ENSG00000104848
HGNC:6228	ENSG00000169282
HGNC:6229	ENSG00000069424
HGNC:6230	ENSG00000170049
HGNC:6231	ENSG00000158445
HGNC:6232	ENSG00000182674
HGNC:6233	ENSG00000129159
HGNC:6234	ENSG00000166006
HGNC:6235	ENSG00000131398
HGNC:6236	ENSG00000116396
HGNC:6237	ENSG00000102057
HGNC:6238	ENSG00000184408
HGNC:6239	ENSG00000171385
HGNC:6240	ENSG00000180509
HGNC:6241	ENSG00000176076
HGNC:6242	ENSG00000159197
HGNC:6243	ENSG00000175538
HGNC:6244	ENSG00000152049
HGNC:6246	ENSG00000162975
HGNC:6248	ENSG00000026559
HGNC:6249	ENSG00000178342
HGNC:6250	ENSG00000143473
HGNC:6251	ENSG00000055118
HGNC:6252	ENSG00000135519
HGNC:6253	ENSG00000089558
HGNC:6254	ENSG00000140015
HGNC:6255	ENSG00000151704
HGNC:6256	ENSG00000177807
HGNC:6257	ENSG00000187486
HGNC:6258	ENSG00000184185
HGNC:6259	ENSG00000115474
HGNC:626	ENSG00000198931
HGNC:6260	ENSG00000182324
HGNC:6261	ENSG00000157551
HGNC:6262	ENSG00000153822
HGNC:6263	ENSG00000123700
HGNC:6264	ENSG00000162989
HGNC:6265	ENSG00000168135
HGNC:6266	ENSG00000120457
HGNC:6267	ENSG00000157542
HGNC:6269	ENSG00000121361
HGNC:6270	ENSG00000162728
HGNC:6272	ENSG00000135750
HGNC:6273	ENSG00000100433
HGNC:6274	ENSG00000184261
HGNC:6275	ENSG00000152315
HGNC:6277	ENSG00000082482
HGNC:6278	ENSG00000171303
HGNC:6279	ENSG00000182450
HGNC:6280	ENSG00000164626
HGNC:6281	ENSG00000099337
HGNC:6282	ENSG00000173338
HGNC:6283	ENSG00000169427
HGNC:6284	ENSG00000156113
HGNC:6285	ENSG00000145936
HGNC:6286	ENSG00000197584
HGNC:6287	ENSG00000171121
HGNC:6288	ENSG00000239435
HGNC:6289	ENSG00000135643
HGNC:6290	ENSG00000105642
HGNC:6291	ENSG00000080709
HGNC:6292	ENSG00000143603
HGNC:6293	ENSG00000104783
HGNC:6294	ENSG00000053918
HGNC:6295	ENSG00000269821
HGNC:6296	ENSG00000075043
HGNC:6297	ENSG00000184156
HGNC:6298	ENSG00000117013
HGNC:6299	ENSG00000185760
HGNC:63	ENSG00000215151
HGNC:630	ENSG00000146950
HGNC:6300	ENSG00000124134
HGNC:6301	ENSG00000156486
HGNC:6302	ENSG00000170745
HGNC:6304	ENSG00000105438
HGNC:6305	ENSG00000136240
HGNC:6306	ENSG00000100196
HGNC:6307	ENSG00000128052
HGNC:6308	ENSG00000197993
HGNC:6309	ENSG00000139330
HGNC:631	ENSG00000226863
HGNC:6315	ENSG00000138030
HGNC:6316	ENSG00000088247
HGNC:6317	ENSG00000129250
HGNC:6318	ENSG00000068796
HGNC:6319	ENSG00000131437
HGNC:6320	ENSG00000101350
HGNC:6321	ENSG00000084731
HGNC:6322	ENSG00000226650
HGNC:6323	ENSG00000155980
HGNC:6324	ENSG00000170759
HGNC:6325	ENSG00000168280
HGNC:6326	ENSG00000140859
HGNC:6327	ENSG00000151657
HGNC:6329	ENSG00000125498
HGNC:633	ENSG00000240583
HGNC:6331	ENSG00000243772
HGNC:6332	ENSG00000189013
HGNC:6333	ENSG00000276387
HGNC:6336	ENSG00000221957
HGNC:6338	ENSG00000167633
HGNC:6339	ENSG00000240403
HGNC:634	ENSG00000167580
HGNC:6340	ENSG00000275434
HGNC:6341	ENSG00000170498
HGNC:6342	ENSG00000157404
HGNC:6343	ENSG00000049130
HGNC:6344	ENSG00000133116
HGNC:6345	ENSG00000105610
HGNC:6346	ENSG00000118922
HGNC:6347	ENSG00000127528
HGNC:6348	ENSG00000136826
HGNC:6349	ENSG00000102554
HGNC:6350	ENSG00000118263
HGNC:6351	ENSG00000102349
HGNC:6352	ENSG00000150361
HGNC:6353	ENSG00000109466
HGNC:6354	ENSG00000146021
HGNC:6355	ENSG00000102271
HGNC:6356	ENSG00000109790
HGNC:6357	ENSG00000167748
HGNC:6358	ENSG00000129451
HGNC:6359	ENSG00000167757
HGNC:636	ENSG00000165272
HGNC:6360	ENSG00000186474
HGNC:6361	ENSG00000167759
HGNC:6362	ENSG00000129437
HGNC:6363	ENSG00000167751
HGNC:6364	ENSG00000142515
HGNC:6365	ENSG00000167749
HGNC:6366	ENSG00000167754
HGNC:6367	ENSG00000167755
HGNC:6368	ENSG00000169035
HGNC:6369	ENSG00000129455
HGNC:637	ENSG00000171885
HGNC:6370	ENSG00000213022
HGNC:6371	ENSG00000164344
HGNC:6372	ENSG00000256667
HGNC:6373	ENSG00000111796
HGNC:6374	ENSG00000134545
HGNC:6375	ENSG00000205809
HGNC:6376	ENSG00000205810
HGNC:6377	ENSG00000183542
HGNC:6378	ENSG00000134539
HGNC:638	ENSG00000161798
HGNC:6380	ENSG00000139187
HGNC:6381	ENSG00000117009
HGNC:6383	ENSG00000113889
HGNC:6387	ENSG00000126214
HGNC:6388	ENSG00000138160
HGNC:6389	ENSG00000237649
HGNC:639	ENSG00000086159
HGNC:6390	ENSG00000125337
HGNC:6391	ENSG00000079616
HGNC:6392	ENSG00000137807
HGNC:6393	ENSG00000142945
HGNC:6394	ENSG00000114030
HGNC:6395	ENSG00000182481
HGNC:6396	ENSG00000102753
HGNC:6397	ENSG00000186432
HGNC:6398	ENSG00000196911
HGNC:6399	ENSG00000025800
HGNC:64	ENSG00000261233
HGNC:640	ENSG00000165269
HGNC:6400	ENSG00000108424
HGNC:6401	ENSG00000083312
HGNC:6402	ENSG00000065150
HGNC:6404	ENSG00000118162
HGNC:6406	ENSG00000220635
HGNC:6407	ENSG00000133703
HGNC:6408	ENSG00000204103
HGNC:6412	ENSG00000167768
HGNC:6413	ENSG00000186395
HGNC:6414	ENSG00000187242
HGNC:6415	ENSG00000171401
HGNC:6416	ENSG00000186847
HGNC:642	ENSG00000103375
HGNC:6420	ENSG00000214856
HGNC:6421	ENSG00000171346
HGNC:6423	ENSG00000186832
HGNC:6427	ENSG00000128422
HGNC:6428	ENSG00000131885
HGNC:6429	ENSG00000186831
HGNC:643	ENSG00000103569
HGNC:6430	ENSG00000111057
HGNC:6431	ENSG00000215089
HGNC:6432	ENSG00000214417
HGNC:6433	ENSG00000186082
HGNC:6434	ENSG00000228666
HGNC:6435	ENSG00000234439
HGNC:6436	ENSG00000171345
HGNC:6438	ENSG00000108244
HGNC:6439	ENSG00000172867
HGNC:644	ENSG00000169083
HGNC:6440	ENSG00000186442
HGNC:6441	ENSG00000170477
HGNC:6442	ENSG00000186081
HGNC:6443	ENSG00000205420
HGNC:6444	ENSG00000185479
HGNC:6445	ENSG00000135480
HGNC:6446	ENSG00000170421
HGNC:6447	ENSG00000171403
HGNC:6448	ENSG00000094796
HGNC:6449	ENSG00000108759
HGNC:6450	ENSG00000006059
HGNC:6451	ENSG00000131738
HGNC:6452	ENSG00000131737
HGNC:6453	ENSG00000197079
HGNC:6454	ENSG00000126337
HGNC:6455	ENSG00000108417
HGNC:6456	ENSG00000171360
HGNC:6457	ENSG00000225438
HGNC:6458	ENSG00000205426
HGNC:6459	ENSG00000161850
HGNC:646	ENSG00000078061
HGNC:6460	ENSG00000170523
HGNC:6461	ENSG00000161849
HGNC:6462	ENSG00000135443
HGNC:6463	ENSG00000170442
HGNC:6465	ENSG00000141068
HGNC:6467	ENSG00000126777
HGNC:6469	ENSG00000115919
HGNC:647	ENSG00000224368
HGNC:6470	ENSG00000198910
HGNC:6472	ENSG00000159166
HGNC:6473	ENSG00000144218
HGNC:6476	ENSG00000089692
HGNC:6477	ENSG00000167613
HGNC:6478	ENSG00000167618
HGNC:648	ENSG00000198576
HGNC:6480	ENSG00000167531
HGNC:6481	ENSG00000101680
HGNC:6482	ENSG00000196569
HGNC:6483	ENSG00000053747
HGNC:6484	ENSG00000112769
HGNC:6485	ENSG00000130702
HGNC:6486	ENSG00000091136
HGNC:6487	ENSG00000172037
HGNC:6488	ENSG00000270441
HGNC:649	ENSG00000095139
HGNC:6490	ENSG00000196878
HGNC:6491	ENSG00000091128
HGNC:6492	ENSG00000135862
HGNC:6493	ENSG00000058085
HGNC:6494	ENSG00000050555
HGNC:6499	ENSG00000185896
HGNC:65	ENSG00000225293
HGNC:6501	ENSG00000005893
HGNC:6502	ENSG00000168028
HGNC:6503	ENSG00000237433
HGNC:6504	ENSG00000240087
HGNC:6505	ENSG00000233924
HGNC:6506	ENSG00000233984
HGNC:6508	ENSG00000115365
HGNC:6509	ENSG00000132434
HGNC:651	ENSG00000109321
HGNC:6510	ENSG00000117632
HGNC:6511	ENSG00000133424
HGNC:6512	ENSG00000133706
HGNC:6513	ENSG00000002834
HGNC:6514	ENSG00000131023
HGNC:6515	ENSG00000150457
HGNC:6517	ENSG00000129988
HGNC:6518	ENSG00000143815
HGNC:652	ENSG00000143761
HGNC:6522	ENSG00000213398
HGNC:6524	ENSG00000182866
HGNC:6525	ENSG00000160349
HGNC:6526	ENSG00000148346
HGNC:6528	ENSG00000136167
HGNC:6529	ENSG00000043462
HGNC:6530	ENSG00000115850
HGNC:6532	ENSG00000198728
HGNC:6533	ENSG00000169744
HGNC:6535	ENSG00000134333
HGNC:6536	ENSG00000251587
HGNC:6537	ENSG00000235674
HGNC:6538	ENSG00000236090
HGNC:6539	ENSG00000214110
HGNC:654	ENSG00000134287
HGNC:6540	ENSG00000213574
HGNC:6541	ENSG00000111716
HGNC:6542	ENSG00000232662
HGNC:6543	ENSG00000213684
HGNC:6544	ENSG00000166796
HGNC:6545	ENSG00000166685
HGNC:6546	ENSG00000135775
HGNC:6547	ENSG00000130164
HGNC:6548	ENSG00000182195
HGNC:655	ENSG00000168374
HGNC:6550	ENSG00000145826
HGNC:6551	ENSG00000138795
HGNC:6552	ENSG00000243709
HGNC:6553	ENSG00000174697
HGNC:6554	ENSG00000116678
HGNC:6555	ENSG00000104660
HGNC:6556	ENSG00000168924
HGNC:656	ENSG00000175906
HGNC:6560	ENSG00000106003
HGNC:6561	ENSG00000100097
HGNC:6562	ENSG00000100079
HGNC:6563	ENSG00000131981
HGNC:6564	ENSG00000108679
HGNC:6565	ENSG00000171747
HGNC:6568	ENSG00000205076
HGNC:6569	ENSG00000116977
HGNC:657	ENSG00000271525
HGNC:6570	ENSG00000168961
HGNC:6572	ENSG00000108231
HGNC:658	ENSG00000004059
HGNC:6583	ENSG00000143486
HGNC:6584	ENSG00000104826
HGNC:6585	ENSG00000138039
HGNC:6586	ENSG00000183722
HGNC:6587	ENSG00000182508
HGNC:6588	ENSG00000145685
HGNC:6589	ENSG00000187416
HGNC:659	ENSG00000165527
HGNC:6593	ENSG00000273706
HGNC:6594	ENSG00000106689
HGNC:6595	ENSG00000107187
HGNC:6596	ENSG00000128342
HGNC:6597	ENSG00000113594
HGNC:6598	ENSG00000105486
HGNC:66	ENSG00000173208
HGNC:660	ENSG00000113595
HGNC:6600	ENSG00000005156
HGNC:6601	ENSG00000174405
HGNC:6602	ENSG00000104974
HGNC:6603	ENSG00000239998
HGNC:6605	ENSG00000104972
HGNC:6606	ENSG00000131042
HGNC:6607	ENSG00000204577
HGNC:6608	ENSG00000186818
HGNC:6609	ENSG00000105609
HGNC:661	ENSG00000242247
HGNC:6610	ENSG00000105370
HGNC:6612	ENSG00000144791
HGNC:6613	ENSG00000106683
HGNC:6614	ENSG00000182541
HGNC:6616	ENSG00000169756
HGNC:6617	ENSG00000107798
HGNC:6619	ENSG00000166035
HGNC:662	ENSG00000101246
HGNC:6621	ENSG00000079435
HGNC:6622	ENSG00000182333
HGNC:6623	ENSG00000101670
HGNC:6628	ENSG00000131899
HGNC:6629	ENSG00000073350
HGNC:663	ENSG00000118520
HGNC:6631	ENSG00000074695
HGNC:6632	ENSG00000140506
HGNC:6633	ENSG00000071282
HGNC:6636	ENSG00000160789
HGNC:6637	ENSG00000113368
HGNC:6638	ENSG00000176619
HGNC:664	ENSG00000081181
HGNC:6641	ENSG00000166407
HGNC:6642	ENSG00000135363
HGNC:6643	ENSG00000048540
HGNC:6644	ENSG00000143013
HGNC:6645	ENSG00000012211
HGNC:6646	ENSG00000136153
HGNC:6647	ENSG00000163431
HGNC:6648	ENSG00000170807
HGNC:6649	ENSG00000163380
HGNC:6653	ENSG00000162761
HGNC:6654	ENSG00000136944
HGNC:6656	ENSG00000113441
HGNC:6657	ENSG00000072201
HGNC:6658	ENSG00000110002
HGNC:6663	ENSG00000203782
HGNC:6664	ENSG00000113083
HGNC:6665	ENSG00000129038
HGNC:6666	ENSG00000134013
HGNC:6667	ENSG00000198670
HGNC:667	ENSG00000067560
HGNC:6677	ENSG00000175445
HGNC:6678	ENSG00000167419
HGNC:6679	ENSG00000145012
HGNC:668	ENSG00000143878
HGNC:6685	ENSG00000121207
HGNC:669	ENSG00000155366
HGNC:6690	ENSG00000118308
HGNC:6691	ENSG00000077454
HGNC:6692	ENSG00000123384
HGNC:6693	ENSG00000168702
HGNC:6694	ENSG00000081479
HGNC:6695	ENSG00000130881
HGNC:6696	ENSG00000134569
HGNC:6697	ENSG00000162337
HGNC:6698	ENSG00000070018
HGNC:67	ENSG00000117528
HGNC:670	ENSG00000173156
HGNC:6700	ENSG00000157193
HGNC:6701	ENSG00000163956
HGNC:6702	ENSG00000124831
HGNC:6703	ENSG00000093167
HGNC:6705	ENSG00000185565
HGNC:6707	ENSG00000130592
HGNC:6708	ENSG00000160285
HGNC:6709	ENSG00000226979
HGNC:671	ENSG00000115963
HGNC:6710	ENSG00000111144
HGNC:6711	ENSG00000227507
HGNC:6713	ENSG00000213903
HGNC:6714	ENSG00000049323
HGNC:6715	ENSG00000119681
HGNC:6716	ENSG00000168056
HGNC:6717	ENSG00000090006
HGNC:6718	ENSG00000111321
HGNC:6719	ENSG00000213316
HGNC:672	ENSG00000177105
HGNC:6720	ENSG00000012223
HGNC:6721	ENSG00000062524
HGNC:6722	ENSG00000187244
HGNC:6723	ENSG00000007392
HGNC:6724	ENSG00000139329
HGNC:6726	ENSG00000134061
HGNC:6727	ENSG00000160932
HGNC:6728	ENSG00000176956
HGNC:6729	ENSG00000054219
HGNC:673	ENSG00000175220
HGNC:6730	ENSG00000122224
HGNC:6731	ENSG00000189430
HGNC:6732	ENSG00000096264
HGNC:6734	ENSG00000104903
HGNC:6735	ENSG00000254087
HGNC:6737	ENSG00000120992
HGNC:6738	ENSG00000011009
HGNC:674	ENSG00000089820
HGNC:6740	ENSG00000090382
HGNC:6741	ENSG00000163818
HGNC:6742	ENSG00000099949
HGNC:6743	ENSG00000135387
HGNC:6746	ENSG00000188554
HGNC:675	ENSG00000100852
HGNC:6752	ENSG00000003056
HGNC:6757	ENSG00000180660
HGNC:6758	ENSG00000181541
HGNC:6759	ENSG00000277443
HGNC:676	ENSG00000047648
HGNC:6761	ENSG00000059728
HGNC:6762	ENSG00000002822
HGNC:6763	ENSG00000164109
HGNC:6764	ENSG00000116670
HGNC:6765	ENSG00000099866
HGNC:6766	ENSG00000110514
HGNC:6767	ENSG00000170365
HGNC:6768	ENSG00000175387
HGNC:6769	ENSG00000166949
HGNC:677	ENSG00000241484
HGNC:6770	ENSG00000141646
HGNC:6771	ENSG00000113658
HGNC:6772	ENSG00000137834
HGNC:6773	ENSG00000101665
HGNC:6774	ENSG00000120693
HGNC:6775	ENSG00000157077
HGNC:6776	ENSG00000178573
HGNC:678	ENSG00000141522
HGNC:6780	ENSG00000185022
HGNC:6781	ENSG00000197063
HGNC:6782	ENSG00000198517
HGNC:6783	ENSG00000105695
HGNC:679	ENSG00000111348
HGNC:6796	ENSG00000198681
HGNC:6797	ENSG00000124260
HGNC:6798	ENSG00000185247
HGNC:6799	ENSG00000213401
HGNC:68	ENSG00000119688
HGNC:680	ENSG00000242173
HGNC:6800	ENSG00000268606
HGNC:6801	ENSG00000221867
HGNC:6802	ENSG00000147381
HGNC:6803	ENSG00000242520
HGNC:6804	ENSG00000197172
HGNC:6805	ENSG00000224732
HGNC:6806	ENSG00000156009
HGNC:6807	ENSG00000123584
HGNC:6808	ENSG00000214107
HGNC:6809	ENSG00000099399
HGNC:681	ENSG00000076928
HGNC:6810	ENSG00000198798
HGNC:6811	ENSG00000120289
HGNC:6812	ENSG00000155495
HGNC:6813	ENSG00000179222
HGNC:6814	ENSG00000254585
HGNC:6815	ENSG00000162385
HGNC:6816	ENSG00000111837
HGNC:6817	ENSG00000172005
HGNC:6818	ENSG00000144063
HGNC:6819	ENSG00000172175
HGNC:682	ENSG00000116584
HGNC:6821	ENSG00000111885
HGNC:6822	ENSG00000198162
HGNC:6823	ENSG00000177239
HGNC:6824	ENSG00000112893
HGNC:6825	ENSG00000196547
HGNC:6826	ENSG00000104774
HGNC:6827	ENSG00000140400
HGNC:683	ENSG00000163947
HGNC:6831	ENSG00000109323
HGNC:6833	ENSG00000189221
HGNC:6834	ENSG00000069535
HGNC:6835	ENSG00000166963
HGNC:6836	ENSG00000131711
HGNC:6838	ENSG00000101460
HGNC:6839	ENSG00000078018
HGNC:684	ENSG00000136002
HGNC:6840	ENSG00000169032
HGNC:6841	ENSG00000254013
HGNC:6842	ENSG00000126934
HGNC:6843	ENSG00000034152
HGNC:6844	ENSG00000065559
HGNC:6845	ENSG00000137764
HGNC:6846	ENSG00000108984
HGNC:6847	ENSG00000076984
HGNC:6848	ENSG00000095015
HGNC:6849	ENSG00000130758
HGNC:685	ENSG00000129675
HGNC:6850	ENSG00000173327
HGNC:6851	ENSG00000139625
HGNC:6852	ENSG00000073803
HGNC:6853	ENSG00000006062
HGNC:6854	ENSG00000169967
HGNC:6855	ENSG00000198909
HGNC:6856	ENSG00000085511
HGNC:6857	ENSG00000197442
HGNC:6858	ENSG00000142733
HGNC:6859	ENSG00000135341
HGNC:686	ENSG00000168421
HGNC:6860	ENSG00000107968
HGNC:6861	ENSG00000006432
HGNC:6862	ENSG00000047849
HGNC:6863	ENSG00000104814
HGNC:6864	ENSG00000168067
HGNC:6865	ENSG00000011566
HGNC:6866	ENSG00000071054
HGNC:6867	ENSG00000012983
HGNC:6868	ENSG00000171533
HGNC:6869	ENSG00000135525
HGNC:687	ENSG00000162595
HGNC:6871	ENSG00000100030
HGNC:6872	ENSG00000109339
HGNC:6873	ENSG00000185386
HGNC:6874	ENSG00000188130
HGNC:6875	ENSG00000156711
HGNC:6876	ENSG00000112062
HGNC:6877	ENSG00000102882
HGNC:6878	ENSG00000141639
HGNC:6879	ENSG00000069956
HGNC:688	ENSG00000126785
HGNC:6880	ENSG00000166484
HGNC:6881	ENSG00000107643
HGNC:6882	ENSG00000121653
HGNC:6883	ENSG00000008735
HGNC:6884	ENSG00000138834
HGNC:6885	ENSG00000262500
HGNC:6886	ENSG00000050748
HGNC:6887	ENSG00000162889
HGNC:6888	ENSG00000114738
HGNC:6889	ENSG00000089022
HGNC:689	ENSG00000166233
HGNC:6890	ENSG00000101367
HGNC:6891	ENSG00000166974
HGNC:6892	ENSG00000084764
HGNC:6893	ENSG00000186868
HGNC:6895	ENSG00000019169
HGNC:6896	ENSG00000116141
HGNC:6897	ENSG00000075413
HGNC:6898	ENSG00000166986
HGNC:6899	ENSG00000130368
HGNC:69	ENSG00000164163
HGNC:690	ENSG00000177479
HGNC:6901	ENSG00000127241
HGNC:6902	ENSG00000009724
HGNC:6903	ENSG00000151224
HGNC:6904	ENSG00000168906
HGNC:6905	ENSG00000038274
HGNC:6906	ENSG00000007264
HGNC:6907	ENSG00000162510
HGNC:6908	ENSG00000132561
HGNC:6909	ENSG00000132031
HGNC:691	ENSG00000165462
HGNC:6910	ENSG00000124159
HGNC:6912	ENSG00000015479
HGNC:6913	ENSG00000125952
HGNC:6914	ENSG00000103495
HGNC:6915	ENSG00000198125
HGNC:6916	ENSG00000141644
HGNC:6917	ENSG00000134046
HGNC:6918	ENSG00000071655
HGNC:6919	ENSG00000129071
HGNC:692	ENSG00000120805
HGNC:6921	ENSG00000242600
HGNC:6922	ENSG00000165471
HGNC:6923	ENSG00000152601
HGNC:6924	ENSG00000068697
HGNC:6925	ENSG00000197971
HGNC:6929	ENSG00000258839
HGNC:693	ENSG00000213465
HGNC:6930	ENSG00000185231
HGNC:6931	ENSG00000124089
HGNC:6932	ENSG00000166603
HGNC:6933	ENSG00000176136
HGNC:6934	ENSG00000076706
HGNC:6935	ENSG00000171444
HGNC:6936	ENSG00000078070
HGNC:6937	ENSG00000131844
HGNC:6938	ENSG00000183196
HGNC:694	ENSG00000138175
HGNC:6940	ENSG00000101977
HGNC:6943	ENSG00000143384
HGNC:6944	ENSG00000073111
HGNC:6945	ENSG00000112118
HGNC:6946	ENSG00000160294
HGNC:6947	ENSG00000104738
HGNC:6948	ENSG00000100297
HGNC:6949	ENSG00000076003
HGNC:695	ENSG00000122644
HGNC:6950	ENSG00000166508
HGNC:6953	ENSG00000117335
HGNC:6954	ENSG00000147316
HGNC:6959	ENSG00000244703
HGNC:696	ENSG00000162980
HGNC:6960	ENSG00000187778
HGNC:6962	ENSG00000163206
HGNC:6967	ENSG00000112559
HGNC:6968	ENSG00000128590
HGNC:697	ENSG00000170540
HGNC:6970	ENSG00000014641
HGNC:6971	ENSG00000146701
HGNC:6972	ENSG00000110492
HGNC:6973	ENSG00000135679
HGNC:6974	ENSG00000198625
HGNC:698	ENSG00000188042
HGNC:6983	ENSG00000065833
HGNC:6984	ENSG00000082212
HGNC:6985	ENSG00000151376
HGNC:6986	ENSG00000124733
HGNC:6990	ENSG00000169057
HGNC:6993	ENSG00000068305
HGNC:6994	ENSG00000224620
HGNC:6995	ENSG00000213999
HGNC:6996	ENSG00000081189
HGNC:6997	ENSG00000116604
HGNC:6998	ENSG00000103313
HGNC:7	ENSG00000175899
HGNC:70	ENSG00000204574
HGNC:700	ENSG00000143437
HGNC:7000	ENSG00000143995
HGNC:7001	ENSG00000134138
HGNC:7002	ENSG00000179277
HGNC:7007	ENSG00000167461
HGNC:701	ENSG00000133794
HGNC:7010	ENSG00000133895
HGNC:7013	ENSG00000005102
HGNC:7014	ENSG00000106511
HGNC:7015	ENSG00000112818
HGNC:7016	ENSG00000283246
HGNC:7020	ENSG00000141434
HGNC:7027	ENSG00000153208
HGNC:7028	ENSG00000106484
HGNC:7029	ENSG00000105976
HGNC:703	ENSG00000241685
HGNC:7030	ENSG00000037897
HGNC:7032	ENSG00000140259
HGNC:7033	ENSG00000117122
HGNC:7034	ENSG00000037749
HGNC:7035	ENSG00000166482
HGNC:7036	ENSG00000140545
HGNC:7037	ENSG00000163975
HGNC:7038	ENSG00000100060
HGNC:704	ENSG00000130429
HGNC:7043	ENSG00000257335
HGNC:7044	ENSG00000131446
HGNC:7045	ENSG00000168282
HGNC:7046	ENSG00000128268
HGNC:7047	ENSG00000071073
HGNC:7048	ENSG00000161013
HGNC:7049	ENSG00000152127
HGNC:705	ENSG00000163466
HGNC:7050	ENSG00000110484
HGNC:7051	ENSG00000124939
HGNC:7056	ENSG00000198408
HGNC:7059	ENSG00000170430
HGNC:706	ENSG00000111229
HGNC:7060	ENSG00000111341
HGNC:7061	ENSG00000008394
HGNC:7063	ENSG00000085871
HGNC:7064	ENSG00000143198
HGNC:7067	ENSG00000179583
HGNC:707	ENSG00000241553
HGNC:7076	ENSG00000261857
HGNC:708	ENSG00000162704
HGNC:7082	ENSG00000002586
HGNC:7083	ENSG00000223773
HGNC:7090	ENSG00000204520
HGNC:7091	ENSG00000204516
HGNC:7092	ENSG00000226577
HGNC:7093	ENSG00000229390
HGNC:7094	ENSG00000273340
HGNC:7095	ENSG00000101871
HGNC:7096	ENSG00000080561
HGNC:7097	ENSG00000240972
HGNC:7098	ENSG00000138755
HGNC:71	ENSG00000033050
HGNC:710	ENSG00000120500
HGNC:7102	ENSG00000107789
HGNC:7103	ENSG00000135517
HGNC:7104	ENSG00000027001
HGNC:7105	ENSG00000187098
HGNC:7106	ENSG00000066427
HGNC:7107	ENSG00000148773
HGNC:7108	ENSG00000125863
HGNC:7109	ENSG00000128585
HGNC:711	ENSG00000137486
HGNC:7110	ENSG00000079277
HGNC:7111	ENSG00000099875
HGNC:7112	ENSG00000133606
HGNC:7113	ENSG00000075975
HGNC:7114	ENSG00000179455
HGNC:7115	ENSG00000238222
HGNC:7116	ENSG00000258128
HGNC:7117	ENSG00000224430
HGNC:7118	ENSG00000227154
HGNC:7119	ENSG00000225849
HGNC:712	ENSG00000141480
HGNC:7120	ENSG00000237090
HGNC:7121	ENSG00000011143
HGNC:7124	ENSG00000120215
HGNC:7125	ENSG00000178053
HGNC:7126	ENSG00000089693
HGNC:7127	ENSG00000076242
HGNC:7128	ENSG00000119684
HGNC:713	ENSG00000100299
HGNC:7132	ENSG00000118058
HGNC:7133	ENSG00000167548
HGNC:7134	ENSG00000130382
HGNC:7135	ENSG00000172493
HGNC:7136	ENSG00000171843
HGNC:7137	ENSG00000130396
HGNC:7138	ENSG00000275023
HGNC:7139	ENSG00000184481
HGNC:714	ENSG00000113273
HGNC:7141	ENSG00000096395
HGNC:7142	ENSG00000175130
HGNC:7146	ENSG00000134160
HGNC:7150	ENSG00000103150
HGNC:7151	ENSG00000147697
HGNC:7153	ENSG00000108960
HGNC:7154	ENSG00000196549
HGNC:7155	ENSG00000196611
HGNC:7156	ENSG00000166670
HGNC:7157	ENSG00000099953
HGNC:7158	ENSG00000262406
HGNC:7159	ENSG00000137745
HGNC:7160	ENSG00000157227
HGNC:7161	ENSG00000102996
HGNC:7162	ENSG00000156103
HGNC:7163	ENSG00000198598
HGNC:7165	ENSG00000123342
HGNC:7166	ENSG00000087245
HGNC:7167	ENSG00000137674
HGNC:717	ENSG00000006756
HGNC:7170	ENSG00000215914
HGNC:7171	ENSG00000189409
HGNC:7172	ENSG00000125966
HGNC:7173	ENSG00000149968
HGNC:7174	ENSG00000137673
HGNC:7175	ENSG00000118113
HGNC:7176	ENSG00000100985
HGNC:7178	ENSG00000138722
HGNC:7179	ENSG00000119711
HGNC:718	ENSG00000225117
HGNC:7180	ENSG00000169184
HGNC:7181	ENSG00000020426
HGNC:7183	ENSG00000163563
HGNC:7188	ENSG00000070444
HGNC:7189	ENSG00000168314
HGNC:719	ENSG00000157399
HGNC:7190	ENSG00000124615
HGNC:7191	ENSG00000260347
HGNC:7193	ENSG00000164172
HGNC:7197	ENSG00000204655
HGNC:7198	ENSG00000114487
HGNC:7199	ENSG00000172680
HGNC:72	ENSG00000161204
HGNC:720	ENSG00000224060
HGNC:7200	ENSG00000155363
HGNC:7201	ENSG00000073146
HGNC:7202	ENSG00000266707
HGNC:7203	ENSG00000091972
HGNC:7207	ENSG00000129255
HGNC:7208	ENSG00000107186
HGNC:721	ENSG00000062096
HGNC:7211	ENSG00000103152
HGNC:7212	ENSG00000138182
HGNC:7213	ENSG00000124383
HGNC:7214	ENSG00000135698
HGNC:7215	ENSG00000051825
HGNC:7216	ENSG00000178802
HGNC:7217	ENSG00000117400
HGNC:7218	ENSG00000005381
HGNC:7219	ENSG00000130830
HGNC:722	ENSG00000232226
HGNC:7220	ENSG00000108852
HGNC:7221	ENSG00000161647
HGNC:7223	ENSG00000128309
HGNC:7224	ENSG00000115204
HGNC:7225	ENSG00000158887
HGNC:7226	ENSG00000197965
HGNC:7227	ENSG00000158186
HGNC:7228	ENSG00000260314
HGNC:723	ENSG00000129744
HGNC:7230	ENSG00000020922
HGNC:7231	ENSG00000242537
HGNC:7234	ENSG00000148187
HGNC:7237	ENSG00000072952
HGNC:724	ENSG00000238048
HGNC:725	ENSG00000156219
HGNC:726	ENSG00000111339
HGNC:727	ENSG00000117407
HGNC:728	ENSG00000099889
HGNC:73	ENSG00000160179
HGNC:7315	ENSG00000156738
HGNC:7316	ENSG00000149534
HGNC:7317	ENSG00000149516
HGNC:7321	ENSG00000178860
HGNC:7323	ENSG00000184640
HGNC:7325	ENSG00000095002
HGNC:7326	ENSG00000113318
HGNC:7327	ENSG00000057468
HGNC:7328	ENSG00000204410
HGNC:7329	ENSG00000116062
HGNC:7330	ENSG00000135097
HGNC:735	ENSG00000104763
HGNC:736	ENSG00000138744
HGNC:7370	ENSG00000005302
HGNC:7371	ENSG00000102854
HGNC:7372	ENSG00000263639
HGNC:7373	ENSG00000147065
HGNC:7374	ENSG00000251593
HGNC:7376	ENSG00000038945
HGNC:7377	ENSG00000175806
HGNC:738	ENSG00000139352
HGNC:7380	ENSG00000173531
HGNC:7381	ENSG00000164078
HGNC:7383	ENSG00000186301
HGNC:739	ENSG00000183734
HGNC:7390	ENSG00000186715
HGNC:7391	ENSG00000163132
HGNC:7392	ENSG00000120149
HGNC:7393	ENSG00000205362
HGNC:7394	ENSG00000169688
HGNC:7395	ENSG00000205360
HGNC:7396	ENSG00000205361
HGNC:7397	ENSG00000169715
HGNC:7398	ENSG00000198417
HGNC:7399	ENSG00000125144
HGNC:74	ENSG00000118777
HGNC:740	ENSG00000176009
HGNC:7400	ENSG00000205358
HGNC:7401	ENSG00000275691
HGNC:7402	ENSG00000255986
HGNC:7404	ENSG00000260549
HGNC:7405	ENSG00000187193
HGNC:7406	ENSG00000125148
HGNC:7407	ENSG00000162840
HGNC:7408	ENSG00000087250
HGNC:7410	ENSG00000182979
HGNC:7411	ENSG00000149480
HGNC:7413	ENSG00000099810
HGNC:7414	ENSG00000198899
HGNC:7415	ENSG00000228253
HGNC:7417	ENSG00000172167
HGNC:7419	ENSG00000198804
HGNC:742	ENSG00000141505
HGNC:7420	ENSG00000280243
HGNC:7421	ENSG00000198712
HGNC:7422	ENSG00000198938
HGNC:7423	ENSG00000214827
HGNC:7427	ENSG00000198727
HGNC:7428	ENSG00000188786
HGNC:743	ENSG00000161944
HGNC:7432	ENSG00000100714
HGNC:7433	ENSG00000231831
HGNC:7434	ENSG00000065911
HGNC:7436	ENSG00000177000
HGNC:7437	ENSG00000136371
HGNC:744	ENSG00000129691
HGNC:7441	ENSG00000085760
HGNC:7442	ENSG00000233929
HGNC:7444	ENSG00000264697
HGNC:7446	ENSG00000132749
HGNC:7448	ENSG00000171100
HGNC:7449	ENSG00000063601
HGNC:745	ENSG00000101440
HGNC:7450	ENSG00000087053
HGNC:7451	ENSG00000100330
HGNC:7452	ENSG00000108389
HGNC:7453	ENSG00000139505
HGNC:7454	ENSG00000003987
HGNC:7455	ENSG00000198888
HGNC:7456	ENSG00000198763
HGNC:7458	ENSG00000198840
HGNC:7459	ENSG00000198886
HGNC:746	ENSG00000126522
HGNC:7460	ENSG00000212907
HGNC:7461	ENSG00000198786
HGNC:7462	ENSG00000198695
HGNC:7463	ENSG00000168412
HGNC:7464	ENSG00000134640
HGNC:7467	ENSG00000138823
HGNC:7468	ENSG00000116984
HGNC:7469	ENSG00000120662
HGNC:747	ENSG00000244723
HGNC:7470	ENSG00000211459
HGNC:7471	ENSG00000210082
HGNC:7473	ENSG00000124275
HGNC:7475	ENSG00000210127
HGNC:7477	ENSG00000210140
HGNC:7478	ENSG00000210154
HGNC:7479	ENSG00000210194
HGNC:7481	ENSG00000210049
HGNC:7486	ENSG00000210164
HGNC:7487	ENSG00000210176
HGNC:7488	ENSG00000210100
HGNC:7489	ENSG00000210156
HGNC:7490	ENSG00000209082
HGNC:7491	ENSG00000210191
HGNC:7492	ENSG00000210112
HGNC:7493	ENSG00000210135
HGNC:7494	ENSG00000210196
HGNC:7495	ENSG00000210107
HGNC:7496	ENSG00000210174
HGNC:7497	ENSG00000210151
HGNC:7498	ENSG00000210184
HGNC:7499	ENSG00000210195
HGNC:750	ENSG00000196433
HGNC:7500	ENSG00000210077
HGNC:7501	ENSG00000210117
HGNC:7502	ENSG00000210144
HGNC:7504	ENSG00000173171
HGNC:7505	ENSG00000236675
HGNC:7506	ENSG00000128654
HGNC:7508	ENSG00000185499
HGNC:751	ENSG00000169093
HGNC:7510	ENSG00000205277
HGNC:7511	ENSG00000173702
HGNC:7512	ENSG00000198788
HGNC:7513	ENSG00000169894
HGNC:7514	ENSG00000145113
HGNC:7515	ENSG00000215182
HGNC:7516	ENSG00000117983
HGNC:7517	ENSG00000184956
HGNC:7518	ENSG00000171195
HGNC:752	ENSG00000198356
HGNC:7521	ENSG00000099834
HGNC:7523	ENSG00000108395
HGNC:7525	ENSG00000030304
HGNC:7526	ENSG00000146085
HGNC:7527	ENSG00000132781
HGNC:7529	ENSG00000167508
HGNC:753	ENSG00000070669
HGNC:7530	ENSG00000110921
HGNC:7531	ENSG00000013364
HGNC:7532	ENSG00000157601
HGNC:7533	ENSG00000183486
HGNC:7534	ENSG00000119950
HGNC:7539	ENSG00000101825
HGNC:754	ENSG00000248498
HGNC:7541	ENSG00000182534
HGNC:7542	ENSG00000162576
HGNC:7544	ENSG00000179820
HGNC:7545	ENSG00000118513
HGNC:7546	ENSG00000132382
HGNC:7547	ENSG00000185697
HGNC:7548	ENSG00000101057
HGNC:7549	ENSG00000196091
HGNC:7550	ENSG00000086967
HGNC:7551	ENSG00000134571
HGNC:7552	ENSG00000133055
HGNC:7553	ENSG00000136997
HGNC:7554	ENSG00000214114
HGNC:7555	ENSG00000116990
HGNC:7556	ENSG00000204053
HGNC:7559	ENSG00000134323
HGNC:756	ENSG00000108381
HGNC:7562	ENSG00000172936
HGNC:7563	ENSG00000172927
HGNC:7565	ENSG00000111049
HGNC:7566	ENSG00000111046
HGNC:7567	ENSG00000109061
HGNC:7568	ENSG00000133026
HGNC:7569	ENSG00000133392
HGNC:757	ENSG00000198363
HGNC:7571	ENSG00000006788
HGNC:7572	ENSG00000125414
HGNC:7573	ENSG00000109063
HGNC:7574	ENSG00000264424
HGNC:7576	ENSG00000197616
HGNC:7577	ENSG00000092054
HGNC:7578	ENSG00000133020
HGNC:7579	ENSG00000100345
HGNC:758	ENSG00000130707
HGNC:7582	ENSG00000168530
HGNC:7583	ENSG00000111245
HGNC:7584	ENSG00000160808
HGNC:7585	ENSG00000198336
HGNC:7586	ENSG00000215375
HGNC:7587	ENSG00000092841
HGNC:7588	ENSG00000226543
HGNC:7589	ENSG00000229596
HGNC:759	ENSG00000220517
HGNC:7590	ENSG00000065534
HGNC:7591	ENSG00000228868
HGNC:7593	ENSG00000145555
HGNC:7594	ENSG00000091536
HGNC:7595	ENSG00000166866
HGNC:7596	ENSG00000128641
HGNC:7597	ENSG00000197879
HGNC:7598	ENSG00000176658
HGNC:7599	ENSG00000157483
HGNC:76	ENSG00000097007
HGNC:760	ENSG00000215325
HGNC:7600	ENSG00000142347
HGNC:7601	ENSG00000095777
HGNC:7602	ENSG00000197535
HGNC:7603	ENSG00000167306
HGNC:7604	ENSG00000128833
HGNC:7605	ENSG00000196586
HGNC:7606	ENSG00000137474
HGNC:7607	ENSG00000169994
HGNC:7608	ENSG00000066933
HGNC:7609	ENSG00000099331
HGNC:761	ENSG00000225308
HGNC:7610	ENSG00000034971
HGNC:7611	ENSG00000129152
HGNC:7612	ENSG00000122180
HGNC:7613	ENSG00000101605
HGNC:7614	ENSG00000036448
HGNC:7618	ENSG00000058272
HGNC:7619	ENSG00000077157
HGNC:762	ENSG00000237437
HGNC:7622	ENSG00000196132
HGNC:7623	ENSG00000186487
HGNC:7626	ENSG00000138386
HGNC:7627	ENSG00000166886
HGNC:7629	ENSG00000196531
HGNC:763	ENSG00000255353
HGNC:7631	ENSG00000198951
HGNC:7632	ENSG00000108784
HGNC:7634	ENSG00000249437
HGNC:7637	ENSG00000187109
HGNC:7638	ENSG00000186462
HGNC:7639	ENSG00000186310
HGNC:764	ENSG00000257316
HGNC:7640	ENSG00000205531
HGNC:7641	ENSG00000105402
HGNC:7642	ENSG00000134265
HGNC:7643	ENSG00000134440
HGNC:7644	ENSG00000132780
HGNC:7645	ENSG00000171428
HGNC:7646	ENSG00000156006
HGNC:7648	ENSG00000172915
HGNC:765	ENSG00000223922
HGNC:7650	ENSG00000158747
HGNC:7652	ENSG00000104320
HGNC:7655	ENSG00000104490
HGNC:7656	ENSG00000149294
HGNC:7657	ENSG00000154654
HGNC:7658	ENSG00000136937
HGNC:7659	ENSG00000114503
HGNC:766	ENSG00000233947
HGNC:7660	ENSG00000158517
HGNC:7661	ENSG00000116701
HGNC:7662	ENSG00000100365
HGNC:7664	ENSG00000158092
HGNC:7665	ENSG00000071051
HGNC:7666	ENSG00000061676
HGNC:7667	ENSG00000115053
HGNC:7668	ENSG00000084676
HGNC:7669	ENSG00000140396
HGNC:767	ENSG00000213487
HGNC:7670	ENSG00000124151
HGNC:7671	ENSG00000266412
HGNC:7672	ENSG00000141027
HGNC:7673	ENSG00000196498
HGNC:7675	ENSG00000182636
HGNC:7677	ENSG00000185115
HGNC:7678	ENSG00000124479
HGNC:7679	ENSG00000104419
HGNC:768	ENSG00000227881
HGNC:7680	ENSG00000070614
HGNC:7681	ENSG00000166507
HGNC:7682	ENSG00000164100
HGNC:7683	ENSG00000125356
HGNC:7684	ENSG00000130414
HGNC:7685	ENSG00000131495
HGNC:7686	ENSG00000170906
HGNC:7687	ENSG00000189043
HGNC:7688	ENSG00000128609
HGNC:7689	ENSG00000232390
HGNC:769	ENSG00000215583
HGNC:7690	ENSG00000184983
HGNC:7691	ENSG00000267855
HGNC:7692	ENSG00000119421
HGNC:7693	ENSG00000139180
HGNC:7694	ENSG00000004779
HGNC:7695	ENSG00000183648
HGNC:7696	ENSG00000140990
HGNC:7697	ENSG00000090266
HGNC:7698	ENSG00000119013
HGNC:7699	ENSG00000065518
HGNC:77	ENSG00000143322
HGNC:770	ENSG00000236893
HGNC:7700	ENSG00000136521
HGNC:7701	ENSG00000165264
HGNC:7702	ENSG00000099795
HGNC:7703	ENSG00000166136
HGNC:7704	ENSG00000147684
HGNC:7705	ENSG00000109390
HGNC:7706	ENSG00000151366
HGNC:7707	ENSG00000023228
HGNC:7708	ENSG00000158864
HGNC:771	ENSG00000251418
HGNC:7710	ENSG00000213619
HGNC:7711	ENSG00000164258
HGNC:7712	ENSG00000168653
HGNC:7713	ENSG00000145494
HGNC:7714	ENSG00000115286
HGNC:7715	ENSG00000110717
HGNC:7716	ENSG00000167792
HGNC:7717	ENSG00000178127
HGNC:7718	ENSG00000267809
HGNC:7719	ENSG00000160194
HGNC:772	ENSG00000217791
HGNC:7720	ENSG00000183091
HGNC:7723	ENSG00000139350
HGNC:7727	ENSG00000069869
HGNC:7728	ENSG00000049759
HGNC:7729	ENSG00000168385
HGNC:773	ENSG00000152092
HGNC:7732	ENSG00000129559
HGNC:7733	ENSG00000111859
HGNC:7734	ENSG00000104722
HGNC:7737	ENSG00000100285
HGNC:7738	ENSG00000223489
HGNC:7739	ENSG00000277586
HGNC:7744	ENSG00000137601
HGNC:7745	ENSG00000117650
HGNC:7746	ENSG00000136098
HGNC:7748	ENSG00000197168
HGNC:7749	ENSG00000119408
HGNC:775	ENSG00000117601
HGNC:7750	ENSG00000165973
HGNC:7751	ENSG00000184613
HGNC:7754	ENSG00000067141
HGNC:7756	ENSG00000132688
HGNC:7758	ENSG00000204386
HGNC:7759	ENSG00000115488
HGNC:7760	ENSG00000162139
HGNC:7761	ENSG00000107954
HGNC:7762	ENSG00000162992
HGNC:7763	ENSG00000171532
HGNC:7764	ENSG00000181965
HGNC:7765	ENSG00000196712
HGNC:7766	ENSG00000183249
HGNC:7767	ENSG00000236956
HGNC:7769	ENSG00000258027
HGNC:777	ENSG00000140836
HGNC:7770	ENSG00000175319
HGNC:7771	ENSG00000224435
HGNC:7772	ENSG00000270831
HGNC:7773	ENSG00000186575
HGNC:7774	ENSG00000102908
HGNC:7775	ENSG00000131196
HGNC:7776	ENSG00000101096
HGNC:7777	ENSG00000072736
HGNC:7778	ENSG00000100968
HGNC:7780	ENSG00000123405
HGNC:7781	ENSG00000082641
HGNC:7782	ENSG00000116044
HGNC:7783	ENSG00000050344
HGNC:7784	ENSG00000162599
HGNC:7785	ENSG00000147862
HGNC:7786	ENSG00000141905
HGNC:7787	ENSG00000165030
HGNC:7788	ENSG00000008441
HGNC:779	ENSG00000167654
HGNC:7794	ENSG00000109320
HGNC:7795	ENSG00000077150
HGNC:7797	ENSG00000100906
HGNC:7798	ENSG00000104825
HGNC:7799	ENSG00000146232
HGNC:78	ENSG00000099204
HGNC:7800	ENSG00000204498
HGNC:7801	ENSG00000160949
HGNC:7802	ENSG00000170322
HGNC:7803	ENSG00000086102
HGNC:7804	ENSG00000001167
HGNC:7805	ENSG00000120837
HGNC:7806	ENSG00000066136
HGNC:7807	ENSG00000066248
HGNC:7808	ENSG00000134259
HGNC:7809	ENSG00000064300
HGNC:7817	ENSG00000171786
HGNC:7818	ENSG00000177551
HGNC:7819	ENSG00000100138
HGNC:782	ENSG00000107669
HGNC:7820	ENSG00000188158
HGNC:7821	ENSG00000116962
HGNC:7824	ENSG00000131669
HGNC:7825	ENSG00000171840
HGNC:7827	ENSG00000184117
HGNC:7828	ENSG00000158793
HGNC:783	ENSG00000123268
HGNC:7830	ENSG00000105374
HGNC:7833	ENSG00000114857
HGNC:7835	ENSG00000125820
HGNC:7836	ENSG00000119919
HGNC:7837	ENSG00000125816
HGNC:7838	ENSG00000167034
HGNC:7839	ENSG00000163623
HGNC:784	ENSG00000115966
HGNC:7842	ENSG00000197696
HGNC:7843	ENSG00000135577
HGNC:7849	ENSG00000239672
HGNC:785	ENSG00000162772
HGNC:7850	ENSG00000243678
HGNC:7851	ENSG00000103024
HGNC:7852	ENSG00000103202
HGNC:7853	ENSG00000112981
HGNC:7854	ENSG00000123609
HGNC:7856	ENSG00000124588
HGNC:7857	ENSG00000136448
HGNC:7858	ENSG00000152465
HGNC:7859	ENSG00000109255
HGNC:786	ENSG00000128272
HGNC:7860	ENSG00000053438
HGNC:7861	ENSG00000166741
HGNC:7863	ENSG00000112992
HGNC:7864	ENSG00000131148
HGNC:7865	ENSG00000156574
HGNC:7866	ENSG00000183691
HGNC:7867	ENSG00000111641
HGNC:7869	ENSG00000140939
HGNC:787	ENSG00000256167
HGNC:7870	ENSG00000101746
HGNC:7871	ENSG00000147140
HGNC:7872	ENSG00000089250
HGNC:7873	ENSG00000007171
HGNC:7874	ENSG00000167494
HGNC:7875	ENSG00000265788
HGNC:7876	ENSG00000164867
HGNC:7877	ENSG00000125107
HGNC:7878	ENSG00000111596
HGNC:7879	ENSG00000088038
HGNC:788	ENSG00000228218
HGNC:7880	ENSG00000080802
HGNC:7881	ENSG00000148400
HGNC:7882	ENSG00000134250
HGNC:7883	ENSG00000074181
HGNC:7884	ENSG00000204301
HGNC:7885	ENSG00000136999
HGNC:7886	ENSG00000139910
HGNC:7887	ENSG00000104967
HGNC:7889	ENSG00000007952
HGNC:789	ENSG00000213338
HGNC:7890	ENSG00000074771
HGNC:7891	ENSG00000086991
HGNC:7892	ENSG00000198805
HGNC:7894	ENSG00000130751
HGNC:7895	ENSG00000170485
HGNC:7896	ENSG00000149308
HGNC:7897	ENSG00000141458
HGNC:7898	ENSG00000015520
HGNC:7899	ENSG00000107281
HGNC:79	ENSG00000175164
HGNC:790	ENSG00000169136
HGNC:7900	ENSG00000141279
HGNC:7901	ENSG00000139574
HGNC:7905	ENSG00000144061
HGNC:7907	ENSG00000113971
HGNC:7908	ENSG00000161270
HGNC:7909	ENSG00000183426
HGNC:791	ENSG00000118217
HGNC:7910	ENSG00000181163
HGNC:7911	ENSG00000267652
HGNC:7912	ENSG00000214428
HGNC:7913	ENSG00000226827
HGNC:7914	ENSG00000215311
HGNC:7915	ENSG00000232492
HGNC:7916	ENSG00000182965
HGNC:7919	ENSG00000242070
HGNC:792	ENSG00000170653
HGNC:7920	ENSG00000225739
HGNC:7921	ENSG00000223864
HGNC:7922	ENSG00000266227
HGNC:7923	ENSG00000261007
HGNC:7924	ENSG00000226703
HGNC:7925	ENSG00000258925
HGNC:7926	ENSG00000213881
HGNC:7927	ENSG00000213443
HGNC:7928	ENSG00000236285
HGNC:7929	ENSG00000231066
HGNC:7930	ENSG00000158806
HGNC:7931	ENSG00000107833
HGNC:7939	ENSG00000175206
HGNC:794	ENSG00000138363
HGNC:7940	ENSG00000120937
HGNC:7941	ENSG00000163273
HGNC:7943	ENSG00000169418
HGNC:7944	ENSG00000159899
HGNC:7945	ENSG00000113389
HGNC:795	ENSG00000149311
HGNC:7952	ENSG00000171246
HGNC:7953	ENSG00000106236
HGNC:7954	ENSG00000221890
HGNC:7955	ENSG00000122585
HGNC:7956	ENSG00000164128
HGNC:7957	ENSG00000185149
HGNC:7958	ENSG00000164129
HGNC:7959	ENSG00000226306
HGNC:7960	ENSG00000169297
HGNC:7961	ENSG00000131910
HGNC:7962	ENSG00000126368
HGNC:7963	ENSG00000174738
HGNC:7965	ENSG00000131408
HGNC:7966	ENSG00000025434
HGNC:7967	ENSG00000012504
HGNC:7968	ENSG00000144852
HGNC:7969	ENSG00000143257
HGNC:797	ENSG00000172238
HGNC:7971	ENSG00000120798
HGNC:7972	ENSG00000177463
HGNC:7973	ENSG00000112333
HGNC:7974	ENSG00000278570
HGNC:7975	ENSG00000175745
HGNC:7976	ENSG00000185551
HGNC:7977	ENSG00000160113
HGNC:7978	ENSG00000113580
HGNC:7979	ENSG00000151623
HGNC:798	ENSG00000177556
HGNC:7980	ENSG00000123358
HGNC:7981	ENSG00000153234
HGNC:7982	ENSG00000119508
HGNC:7983	ENSG00000136931
HGNC:7984	ENSG00000116833
HGNC:7985	ENSG00000148200
HGNC:7988	ENSG00000197893
HGNC:7989	ENSG00000213281
HGNC:799	ENSG00000163399
HGNC:7993	ENSG00000115216
HGNC:7994	ENSG00000091129
HGNC:7995	ENSG00000078618
HGNC:7996	ENSG00000106459
HGNC:7997	ENSG00000157168
HGNC:7998	ENSG00000158458
HGNC:7999	ENSG00000185737
HGNC:8	ENSG00000256069
HGNC:80	ENSG00000002726
HGNC:800	ENSG00000018625
HGNC:8000	ENSG00000154146
HGNC:8001	ENSG00000180530
HGNC:8002	ENSG00000129535
HGNC:8003	ENSG00000137404
HGNC:8004	ENSG00000099250
HGNC:8005	ENSG00000118257
HGNC:8007	ENSG00000171119
HGNC:8008	ENSG00000179915
HGNC:8009	ENSG00000110076
HGNC:801	ENSG00000105409
HGNC:8010	ENSG00000021645
HGNC:8011	ENSG00000108797
HGNC:8013	ENSG00000198157
HGNC:8014	ENSG00000065978
HGNC:8015	ENSG00000224861
HGNC:8016	ENSG00000073969
HGNC:8017	ENSG00000035681
HGNC:8021	ENSG00000135318
HGNC:8022	ENSG00000076685
HGNC:8023	ENSG00000185652
HGNC:8024	ENSG00000225950
HGNC:8025	ENSG00000267019
HGNC:8026	ENSG00000267685
HGNC:8027	ENSG00000267099
HGNC:8028	ENSG00000065057
HGNC:8029	ENSG00000065320
HGNC:8030	ENSG00000162068
HGNC:8031	ENSG00000198400
HGNC:8032	ENSG00000148053
HGNC:8033	ENSG00000140538
HGNC:8038	ENSG00000133636
HGNC:8039	ENSG00000101188
HGNC:804	ENSG00000143153
HGNC:8040	ENSG00000169006
HGNC:8041	ENSG00000103274
HGNC:8042	ENSG00000095906
HGNC:8043	ENSG00000104805
HGNC:8044	ENSG00000070081
HGNC:8045	ENSG00000090273
HGNC:8046	ENSG00000213197
HGNC:8047	ENSG00000238082
HGNC:8048	ENSG00000106268
HGNC:8049	ENSG00000164978
HGNC:805	ENSG00000129244
HGNC:8050	ENSG00000272325
HGNC:8051	ENSG00000173598
HGNC:8052	ENSG00000165609
HGNC:8053	ENSG00000170917
HGNC:8054	ENSG00000140876
HGNC:8055	ENSG00000167799
HGNC:8056	ENSG00000170502
HGNC:8057	ENSG00000083635
HGNC:8058	ENSG00000218890
HGNC:8059	ENSG00000137497
HGNC:806	ENSG00000069849
HGNC:8060	ENSG00000133961
HGNC:8061	ENSG00000105245
HGNC:8062	ENSG00000124789
HGNC:8063	ENSG00000113569
HGNC:8064	ENSG00000126883
HGNC:8065	ENSG00000093000
HGNC:8066	ENSG00000213024
HGNC:8067	ENSG00000108559
HGNC:8068	ENSG00000110713
HGNC:807	ENSG00000271707
HGNC:8070	ENSG00000143748
HGNC:8071	ENSG00000162231
HGNC:8072	ENSG00000269405
HGNC:8073	ENSG00000147206
HGNC:8074	ENSG00000196970
HGNC:8075	ENSG00000126952
HGNC:8076	ENSG00000144227
HGNC:8077	ENSG00000182575
HGNC:8078	ENSG00000182379
HGNC:8079	ENSG00000165694
HGNC:808	ENSG00000101892
HGNC:8082	ENSG00000188937
HGNC:8086	ENSG00000089127
HGNC:8087	ENSG00000111335
HGNC:8088	ENSG00000111331
HGNC:809	ENSG00000249212
HGNC:8090	ENSG00000135114
HGNC:8091	ENSG00000065154
HGNC:8092	ENSG00000068354
HGNC:8095	ENSG00000104904
HGNC:8096	ENSG00000180304
HGNC:8097	ENSG00000143450
HGNC:81	ENSG00000159842
HGNC:8100	ENSG00000253117
HGNC:8101	ENSG00000104044
HGNC:8104	ENSG00000197822
HGNC:8105	ENSG00000122543
HGNC:8108	ENSG00000122126
HGNC:8109	ENSG00000115758
HGNC:811	ENSG00000196296
HGNC:8110	ENSG00000244556
HGNC:8111	ENSG00000143867
HGNC:8113	ENSG00000155087
HGNC:8114	ENSG00000136811
HGNC:8117	ENSG00000009694
HGNC:812	ENSG00000174437
HGNC:8124	ENSG00000105953
HGNC:8125	ENSG00000114026
HGNC:8126	ENSG00000106809
HGNC:8127	ENSG00000147162
HGNC:813	ENSG00000074370
HGNC:8133	ENSG00000173391
HGNC:8134	ENSG00000127083
HGNC:8135	ENSG00000126861
HGNC:8136	ENSG00000254550
HGNC:8138	ENSG00000169856
HGNC:8139	ENSG00000119547
HGNC:814	ENSG00000070961
HGNC:8140	ENSG00000198836
HGNC:8142	ENSG00000125741
HGNC:8143	ENSG00000183715
HGNC:8148	ENSG00000079482
HGNC:8149	ENSG00000178814
HGNC:815	ENSG00000157087
HGNC:8153	ENSG00000116329
HGNC:8154	ENSG00000082556
HGNC:8155	ENSG00000125510
HGNC:8156	ENSG00000112038
HGNC:8157	ENSG00000147955
HGNC:8158	ENSG00000188770
HGNC:816	ENSG00000067842
HGNC:8161	ENSG00000170790
HGNC:8162	ENSG00000170683
HGNC:8163	ENSG00000267961
HGNC:8165	ENSG00000206474
HGNC:8166	ENSG00000196403
HGNC:8168	ENSG00000197309
HGNC:8169	ENSG00000273586
HGNC:817	ENSG00000058668
HGNC:8170	ENSG00000255582
HGNC:8171	ENSG00000169208
HGNC:8172	ENSG00000186723
HGNC:8173	ENSG00000171942
HGNC:8174	ENSG00000171936
HGNC:8175	ENSG00000196184
HGNC:8176	ENSG00000204694
HGNC:8177	ENSG00000251608
HGNC:8178	ENSG00000280236
HGNC:8179	ENSG00000172146
HGNC:8180	ENSG00000172150
HGNC:8181	ENSG00000280094
HGNC:8182	ENSG00000221888
HGNC:8183	ENSG00000184166
HGNC:8184	ENSG00000262106
HGNC:8185	ENSG00000255095
HGNC:8186	ENSG00000262628
HGNC:8189	ENSG00000180016
HGNC:819	ENSG00000105675
HGNC:8190	ENSG00000127780
HGNC:8191	ENSG00000142163
HGNC:8194	ENSG00000168124
HGNC:8196	ENSG00000203581
HGNC:82	ENSG00000060971
HGNC:820	ENSG00000186009
HGNC:8204	ENSG00000183024
HGNC:8206	ENSG00000228914
HGNC:8207	ENSG00000094661
HGNC:8208	ENSG00000136834
HGNC:8209	ENSG00000197233
HGNC:8211	ENSG00000239590
HGNC:8212	ENSG00000165204
HGNC:8213	ENSG00000173679
HGNC:8215	ENSG00000171481
HGNC:8216	ENSG00000136939
HGNC:8218	ENSG00000171459
HGNC:8220	ENSG00000170929
HGNC:8221	ENSG00000171505
HGNC:8222	ENSG00000262085
HGNC:8223	ENSG00000165202
HGNC:8226	ENSG00000180042
HGNC:8227	ENSG00000280204
HGNC:8229	ENSG00000221970
HGNC:823	ENSG00000152234
HGNC:8230	ENSG00000221989
HGNC:8231	ENSG00000183122
HGNC:8232	ENSG00000221836
HGNC:8234	ENSG00000243896
HGNC:8236	ENSG00000228960
HGNC:8238	ENSG00000204703
HGNC:8239	ENSG00000197171
HGNC:8241	ENSG00000124657
HGNC:8242	ENSG00000168158
HGNC:8244	ENSG00000166368
HGNC:8246	ENSG00000213215
HGNC:8247	ENSG00000221910
HGNC:8251	ENSG00000213911
HGNC:8252	ENSG00000204688
HGNC:8253	ENSG00000204657
HGNC:8255	ENSG00000230598
HGNC:8256	ENSG00000232173
HGNC:8258	ENSG00000237988
HGNC:8259	ENSG00000204702
HGNC:8260	ENSG00000204700
HGNC:8261	ENSG00000204701
HGNC:8262	ENSG00000224233
HGNC:8264	ENSG00000171133
HGNC:8265	ENSG00000224227
HGNC:8266	ENSG00000203663
HGNC:8267	ENSG00000177233
HGNC:8268	ENSG00000198601
HGNC:8269	ENSG00000228198
HGNC:827	ENSG00000234861
HGNC:8270	ENSG00000171180
HGNC:8271	ENSG00000203492
HGNC:8272	ENSG00000236909
HGNC:8273	ENSG00000273377
HGNC:8274	ENSG00000236853
HGNC:8275	ENSG00000228307
HGNC:8276	ENSG00000278889
HGNC:8277	ENSG00000175143
HGNC:8278	ENSG00000204697
HGNC:8279	ENSG00000242524
HGNC:828	ENSG00000227682
HGNC:8280	ENSG00000185372
HGNC:8281	ENSG00000204704
HGNC:8282	ENSG00000180090
HGNC:8283	ENSG00000221882
HGNC:8284	ENSG00000159961
HGNC:8286	ENSG00000272546
HGNC:8289	ENSG00000254408
HGNC:829	ENSG00000263232
HGNC:8290	ENSG00000175619
HGNC:8291	ENSG00000255514
HGNC:8292	ENSG00000254576
HGNC:8293	ENSG00000141194
HGNC:8294	ENSG00000255713
HGNC:8296	ENSG00000276240
HGNC:8297	ENSG00000221977
HGNC:8298	ENSG00000220212
HGNC:8299	ENSG00000224777
HGNC:83	ENSG00000167315
HGNC:830	ENSG00000110955
HGNC:8300	ENSG00000230178
HGNC:8301	ENSG00000177693
HGNC:8302	ENSG00000267310
HGNC:8303	ENSG00000183909
HGNC:8304	ENSG00000282137
HGNC:831	ENSG00000231635
HGNC:8312	ENSG00000284892
HGNC:8316	ENSG00000176752
HGNC:8318	ENSG00000182070
HGNC:8319	ENSG00000172320
HGNC:8320	ENSG00000255096
HGNC:8322	ENSG00000233499
HGNC:8323	ENSG00000172365
HGNC:8324	ENSG00000172769
HGNC:833	ENSG00000165629
HGNC:8331	ENSG00000148215
HGNC:8335	ENSG00000254457
HGNC:8336	ENSG00000186886
HGNC:834	ENSG00000224004
HGNC:8342	ENSG00000170688
HGNC:8343	ENSG00000149133
HGNC:8344	ENSG00000181296
HGNC:8346	ENSG00000231192
HGNC:8347	ENSG00000167825
HGNC:8348	ENSG00000181780
HGNC:8349	ENSG00000232382
HGNC:8350	ENSG00000279395
HGNC:8351	ENSG00000205030
HGNC:8352	ENSG00000255012
HGNC:8354	ENSG00000221813
HGNC:8355	ENSG00000205330
HGNC:8356	ENSG00000127515
HGNC:8357	ENSG00000198367
HGNC:8361	ENSG00000176923
HGNC:8363	ENSG00000185385
HGNC:8364	ENSG00000268834
HGNC:8366	ENSG00000269787
HGNC:8368	ENSG00000188269
HGNC:837	ENSG00000099624
HGNC:8370	ENSG00000172148
HGNC:8371	ENSG00000269552
HGNC:8373	ENSG00000127530
HGNC:8374	ENSG00000127529
HGNC:8377	ENSG00000188314
HGNC:8378	ENSG00000188000
HGNC:838	ENSG00000124172
HGNC:8380	ENSG00000174667
HGNC:8381	ENSG00000254724
HGNC:8382	ENSG00000285537
HGNC:8383	ENSG00000189398
HGNC:8384	ENSG00000197882
HGNC:8385	ENSG00000184669
HGNC:8386	ENSG00000254917
HGNC:8387	ENSG00000267775
HGNC:8389	ENSG00000180926
HGNC:839	ENSG00000250922
HGNC:8390	ENSG00000225980
HGNC:8391	ENSG00000255554
HGNC:8393	ENSG00000251178
HGNC:8394	ENSG00000179799
HGNC:8395	ENSG00000228433
HGNC:8396	ENSG00000237521
HGNC:8397	ENSG00000187847
HGNC:8398	ENSG00000228547
HGNC:84	ENSG00000278540
HGNC:840	ENSG00000116459
HGNC:8400	ENSG00000251491
HGNC:8401	ENSG00000243429
HGNC:8402	ENSG00000255203
HGNC:8404	ENSG00000185074
HGNC:8406	ENSG00000226537
HGNC:8408	ENSG00000250425
HGNC:8409	ENSG00000205240
HGNC:841	ENSG00000159199
HGNC:8410	ENSG00000215480
HGNC:8411	ENSG00000183444
HGNC:8412	ENSG00000273252
HGNC:8415	ENSG00000250640
HGNC:8417	ENSG00000249844
HGNC:842	ENSG00000135390
HGNC:8420	ENSG00000234485
HGNC:8421	ENSG00000257542
HGNC:8424	ENSG00000255261
HGNC:8428	ENSG00000239978
HGNC:843	ENSG00000154518
HGNC:8430	ENSG00000230655
HGNC:8434	ENSG00000250561
HGNC:8435	ENSG00000214880
HGNC:8438	ENSG00000234896
HGNC:844	ENSG00000225712
HGNC:8442	ENSG00000243674
HGNC:845	ENSG00000167863
HGNC:8457	ENSG00000238228
HGNC:8458	ENSG00000177400
HGNC:846	ENSG00000169020
HGNC:8465	ENSG00000161807
HGNC:8466	ENSG00000170923
HGNC:8467	ENSG00000170920
HGNC:8468	ENSG00000226480
HGNC:8469	ENSG00000196119
HGNC:847	ENSG00000154723
HGNC:8470	ENSG00000227737
HGNC:8471	ENSG00000284680
HGNC:8472	ENSG00000284609
HGNC:8473	ENSG00000280090
HGNC:8474	ENSG00000255030
HGNC:8475	ENSG00000255225
HGNC:8476	ENSG00000254976
HGNC:8477	ENSG00000197125
HGNC:8478	ENSG00000229254
HGNC:848	ENSG00000241468
HGNC:8481	ENSG00000196341
HGNC:8482	ENSG00000279116
HGNC:8484	ENSG00000197849
HGNC:8485	ENSG00000181214
HGNC:8486	ENSG00000237621
HGNC:8487	ENSG00000085840
HGNC:8488	ENSG00000115942
HGNC:8489	ENSG00000135336
HGNC:849	ENSG00000224421
HGNC:8490	ENSG00000115947
HGNC:8491	ENSG00000164815
HGNC:8494	ENSG00000172940
HGNC:8495	ENSG00000144671
HGNC:8496	ENSG00000275592
HGNC:8497	ENSG00000219280
HGNC:8498	ENSG00000229314
HGNC:8499	ENSG00000228278
HGNC:85	ENSG00000076555
HGNC:850	ENSG00000241837
HGNC:8503	ENSG00000110048
HGNC:8504	ENSG00000184792
HGNC:8506	ENSG00000099985
HGNC:8507	ENSG00000145623
HGNC:8508	ENSG00000172939
HGNC:851	ENSG00000114573
HGNC:8510	ENSG00000134996
HGNC:8512	ENSG00000036473
HGNC:8514	ENSG00000013297
HGNC:8515	ENSG00000115155
HGNC:8516	ENSG00000188162
HGNC:8517	ENSG00000125879
HGNC:8518	ENSG00000171540
HGNC:8521	ENSG00000115507
HGNC:8522	ENSG00000165588
HGNC:8524	ENSG00000085465
HGNC:8525	ENSG00000172818
HGNC:8526	ENSG00000155463
HGNC:8527	ENSG00000083720
HGNC:8528	ENSG00000101405
HGNC:8529	ENSG00000180914
HGNC:853	ENSG00000116039
HGNC:8533	ENSG00000108405
HGNC:8534	ENSG00000109991
HGNC:8535	ENSG00000135124
HGNC:8536	ENSG00000083454
HGNC:8537	ENSG00000089041
HGNC:8538	ENSG00000099957
HGNC:8539	ENSG00000169860
HGNC:854	ENSG00000147416
HGNC:8540	ENSG00000244165
HGNC:8541	ENSG00000175591
HGNC:8542	ENSG00000186912
HGNC:8543	ENSG00000171631
HGNC:8546	ENSG00000122884
HGNC:8547	ENSG00000072682
HGNC:8548	ENSG00000185624
HGNC:8549	ENSG00000104164
HGNC:855	ENSG00000185883
HGNC:8550	ENSG00000170515
HGNC:8551	ENSG00000237828
HGNC:8554	ENSG00000070756
HGNC:8556	ENSG00000151846
HGNC:8557	ENSG00000090621
HGNC:8558	ENSG00000231707
HGNC:8559	ENSG00000198526
HGNC:856	ENSG00000155097
HGNC:8560	ENSG00000230673
HGNC:8563	ENSG00000255642
HGNC:8565	ENSG00000100836
HGNC:8568	ENSG00000140564
HGNC:8569	ENSG00000140479
HGNC:857	ENSG00000131100
HGNC:8570	ENSG00000124507
HGNC:8571	ENSG00000100266
HGNC:8572	ENSG00000165912
HGNC:8573	ENSG00000122133
HGNC:8574	ENSG00000007168
HGNC:8575	ENSG00000168092
HGNC:8576	ENSG00000079462
HGNC:8577	ENSG00000214354
HGNC:8578	ENSG00000223973
HGNC:8579	ENSG00000158006
HGNC:858	ENSG00000256293
HGNC:8582	ENSG00000171759
HGNC:8583	ENSG00000106366
HGNC:8584	ENSG00000197632
HGNC:8587	ENSG00000128050
HGNC:8588	ENSG00000226055
HGNC:8589	ENSG00000228595
HGNC:859	ENSG00000225099
HGNC:8590	ENSG00000149269
HGNC:8591	ENSG00000180370
HGNC:8592	ENSG00000077264
HGNC:8594	ENSG00000099864
HGNC:8596	ENSG00000145730
HGNC:8598	ENSG00000152782
HGNC:8599	ENSG00000110218
HGNC:860	ENSG00000266549
HGNC:8600	ENSG00000073150
HGNC:8601	ENSG00000172016
HGNC:8602	ENSG00000182752
HGNC:8603	ENSG00000138801
HGNC:8604	ENSG00000198682
HGNC:8605	ENSG00000227345
HGNC:8607	ENSG00000185345
HGNC:8609	ENSG00000140694
HGNC:861	ENSG00000117410
HGNC:8614	ENSG00000177425
HGNC:8615	ENSG00000125813
HGNC:8616	ENSG00000075891
HGNC:8617	ENSG00000135903
HGNC:8618	ENSG00000106331
HGNC:8619	ENSG00000196092
HGNC:862	ENSG00000213760
HGNC:8620	ENSG00000007372
HGNC:8621	ENSG00000009709
HGNC:8622	ENSG00000125618
HGNC:8623	ENSG00000198807
HGNC:8624	ENSG00000157212
HGNC:863	ENSG00000113732
HGNC:8630	ENSG00000089220
HGNC:8632	ENSG00000185630
HGNC:8633	ENSG00000204304
HGNC:8634	ENSG00000167081
HGNC:8635	ENSG00000244171
HGNC:8636	ENSG00000173599
HGNC:8637	ENSG00000225937
HGNC:8638	ENSG00000114166
HGNC:864	ENSG00000136888
HGNC:8642	ENSG00000158715
HGNC:8646	ENSG00000166228
HGNC:8647	ENSG00000169564
HGNC:8648	ENSG00000197111
HGNC:8649	ENSG00000235701
HGNC:865	ENSG00000033627
HGNC:8650	ENSG00000253341
HGNC:8651	ENSG00000183570
HGNC:8652	ENSG00000090097
HGNC:8653	ENSG00000175198
HGNC:8654	ENSG00000114054
HGNC:8655	ENSG00000156453
HGNC:8656	ENSG00000102290
HGNC:8657	ENSG00000113555
HGNC:8659	ENSG00000169851
HGNC:866	ENSG00000105929
HGNC:8660	ENSG00000136099
HGNC:8661	ENSG00000184226
HGNC:8663	ENSG00000204970
HGNC:8664	ENSG00000250120
HGNC:8665	ENSG00000249158
HGNC:8666	ENSG00000251664
HGNC:8667	ENSG00000239389
HGNC:8668	ENSG00000204969
HGNC:8669	ENSG00000255408
HGNC:8670	ENSG00000204967
HGNC:8671	ENSG00000204965
HGNC:8672	ENSG00000081842
HGNC:8673	ENSG00000204963
HGNC:8674	ENSG00000204962
HGNC:8675	ENSG00000204961
HGNC:8676	ENSG00000248383
HGNC:8677	ENSG00000243232
HGNC:868	ENSG00000071553
HGNC:8680	ENSG00000171815
HGNC:8681	ENSG00000120324
HGNC:8682	ENSG00000197479
HGNC:8683	ENSG00000120328
HGNC:8684	ENSG00000187372
HGNC:8685	ENSG00000120327
HGNC:8686	ENSG00000113248
HGNC:8687	ENSG00000112852
HGNC:8688	ENSG00000113205
HGNC:8689	ENSG00000081818
HGNC:869	ENSG00000165240
HGNC:8690	ENSG00000113209
HGNC:8691	ENSG00000113211
HGNC:8692	ENSG00000113212
HGNC:8693	ENSG00000120322
HGNC:8694	ENSG00000177839
HGNC:8697	ENSG00000253846
HGNC:8698	ENSG00000253873
HGNC:8699	ENSG00000253159
HGNC:87	ENSG00000151498
HGNC:870	ENSG00000123191
HGNC:8700	ENSG00000081853
HGNC:8701	ENSG00000254245
HGNC:8706	ENSG00000253767
HGNC:8708	ENSG00000254221
HGNC:871	ENSG00000130770
HGNC:8714	ENSG00000254122
HGNC:8715	ENSG00000248449
HGNC:8716	ENSG00000240184
HGNC:8717	ENSG00000242419
HGNC:8718	ENSG00000240764
HGNC:8723	ENSG00000188488
HGNC:8724	ENSG00000124253
HGNC:8725	ENSG00000100889
HGNC:8727	ENSG00000078674
HGNC:8728	ENSG00000120265
HGNC:8729	ENSG00000132646
HGNC:8732	ENSG00000249065
HGNC:8734	ENSG00000125450
HGNC:8736	ENSG00000135749
HGNC:8738	ENSG00000106333
HGNC:8739	ENSG00000163710
HGNC:8740	ENSG00000131165
HGNC:8742	ENSG00000183036
HGNC:8743	ENSG00000175426
HGNC:8744	ENSG00000125851
HGNC:8746	ENSG00000115257
HGNC:8747	ENSG00000099139
HGNC:8748	ENSG00000160613
HGNC:8749	ENSG00000102225
HGNC:8750	ENSG00000059758
HGNC:8751	ENSG00000117266
HGNC:8752	ENSG00000141179
HGNC:8754	ENSG00000161217
HGNC:8755	ENSG00000102230
HGNC:8756	ENSG00000185813
HGNC:8759	ENSG00000116703
HGNC:8760	ENSG00000188389
HGNC:8761	ENSG00000114209
HGNC:8762	ENSG00000071994
HGNC:8763	ENSG00000150593
HGNC:8764	ENSG00000105185
HGNC:8765	ENSG00000249915
HGNC:8766	ENSG00000170248
HGNC:8767	ENSG00000090470
HGNC:8768	ENSG00000156709
HGNC:8769	ENSG00000112996
HGNC:877	ENSG00000164904
HGNC:8770	ENSG00000136940
HGNC:8772	ENSG00000112541
HGNC:8773	ENSG00000128655
HGNC:8774	ENSG00000115252
HGNC:8775	ENSG00000123360
HGNC:8776	ENSG00000154678
HGNC:8777	ENSG00000186642
HGNC:8778	ENSG00000172572
HGNC:8779	ENSG00000152270
HGNC:878	ENSG00000251400
HGNC:8780	ENSG00000065989
HGNC:8781	ENSG00000184588
HGNC:8782	ENSG00000105650
HGNC:8783	ENSG00000113448
HGNC:8784	ENSG00000138735
HGNC:8785	ENSG00000132915
HGNC:8786	ENSG00000133256
HGNC:8787	ENSG00000095464
HGNC:8788	ENSG00000156973
HGNC:8789	ENSG00000185527
HGNC:879	ENSG00000232292
HGNC:8790	ENSG00000139053
HGNC:8791	ENSG00000205268
HGNC:8792	ENSG00000171408
HGNC:8793	ENSG00000073417
HGNC:8794	ENSG00000113231
HGNC:8795	ENSG00000160191
HGNC:8799	ENSG00000197461
HGNC:88	ENSG00000115361
HGNC:880	ENSG00000243853
HGNC:8800	ENSG00000100311
HGNC:8801	ENSG00000145431
HGNC:8803	ENSG00000134853
HGNC:8804	ENSG00000113721
HGNC:8805	ENSG00000104213
HGNC:8806	ENSG00000131828
HGNC:8807	ENSG00000163114
HGNC:8808	ENSG00000168291
HGNC:8809	ENSG00000152256
HGNC:881	ENSG00000234489
HGNC:8810	ENSG00000005882
HGNC:8811	ENSG00000067992
HGNC:8812	ENSG00000004799
HGNC:8816	ENSG00000140992
HGNC:8818	ENSG00000091137
HGNC:8819	ENSG00000160209
HGNC:882	ENSG00000175054
HGNC:8820	ENSG00000101327
HGNC:8821	ENSG00000174827
HGNC:8822	ENSG00000162734
HGNC:8823	ENSG00000261371
HGNC:8824	ENSG00000132386
HGNC:8826	ENSG00000198300
HGNC:8827	ENSG00000197329
HGNC:8828	ENSG00000139946
HGNC:8829	ENSG00000152684
HGNC:8830	ENSG00000133027
HGNC:8831	ENSG00000181195
HGNC:8840	ENSG00000124299
HGNC:8845	ENSG00000179094
HGNC:8846	ENSG00000132326
HGNC:8847	ENSG00000049246
HGNC:8848	ENSG00000100029
HGNC:8849	ENSG00000059691
HGNC:885	ENSG00000088812
HGNC:8850	ENSG00000127980
HGNC:8851	ENSG00000157911
HGNC:8852	ENSG00000166821
HGNC:8853	ENSG00000131779
HGNC:8854	ENSG00000108733
HGNC:8855	ENSG00000162928
HGNC:8856	ENSG00000142655
HGNC:8857	ENSG00000121680
HGNC:8858	ENSG00000034693
HGNC:8859	ENSG00000124587
HGNC:886	ENSG00000085224
HGNC:8860	ENSG00000112357
HGNC:8861	ENSG00000163737
HGNC:8862	ENSG00000109272
HGNC:8863	ENSG00000178921
HGNC:8864	ENSG00000126759
HGNC:8866	ENSG00000113068
HGNC:8867	ENSG00000143256
HGNC:8868	ENSG00000101132
HGNC:8869	ENSG00000123349
HGNC:8872	ENSG00000158571
HGNC:8873	ENSG00000123836
HGNC:8874	ENSG00000170525
HGNC:8875	ENSG00000114268
HGNC:8876	ENSG00000141959
HGNC:8877	ENSG00000152556
HGNC:8878	ENSG00000067057
HGNC:888	ENSG00000130294
HGNC:8881	ENSG00000108518
HGNC:8882	ENSG00000070087
HGNC:8883	ENSG00000058091
HGNC:8885	ENSG00000229859
HGNC:8886	ENSG00000229183
HGNC:8887	ENSG00000256713
HGNC:8888	ENSG00000171314
HGNC:8889	ENSG00000164708
HGNC:8890	ENSG00000096088
HGNC:8891	ENSG00000142657
HGNC:8892	ENSG00000265273
HGNC:8893	ENSG00000119630
HGNC:8895	ENSG00000164219
HGNC:8896	ENSG00000102144
HGNC:8897	ENSG00000228328
HGNC:8898	ENSG00000170950
HGNC:8899	ENSG00000213290
HGNC:89	ENSG00000117054
HGNC:890	ENSG00000148090
HGNC:8903	ENSG00000130313
HGNC:8904	ENSG00000008438
HGNC:8905	ENSG00000079739
HGNC:8906	ENSG00000169299
HGNC:8907	ENSG00000013375
HGNC:8908	ENSG00000154330
HGNC:8909	ENSG00000184207
HGNC:891	ENSG00000115307
HGNC:8910	ENSG00000082175
HGNC:8912	ENSG00000167085
HGNC:8913	ENSG00000213091
HGNC:8914	ENSG00000254512
HGNC:8915	ENSG00000228121
HGNC:8916	ENSG00000230251
HGNC:8918	ENSG00000102174
HGNC:8919	ENSG00000112511
HGNC:8920	ENSG00000197724
HGNC:8921	ENSG00000118482
HGNC:8923	ENSG00000092621
HGNC:8925	ENSG00000067177
HGNC:8926	ENSG00000044446
HGNC:8927	ENSG00000102893
HGNC:8928	ENSG00000226262
HGNC:8929	ENSG00000258467
HGNC:8930	ENSG00000164776
HGNC:8931	ENSG00000156873
HGNC:8932	ENSG00000236919
HGNC:8933	ENSG00000139289
HGNC:8934	ENSG00000174307
HGNC:8939	ENSG00000116793
HGNC:894	ENSG00000101200
HGNC:8940	ENSG00000107537
HGNC:8941	ENSG00000197249
HGNC:8942	ENSG00000242550
HGNC:8943	ENSG00000163536
HGNC:8944	ENSG00000197641
HGNC:8945	ENSG00000114204
HGNC:8946	ENSG00000137558
HGNC:8947	ENSG00000124102
HGNC:8948	ENSG00000100665
HGNC:8949	ENSG00000206075
HGNC:895	ENSG00000166148
HGNC:8950	ENSG00000124570
HGNC:8951	ENSG00000135919
HGNC:8952	ENSG00000166401
HGNC:8953	ENSG00000217707
HGNC:8955	ENSG00000170542
HGNC:8956	ENSG00000185133
HGNC:8957	ENSG00000165195
HGNC:8958	ENSG00000257803
HGNC:8959	ENSG00000069943
HGNC:896	ENSG00000198049
HGNC:8960	ENSG00000135845
HGNC:8961	ENSG00000213713
HGNC:8962	ENSG00000151665
HGNC:8963	ENSG00000253869
HGNC:8964	ENSG00000100564
HGNC:8965	ENSG00000142892
HGNC:8966	ENSG00000108474
HGNC:8967	ENSG00000197563
HGNC:8968	ENSG00000162896
HGNC:897	ENSG00000126895
HGNC:8971	ENSG00000011405
HGNC:8972	ENSG00000133056
HGNC:8973	ENSG00000139144
HGNC:8974	ENSG00000078142
HGNC:8975	ENSG00000121879
HGNC:8976	ENSG00000051382
HGNC:8977	ENSG00000171608
HGNC:8978	ENSG00000105851
HGNC:8979	ENSG00000145675
HGNC:8980	ENSG00000105647
HGNC:8981	ENSG00000117461
HGNC:8982	ENSG00000196455
HGNC:8983	ENSG00000241973
HGNC:8984	ENSG00000143393
HGNC:8985	ENSG00000258597
HGNC:8986	ENSG00000137193
HGNC:8987	ENSG00000102096
HGNC:8988	ENSG00000127445
HGNC:8989	ENSG00000229359
HGNC:8992	ENSG00000102309
HGNC:8993	ENSG00000159763
HGNC:8994	ENSG00000143398
HGNC:8995	ENSG00000107242
HGNC:8996	ENSG00000186111
HGNC:8997	ENSG00000150867
HGNC:8998	ENSG00000276293
HGNC:8999	ENSG00000241878
HGNC:90	ENSG00000122971
HGNC:9001	ENSG00000174238
HGNC:9002	ENSG00000180957
HGNC:9003	ENSG00000110697
HGNC:9004	ENSG00000069011
HGNC:9005	ENSG00000164093
HGNC:9006	ENSG00000107859
HGNC:9007	ENSG00000125207
HGNC:9008	ENSG00000008710
HGNC:9009	ENSG00000118762
HGNC:9011	ENSG00000107593
HGNC:9012	ENSG00000078795
HGNC:9015	ENSG00000130943
HGNC:9016	ENSG00000170927
HGNC:9017	ENSG00000171033
HGNC:9018	ENSG00000135549
HGNC:9019	ENSG00000168734
HGNC:9020	ENSG00000143627
HGNC:9021	ENSG00000067225
HGNC:9022	ENSG00000160199
HGNC:9023	ENSG00000081277
HGNC:9024	ENSG00000057294
HGNC:9025	ENSG00000184363
HGNC:9026	ENSG00000144283
HGNC:9029	ENSG00000069764
HGNC:903	ENSG00000103126
HGNC:9030	ENSG00000170890
HGNC:9031	ENSG00000188257
HGNC:9032	ENSG00000187980
HGNC:9033	ENSG00000117215
HGNC:9035	ENSG00000116711
HGNC:9036	ENSG00000243708
HGNC:9037	ENSG00000105499
HGNC:9038	ENSG00000127472
HGNC:9039	ENSG00000184381
HGNC:904	ENSG00000168646
HGNC:9040	ENSG00000146070
HGNC:9042	ENSG00000153246
HGNC:9043	ENSG00000137055
HGNC:9044	ENSG00000170965
HGNC:9045	ENSG00000181690
HGNC:9046	ENSG00000118495
HGNC:9047	ENSG00000126003
HGNC:905	ENSG00000167601
HGNC:9051	ENSG00000104368
HGNC:9052	ENSG00000122861
HGNC:9053	ENSG00000011422
HGNC:9055	ENSG00000137841
HGNC:9056	ENSG00000149782
HGNC:9057	ENSG00000173457
HGNC:9059	ENSG00000101333
HGNC:9060	ENSG00000187091
HGNC:9061	ENSG00000161714
HGNC:9062	ENSG00000115556
HGNC:9063	ENSG00000115896
HGNC:9064	ENSG00000154822
HGNC:9065	ENSG00000124181
HGNC:9066	ENSG00000197943
HGNC:9067	ENSG00000075651
HGNC:9068	ENSG00000129219
HGNC:9069	ENSG00000178209
HGNC:9070	ENSG00000115956
HGNC:9071	ENSG00000122194
HGNC:9072	ENSG00000183281
HGNC:9073	ENSG00000125551
HGNC:9074	ENSG00000240935
HGNC:9075	ENSG00000167711
HGNC:9076	ENSG00000166819
HGNC:9077	ENSG00000166851
HGNC:9080	ENSG00000198523
HGNC:9081	ENSG00000083444
HGNC:9082	ENSG00000152952
HGNC:9083	ENSG00000106397
HGNC:9086	ENSG00000123560
HGNC:9087	ENSG00000102007
HGNC:9089	ENSG00000171566
HGNC:9090	ENSG00000120756
HGNC:9091	ENSG00000102024
HGNC:9092	ENSG00000188313
HGNC:9093	ENSG00000100979
HGNC:9099	ENSG00000114554
HGNC:91	ENSG00000196177
HGNC:910	ENSG00000160862
HGNC:9100	ENSG00000076356
HGNC:9101	ENSG00000130827
HGNC:9102	ENSG00000221866
HGNC:9103	ENSG00000164050
HGNC:9104	ENSG00000196576
HGNC:9105	ENSG00000198753
HGNC:9106	ENSG00000136040
HGNC:9107	ENSG00000004399
HGNC:9108	ENSG00000141682
HGNC:9109	ENSG00000183395
HGNC:911	ENSG00000214313
HGNC:9110	ENSG00000168967
HGNC:9111	ENSG00000169040
HGNC:9112	ENSG00000160783
HGNC:9113	ENSG00000140464
HGNC:9114	ENSG00000100417
HGNC:9115	ENSG00000140650
HGNC:9116	ENSG00000265038
HGNC:9117	ENSG00000147588
HGNC:9118	ENSG00000109099
HGNC:9119	ENSG00000105819
HGNC:912	ENSG00000214252
HGNC:9121	ENSG00000064933
HGNC:9122	ENSG00000122512
HGNC:9123	ENSG00000078319
HGNC:9124	ENSG00000273598
HGNC:9125	ENSG00000241350
HGNC:9126	ENSG00000146830
HGNC:9127	ENSG00000278416
HGNC:9128	ENSG00000127957
HGNC:9129	ENSG00000067601
HGNC:913	ENSG00000172232
HGNC:9130	ENSG00000123965
HGNC:9135	ENSG00000233448
HGNC:9137	ENSG00000123737
HGNC:9138	ENSG00000171824
HGNC:914	ENSG00000166710
HGNC:9141	ENSG00000163344
HGNC:9142	ENSG00000116132
HGNC:9143	ENSG00000109132
HGNC:9153	ENSG00000127838
HGNC:9154	ENSG00000039650
HGNC:9155	ENSG00000175535
HGNC:9156	ENSG00000187021
HGNC:9157	ENSG00000266200
HGNC:9158	ENSG00000176903
HGNC:9159	ENSG00000240694
HGNC:916	ENSG00000172318
HGNC:9160	ENSG00000141744
HGNC:9162	ENSG00000100941
HGNC:9163	ENSG00000168081
HGNC:9164	ENSG00000184702
HGNC:9165	ENSG00000108387
HGNC:917	ENSG00000162630
HGNC:9171	ENSG00000128567
HGNC:9173	ENSG00000101868
HGNC:9174	ENSG00000070501
HGNC:9175	ENSG00000062822
HGNC:9176	ENSG00000106628
HGNC:9177	ENSG00000177084
HGNC:9178	ENSG00000100479
HGNC:9179	ENSG00000140521
HGNC:918	ENSG00000169255
HGNC:9180	ENSG00000256525
HGNC:9181	ENSG00000170734
HGNC:9182	ENSG00000101751
HGNC:9183	ENSG00000122008
HGNC:9184	ENSG00000166169
HGNC:9185	ENSG00000122678
HGNC:9186	ENSG00000051341
HGNC:9187	ENSG00000181222
HGNC:9188	ENSG00000047315
HGNC:9189	ENSG00000102978
HGNC:919	ENSG00000235863
HGNC:9190	ENSG00000228600
HGNC:9191	ENSG00000144231
HGNC:9192	ENSG00000099817
HGNC:9193	ENSG00000100142
HGNC:9194	ENSG00000168002
HGNC:9195	ENSG00000163882
HGNC:9196	ENSG00000105258
HGNC:9197	ENSG00000005075
HGNC:9198	ENSG00000147669
HGNC:9199	ENSG00000177700
HGNC:92	ENSG00000072778
HGNC:920	ENSG00000183778
HGNC:9200	ENSG00000099821
HGNC:9201	ENSG00000115138
HGNC:9202	ENSG00000130714
HGNC:9203	ENSG00000146707
HGNC:9204	ENSG00000005421
HGNC:9205	ENSG00000105854
HGNC:9206	ENSG00000105852
HGNC:9207	ENSG00000155508
HGNC:9208	ENSG00000127948
HGNC:921	ENSG00000109956
HGNC:9210	ENSG00000064835
HGNC:9211	ENSG00000110777
HGNC:9212	ENSG00000143190
HGNC:9213	ENSG00000028277
HGNC:9214	ENSG00000185668
HGNC:9215	ENSG00000184486
HGNC:9216	ENSG00000198914
HGNC:9217	ENSG00000196767
HGNC:9218	ENSG00000152192
HGNC:9219	ENSG00000151615
HGNC:922	ENSG00000112309
HGNC:9220	ENSG00000091010
HGNC:9221	ENSG00000204531
HGNC:9222	ENSG00000235602
HGNC:9223	ENSG00000212993
HGNC:9224	ENSG00000184271
HGNC:9225	ENSG00000149150
HGNC:9226	ENSG00000180817
HGNC:9227	ENSG00000130810
HGNC:9228	ENSG00000067113
HGNC:9229	ENSG00000162407
HGNC:923	ENSG00000149541
HGNC:9230	ENSG00000141934
HGNC:9232	ENSG00000186951
HGNC:9234	ENSG00000125686
HGNC:9235	ENSG00000112033
HGNC:9236	ENSG00000132170
HGNC:9237	ENSG00000109819
HGNC:9238	ENSG00000128059
HGNC:9239	ENSG00000241293
HGNC:924	ENSG00000086062
HGNC:9240	ENSG00000163736
HGNC:9241	ENSG00000250550
HGNC:9243	ENSG00000086717
HGNC:9244	ENSG00000156194
HGNC:9245	ENSG00000131626
HGNC:9246	ENSG00000139220
HGNC:9247	ENSG00000177380
HGNC:9248	ENSG00000143847
HGNC:9249	ENSG00000110841
HGNC:925	ENSG00000117411
HGNC:9250	ENSG00000166387
HGNC:9251	ENSG00000064601
HGNC:9253	ENSG00000196262
HGNC:9254	ENSG00000215351
HGNC:9255	ENSG00000166794
HGNC:9256	ENSG00000168938
HGNC:9257	ENSG00000171497
HGNC:9258	ENSG00000084072
HGNC:9259	ENSG00000108179
HGNC:926	ENSG00000158850
HGNC:9260	ENSG00000137168
HGNC:9261	ENSG00000100023
HGNC:9262	ENSG00000240344
HGNC:9263	ENSG00000251495
HGNC:9264	ENSG00000224530
HGNC:9266	ENSG00000237882
HGNC:9267	ENSG00000264775
HGNC:9268	ENSG00000244196
HGNC:9269	ENSG00000213509
HGNC:927	ENSG00000121578
HGNC:9270	ENSG00000173810
HGNC:9271	ENSG00000225185
HGNC:9272	ENSG00000219797
HGNC:9273	ENSG00000118898
HGNC:9275	ENSG00000100614
HGNC:9276	ENSG00000138032
HGNC:9277	ENSG00000170836
HGNC:9278	ENSG00000115241
HGNC:9279	ENSG00000164951
HGNC:928	ENSG00000158470
HGNC:9280	ENSG00000143224
HGNC:9281	ENSG00000172531
HGNC:9282	ENSG00000213639
HGNC:9283	ENSG00000186298
HGNC:9284	ENSG00000204569
HGNC:9285	ENSG00000204619
HGNC:9286	ENSG00000135447
HGNC:9287	ENSG00000131771
HGNC:9288	ENSG00000184203
HGNC:9289	ENSG00000234515
HGNC:929	ENSG00000118276
HGNC:9290	ENSG00000234008
HGNC:9291	ENSG00000154415
HGNC:9293	ENSG00000119938
HGNC:9294	ENSG00000132825
HGNC:9295	ENSG00000115685
HGNC:9296	ENSG00000117751
HGNC:9297	ENSG00000224986
HGNC:9298	ENSG00000108819
HGNC:9299	ENSG00000113575
HGNC:93	ENSG00000075239
HGNC:930	ENSG00000027847
HGNC:9300	ENSG00000104695
HGNC:9302	ENSG00000105568
HGNC:9303	ENSG00000137713
HGNC:9304	ENSG00000221914
HGNC:9305	ENSG00000156475
HGNC:9306	ENSG00000074211
HGNC:9307	ENSG00000073711
HGNC:9308	ENSG00000119383
HGNC:9309	ENSG00000066027
HGNC:9310	ENSG00000068971
HGNC:9311	ENSG00000078304
HGNC:9312	ENSG00000112640
HGNC:9313	ENSG00000154001
HGNC:9314	ENSG00000138814
HGNC:9315	ENSG00000107758
HGNC:9316	ENSG00000120910
HGNC:9317	ENSG00000221823
HGNC:9318	ENSG00000188386
HGNC:9319	ENSG00000149923
HGNC:932	ENSG00000136881
HGNC:9320	ENSG00000154845
HGNC:9322	ENSG00000011485
HGNC:9323	ENSG00000119414
HGNC:9325	ENSG00000131238
HGNC:9326	ENSG00000221988
HGNC:9327	ENSG00000108849
HGNC:9328	ENSG00000265060
HGNC:9329	ENSG00000204174
HGNC:933	ENSG00000186318
HGNC:9330	ENSG00000102103
HGNC:9336	ENSG00000185686
HGNC:9337	ENSG00000251655
HGNC:9338	ENSG00000121335
HGNC:9339	ENSG00000197870
HGNC:934	ENSG00000182240
HGNC:9340	ENSG00000230657
HGNC:9341	ENSG00000198901
HGNC:9343	ENSG00000143294
HGNC:9344	ENSG00000137509
HGNC:9346	ENSG00000057657
HGNC:9347	ENSG00000116731
HGNC:9348	ENSG00000110851
HGNC:9349	ENSG00000138738
HGNC:935	ENSG00000156273
HGNC:9350	ENSG00000061455
HGNC:9351	ENSG00000126856
HGNC:9352	ENSG00000117450
HGNC:9353	ENSG00000167815
HGNC:9354	ENSG00000165672
HGNC:9355	ENSG00000126432
HGNC:9356	ENSG00000138073
HGNC:9357	ENSG00000188783
HGNC:9358	ENSG00000085377
HGNC:9359	ENSG00000170615
HGNC:936	ENSG00000002330
HGNC:9360	ENSG00000180644
HGNC:9361	ENSG00000122862
HGNC:9362	ENSG00000186652
HGNC:9363	ENSG00000156575
HGNC:9364	ENSG00000116690
HGNC:9366	ENSG00000231887
HGNC:9367	ENSG00000134551
HGNC:9369	ENSG00000198056
HGNC:937	ENSG00000107262
HGNC:9370	ENSG00000146143
HGNC:9376	ENSG00000132356
HGNC:9377	ENSG00000162409
HGNC:9378	ENSG00000111725
HGNC:9379	ENSG00000131791
HGNC:938	ENSG00000112208
HGNC:9380	ENSG00000072062
HGNC:9381	ENSG00000142875
HGNC:9382	ENSG00000165059
HGNC:9385	ENSG00000181929
HGNC:9386	ENSG00000106617
HGNC:9387	ENSG00000115592
HGNC:9388	ENSG00000108946
HGNC:9389	ENSG00000233401
HGNC:939	ENSG00000151929
HGNC:9390	ENSG00000188191
HGNC:9391	ENSG00000114302
HGNC:9392	ENSG00000005249
HGNC:9393	ENSG00000154229
HGNC:9394	ENSG00000100151
HGNC:9395	ENSG00000166501
HGNC:9397	ENSG00000101040
HGNC:9398	ENSG00000205927
HGNC:9399	ENSG00000163932
HGNC:94	ENSG00000120437
HGNC:940	ENSG00000156735
HGNC:9400	ENSG00000170955
HGNC:9401	ENSG00000171132
HGNC:9402	ENSG00000126583
HGNC:9403	ENSG00000027075
HGNC:9404	ENSG00000163558
HGNC:9405	ENSG00000123143
HGNC:9406	ENSG00000065243
HGNC:9407	ENSG00000184304
HGNC:9408	ENSG00000115825
HGNC:941	ENSG00000166170
HGNC:9410	ENSG00000065675
HGNC:9411	ENSG00000130175
HGNC:9412	ENSG00000067606
HGNC:9413	ENSG00000253729
HGNC:9414	ENSG00000185532
HGNC:9416	ENSG00000138669
HGNC:943	ENSG00000181790
HGNC:9437	ENSG00000055332
HGNC:9438	ENSG00000180228
HGNC:9439	ENSG00000102580
HGNC:944	ENSG00000121753
HGNC:9440	ENSG00000137492
HGNC:9441	ENSG00000183943
HGNC:9442	ENSG00000259205
HGNC:9444	ENSG00000099725
HGNC:9445	ENSG00000172179
HGNC:9446	ENSG00000113494
HGNC:9447	ENSG00000175646
HGNC:9448	ENSG00000122304
HGNC:9449	ENSG00000171867
HGNC:945	ENSG00000135298
HGNC:9451	ENSG00000115718
HGNC:9452	ENSG00000101000
HGNC:9453	ENSG00000100033
HGNC:9454	ENSG00000007062
HGNC:9455	ENSG00000175325
HGNC:9456	ENSG00000184500
HGNC:9457	ENSG00000147471
HGNC:9458	ENSG00000189002
HGNC:9459	ENSG00000117707
HGNC:946	ENSG00000151276
HGNC:9460	ENSG00000126231
HGNC:9461	ENSG00000135406
HGNC:9462	ENSG00000147224
HGNC:9463	ENSG00000229937
HGNC:9464	ENSG00000232630
HGNC:9465	ENSG00000101911
HGNC:9466	ENSG00000161542
HGNC:9467	ENSG00000141127
HGNC:9469	ENSG00000130962
HGNC:947	ENSG00000175866
HGNC:9470	ENSG00000126460
HGNC:9472	ENSG00000100600
HGNC:9475	ENSG00000204983
HGNC:9476	ENSG00000166033
HGNC:9477	ENSG00000164099
HGNC:9479	ENSG00000196365
HGNC:948	ENSG00000007516
HGNC:9480	ENSG00000112812
HGNC:9483	ENSG00000275896
HGNC:9485	ENSG00000007038
HGNC:9486	ENSG00000010438
HGNC:949	ENSG00000030110
HGNC:9490	ENSG00000154646
HGNC:9491	ENSG00000052344
HGNC:9495	ENSG00000196415
HGNC:9498	ENSG00000197746
HGNC:95	ENSG00000169359
HGNC:950	ENSG00000163930
HGNC:9500	ENSG00000167653
HGNC:9501	ENSG00000108669
HGNC:9502	ENSG00000105443
HGNC:9504	ENSG00000008256
HGNC:9505	ENSG00000100055
HGNC:9506	ENSG00000115165
HGNC:9507	ENSG00000059915
HGNC:9508	ENSG00000080815
HGNC:9509	ENSG00000143801
HGNC:951	ENSG00000109705
HGNC:9514	ENSG00000231924
HGNC:9515	ENSG00000248257
HGNC:9516	ENSG00000243130
HGNC:9519	ENSG00000242221
HGNC:952	ENSG00000138376
HGNC:9520	ENSG00000221826
HGNC:9521	ENSG00000243137
HGNC:9522	ENSG00000204941
HGNC:9523	ENSG00000170848
HGNC:9524	ENSG00000221878
HGNC:9525	ENSG00000124467
HGNC:9526	ENSG00000183668
HGNC:9527	ENSG00000164985
HGNC:9529	ENSG00000159792
HGNC:953	ENSG00000125492
HGNC:9530	ENSG00000129084
HGNC:9531	ENSG00000106588
HGNC:9532	ENSG00000100567
HGNC:9533	ENSG00000041357
HGNC:9534	ENSG00000143106
HGNC:9535	ENSG00000100902
HGNC:9536	ENSG00000101182
HGNC:9537	ENSG00000008018
HGNC:9538	ENSG00000205220
HGNC:9539	ENSG00000126067
HGNC:954	ENSG00000143032
HGNC:9540	ENSG00000277791
HGNC:9541	ENSG00000159377
HGNC:9542	ENSG00000100804
HGNC:9543	ENSG00000142507
HGNC:9544	ENSG00000136930
HGNC:9545	ENSG00000204264
HGNC:9546	ENSG00000240065
HGNC:9547	ENSG00000100764
HGNC:9548	ENSG00000161057
HGNC:9549	ENSG00000165916
HGNC:955	ENSG00000131668
HGNC:9550	ENSG00000236680
HGNC:9551	ENSG00000013275
HGNC:9552	ENSG00000087191
HGNC:9553	ENSG00000100519
HGNC:9554	ENSG00000173692
HGNC:9555	ENSG00000101843
HGNC:9556	ENSG00000108671
HGNC:9557	ENSG00000197170
HGNC:9558	ENSG00000185627
HGNC:9559	ENSG00000175166
HGNC:956	ENSG00000043039
HGNC:9560	ENSG00000108344
HGNC:9561	ENSG00000159352
HGNC:9562	ENSG00000223741
HGNC:9563	ENSG00000095261
HGNC:9564	ENSG00000163636
HGNC:9565	ENSG00000103035
HGNC:9566	ENSG00000099341
HGNC:9567	ENSG00000110801
HGNC:9568	ENSG00000092010
HGNC:9569	ENSG00000100911
HGNC:957	ENSG00000176788
HGNC:9570	ENSG00000131467
HGNC:9571	ENSG00000125818
HGNC:9577	ENSG00000146733
HGNC:9578	ENSG00000226278
HGNC:9579	ENSG00000125650
HGNC:958	ENSG00000156127
HGNC:9580	ENSG00000140368
HGNC:9581	ENSG00000152229
HGNC:9582	ENSG00000169403
HGNC:9583	ENSG00000011304
HGNC:9584	ENSG00000257138
HGNC:9585	ENSG00000185920
HGNC:9586	ENSG00000117425
HGNC:9587	ENSG00000156471
HGNC:9588	ENSG00000171862
HGNC:9589	ENSG00000237984
HGNC:959	ENSG00000087088
HGNC:9590	ENSG00000165983
HGNC:9591	ENSG00000168229
HGNC:9592	ENSG00000107317
HGNC:9593	ENSG00000160951
HGNC:9594	ENSG00000125384
HGNC:9595	ENSG00000050628
HGNC:9596	ENSG00000171522
HGNC:9598	ENSG00000184523
HGNC:9599	ENSG00000148344
HGNC:960	ENSG00000198604
HGNC:9600	ENSG00000122420
HGNC:9601	ENSG00000134247
HGNC:9602	ENSG00000160013
HGNC:9603	ENSG00000124212
HGNC:9604	ENSG00000095303
HGNC:9605	ENSG00000073756
HGNC:9606	ENSG00000152266
HGNC:9607	ENSG00000087494
HGNC:9608	ENSG00000160801
HGNC:9609	ENSG00000144407
HGNC:961	ENSG00000009954
HGNC:9611	ENSG00000169398
HGNC:9612	ENSG00000120899
HGNC:9617	ENSG00000101213
HGNC:9618	ENSG00000112655
HGNC:962	ENSG00000076108
HGNC:9620	ENSG00000151239
HGNC:9621	ENSG00000247596
HGNC:9623	ENSG00000187514
HGNC:9624	ENSG00000228415
HGNC:9625	ENSG00000197744
HGNC:9626	ENSG00000218902
HGNC:9627	ENSG00000231503
HGNC:9628	ENSG00000214182
HGNC:9629	ENSG00000159335
HGNC:963	ENSG00000123636
HGNC:9630	ENSG00000105894
HGNC:9632	ENSG00000104960
HGNC:9634	ENSG00000112245
HGNC:9635	ENSG00000184007
HGNC:9636	ENSG00000184489
HGNC:9637	ENSG00000267185
HGNC:9638	ENSG00000254481
HGNC:9639	ENSG00000165996
HGNC:964	ENSG00000129151
HGNC:9640	ENSG00000206527
HGNC:9642	ENSG00000196396
HGNC:9644	ENSG00000179295
HGNC:9645	ENSG00000127947
HGNC:9646	ENSG00000163629
HGNC:9647	ENSG00000152104
HGNC:9649	ENSG00000072135
HGNC:9650	ENSG00000175354
HGNC:9651	ENSG00000070778
HGNC:9652	ENSG00000134242
HGNC:9653	ENSG00000228196
HGNC:9654	ENSG00000224117
HGNC:9655	ENSG00000070159
HGNC:9656	ENSG00000088179
HGNC:9657	ENSG00000110786
HGNC:9658	ENSG00000111679
HGNC:9659	ENSG00000143851
HGNC:966	ENSG00000174483
HGNC:9661	ENSG00000169410
HGNC:9662	ENSG00000198053
HGNC:9663	ENSG00000225774
HGNC:9664	ENSG00000132670
HGNC:9665	ENSG00000127329
HGNC:9666	ENSG00000081237
HGNC:9667	ENSG00000213402
HGNC:9668	ENSG00000153707
HGNC:9669	ENSG00000132334
HGNC:967	ENSG00000125124
HGNC:9670	ENSG00000142949
HGNC:9671	ENSG00000144724
HGNC:9672	ENSG00000080031
HGNC:9673	ENSG00000149177
HGNC:9674	ENSG00000152894
HGNC:9675	ENSG00000173482
HGNC:9676	ENSG00000054356
HGNC:9677	ENSG00000155093
HGNC:9678	ENSG00000151490
HGNC:9679	ENSG00000139304
HGNC:9680	ENSG00000153233
HGNC:9681	ENSG00000105426
HGNC:9682	ENSG00000196090
HGNC:9683	ENSG00000060656
HGNC:9685	ENSG00000106278
HGNC:9688	ENSG00000177469
HGNC:9689	ENSG00000150787
HGNC:969	ENSG00000140463
HGNC:9690	ENSG00000164611
HGNC:9691	ENSG00000250254
HGNC:9692	ENSG00000163661
HGNC:970	ENSG00000163093
HGNC:9700	ENSG00000174498
HGNC:9701	ENSG00000185129
HGNC:9702	ENSG00000146676
HGNC:9704	ENSG00000100362
HGNC:9705	ENSG00000073008
HGNC:9706	ENSG00000110400
HGNC:9707	ENSG00000130202
HGNC:9709	ENSG00000249859
HGNC:971	ENSG00000050820
HGNC:9711	ENSG00000241945
HGNC:9713	ENSG00000162735
HGNC:9716	ENSG00000176894
HGNC:9717	ENSG00000164751
HGNC:9718	ENSG00000089159
HGNC:9719	ENSG00000139197
HGNC:9721	ENSG00000183010
HGNC:9722	ENSG00000059573
HGNC:9723	ENSG00000100994
HGNC:9725	ENSG00000100504
HGNC:9726	ENSG00000068976
HGNC:973	ENSG00000137936
HGNC:974	ENSG00000064787
HGNC:9748	ENSG00000131096
HGNC:9749	ENSG00000237575
HGNC:975	ENSG00000116752
HGNC:9750	ENSG00000126838
HGNC:9751	ENSG00000172053
HGNC:9752	ENSG00000151552
HGNC:9753	ENSG00000115828
HGNC:9755	ENSG00000103485
HGNC:9756	ENSG00000116260
HGNC:9757	ENSG00000048991
HGNC:9758	ENSG00000138069
HGNC:9759	ENSG00000084733
HGNC:976	ENSG00000060982
HGNC:9760	ENSG00000103769
HGNC:9761	ENSG00000185236
HGNC:9762	ENSG00000143545
HGNC:9763	ENSG00000104388
HGNC:9764	ENSG00000124209
HGNC:9765	ENSG00000169228
HGNC:9766	ENSG00000069974
HGNC:9767	ENSG00000041353
HGNC:9768	ENSG00000157869
HGNC:9769	ENSG00000237441
HGNC:977	ENSG00000105552
HGNC:9770	ENSG00000137502
HGNC:9771	ENSG00000168461
HGNC:9772	ENSG00000118508
HGNC:9773	ENSG00000134594
HGNC:9774	ENSG00000111737
HGNC:9775	ENSG00000100228
HGNC:9776	ENSG00000123892
HGNC:9777	ENSG00000105649
HGNC:9778	ENSG00000169213
HGNC:9779	ENSG00000105514
HGNC:978	ENSG00000107949
HGNC:9780	ENSG00000167994
HGNC:9781	ENSG00000168118
HGNC:9782	ENSG00000167578
HGNC:9783	ENSG00000144566
HGNC:9784	ENSG00000111540
HGNC:9785	ENSG00000108774
HGNC:9786	ENSG00000175582
HGNC:9787	ENSG00000112984
HGNC:9788	ENSG00000075785
HGNC:9789	ENSG00000117280
HGNC:9792	ENSG00000123595
HGNC:9793	ENSG00000232159
HGNC:9794	ENSG00000105404
HGNC:9795	ENSG00000100949
HGNC:9796	ENSG00000137955
HGNC:9797	ENSG00000183155
HGNC:9799	ENSG00000144134
HGNC:9800	ENSG00000079974
HGNC:9801	ENSG00000136238
HGNC:9802	ENSG00000128340
HGNC:9803	ENSG00000169750
HGNC:9804	ENSG00000161800
HGNC:9806	ENSG00000113456
HGNC:9807	ENSG00000152942
HGNC:9808	ENSG00000232400
HGNC:9809	ENSG00000223724
HGNC:9811	ENSG00000164754
HGNC:9812	ENSG00000179262
HGNC:9813	ENSG00000119318
HGNC:9814	ENSG00000226298
HGNC:9816	ENSG00000113522
HGNC:9817	ENSG00000051180
HGNC:9820	ENSG00000108384
HGNC:9822	ENSG00000182185
HGNC:9823	ENSG00000185379
HGNC:9824	ENSG00000002016
HGNC:9826	ENSG00000085999
HGNC:9827	ENSG00000172613
HGNC:9828	ENSG00000101146
HGNC:9829	ENSG00000132155
HGNC:983	ENSG00000114200
HGNC:9830	ENSG00000250040
HGNC:9831	ENSG00000166349
HGNC:9832	ENSG00000175097
HGNC:9833	ENSG00000080823
HGNC:9834	ENSG00000108557
HGNC:9835	ENSG00000131831
HGNC:9836	ENSG00000013588
HGNC:9839	ENSG00000006451
HGNC:9840	ENSG00000144118
HGNC:9841	ENSG00000017797
HGNC:9842	ENSG00000160271
HGNC:9843	ENSG00000132329
HGNC:9844	ENSG00000131477
HGNC:9845	ENSG00000122679
HGNC:9846	ENSG00000132341
HGNC:9847	ENSG00000099901
HGNC:9848	ENSG00000153201
HGNC:9849	ENSG00000169629
HGNC:9850	ENSG00000031823
HGNC:9851	ENSG00000137040
HGNC:9852	ENSG00000205339
HGNC:9853	ENSG00000133704
HGNC:9854	ENSG00000100401
HGNC:9855	ENSG00000116473
HGNC:9856	ENSG00000258769
HGNC:9857	ENSG00000127314
HGNC:9858	ENSG00000076864
HGNC:9859	ENSG00000138698
HGNC:986	ENSG00000248098
HGNC:9861	ENSG00000125249
HGNC:9862	ENSG00000181467
HGNC:9863	ENSG00000165917
HGNC:9864	ENSG00000131759
HGNC:9865	ENSG00000077092
HGNC:9866	ENSG00000172819
HGNC:9867	ENSG00000118849
HGNC:9868	ENSG00000106538
HGNC:9869	ENSG00000133321
HGNC:987	ENSG00000083123
HGNC:9870	ENSG00000113643
HGNC:9871	ENSG00000145715
HGNC:9872	ENSG00000155903
HGNC:9873	ENSG00000111344
HGNC:9874	ENSG00000075391
HGNC:9875	ENSG00000058335
HGNC:9876	ENSG00000113319
HGNC:9878	ENSG00000172575
HGNC:9879	ENSG00000068831
HGNC:9882	ENSG00000068028
HGNC:9883	ENSG00000101265
HGNC:9884	ENSG00000139687
HGNC:9885	ENSG00000032219
HGNC:9886	ENSG00000073614
HGNC:9887	ENSG00000162521
HGNC:9888	ENSG00000117222
HGNC:9889	ENSG00000122257
HGNC:989	ENSG00000142867
HGNC:9890	ENSG00000102054
HGNC:9891	ENSG00000101773
HGNC:9892	ENSG00000089050
HGNC:9893	ENSG00000080839
HGNC:9894	ENSG00000103479
HGNC:9896	ENSG00000182872
HGNC:9897	ENSG00000185272
HGNC:9898	ENSG00000244462
HGNC:99	ENSG00000108684
HGNC:990	ENSG00000171791
HGNC:9900	ENSG00000102317
HGNC:9901	ENSG00000173933
HGNC:9902	ENSG00000003756
HGNC:9903	ENSG00000004534
HGNC:9904	ENSG00000076053
HGNC:9905	ENSG00000265241
HGNC:9906	ENSG00000100320
HGNC:9907	ENSG00000153250
HGNC:9908	ENSG00000225422
HGNC:9909	ENSG00000076067
HGNC:991	ENSG00000140379
HGNC:9910	ENSG00000147274
HGNC:9911	ENSG00000216835
HGNC:9912	ENSG00000234414
HGNC:9916	ENSG00000169811
HGNC:9917	ENSG00000226092
HGNC:9918	ENSG00000224657
HGNC:9919	ENSG00000114115
HGNC:992	ENSG00000171552
HGNC:9920	ENSG00000114113
HGNC:9921	ENSG00000265203
HGNC:9922	ENSG00000138207
HGNC:9923	ENSG00000234159
HGNC:9928	ENSG00000100387
HGNC:993	ENSG00000137875
HGNC:9934	ENSG00000049449
HGNC:9935	ENSG00000117906
HGNC:9936	ENSG00000102076
HGNC:9937	ENSG00000109047
HGNC:994	ENSG00000153094
HGNC:9940	ENSG00000135437
HGNC:9942	ENSG00000112619
HGNC:9944	ENSG00000137710
HGNC:9945	ENSG00000255387
HGNC:9946	ENSG00000223391
HGNC:9948	ENSG00000004700
HGNC:9949	ENSG00000160957
HGNC:995	ENSG00000129473
HGNC:9950	ENSG00000108469
HGNC:9951	ENSG00000115386
HGNC:9952	ENSG00000172023
HGNC:9953	ENSG00000204787
HGNC:9954	ENSG00000162924
HGNC:9955	ENSG00000173039
HGNC:9956	ENSG00000104856
HGNC:9957	ENSG00000189056
HGNC:9958	ENSG00000143839
HGNC:9959	ENSG00000102032
HGNC:996	ENSG00000175730
HGNC:9962	ENSG00000005007
HGNC:9963	ENSG00000169891
HGNC:9964	ENSG00000133884
HGNC:9965	ENSG00000142599
HGNC:9966	ENSG00000084093
HGNC:9967	ENSG00000165731
HGNC:9968	ENSG00000009413
HGNC:9969	ENSG00000035928
HGNC:997	ENSG00000236616
HGNC:9970	ENSG00000049541
HGNC:9971	ENSG00000133119
HGNC:9972	ENSG00000163918
HGNC:9973	ENSG00000111445
HGNC:9974	ENSG00000169733
HGNC:9975	ENSG00000204713
HGNC:9976	ENSG00000204977
HGNC:9977	ENSG00000128250
HGNC:9978	ENSG00000225465
HGNC:9979	ENSG00000128253
HGNC:998	ENSG00000069399
HGNC:9980	ENSG00000128276
HGNC:9981	ENSG00000205853
HGNC:9982	ENSG00000132005
HGNC:9983	ENSG00000087903
HGNC:9984	ENSG00000080298
HGNC:9985	ENSG00000111783
HGNC:9986	ENSG00000143390
HGNC:9987	ENSG00000064490
HGNC:9988	ENSG00000133111
HGNC:9989	ENSG00000130988
HGNC:9990	ENSG00000148604
HGNC:9991	ENSG00000090104
HGNC:9992	ENSG00000148908
HGNC:9993	ENSG00000076344
HGNC:9994	ENSG00000159788
HGNC:9995	ENSG00000127074
HGNC:9996	ENSG00000169220
HGNC:9997	ENSG00000143333
HGNC:9998	ENSG00000116741
HGNC:9999	ENSG00000138835
